ACQtime 7 1 100000000 0 1 2 1 256 1 64
1 241 
0 
at 1 1 14 14 14 2 1 8203 1 64
1 20 
0 
C13dmf 7 1 32767 0 0 2 1 0 1 64
1 15873 
0 
C13dpwr 1 1 9 9 9 2 1 8192 1 64
1 31 
0 
C13pw90 6 1 13 13 13 2 1 8192 1 64
1 15 
0 
C13pwx 6 1 13 13 13 2 1 8192 1 64
1 15 
0 
C13pwxlvl 1 1 9 9 9 2 1 8192 1 64
1 51 
0 
C13tpwr 1 1 17 17 17 2 1 8192 1 64
1 51 
0 
caliblist 2 2 8 0 0 2 1 256 1 64
1 ""
0 
calibnode 2 2 8 0 0 2 1 256 1 64
1 ""
0 
CalibrationResults 2 2 8 0 0 4 1 256 1 64
1 ""
0 
CALmethod 2 2 8 0 0 2 1 0 1 64
1 "newcal"
0 
d1 3 1 14 14 14 2 1 8194 1 64
1 40 
0 
execplot 2 2 8 0 0 2 1 0 1 64
1 "H1_Lshp_spinning_plot"
0 
execprocess 2 2 8 0 0 2 1 0 1 64
1 "H1_Lshp_spinning_process('activestudy')"
0 
F19dmf 7 1 32767 0 0 2 1 0 1 64
1 200 
0 
F19dpwr 1 1 9 9 9 2 1 8192 1 64
1 30 
0 
F19pw90 6 1 13 13 13 2 1 8192 1 64
1 10 
0 
F19pwx 6 1 13 13 13 2 1 8192 1 64
1 10 
0 
F19pwxlvl 1 1 9 9 9 2 1 8192 1 64
1 51 
0 
F19tpwr 1 1 17 17 17 2 1 8192 1 64
1 51 
0 
fn 7 1 524288 64 -2 3 1 1 1 64
1 32768 
0 
gain 1 1 60 0 2 2 1 0 1 64
1 34 
0 
H1dmf 7 1 32767 0 0 2 1 0 1 64
1 8000 
0 
H1dpwr 1 1 9 9 9 2 1 8192 1 64
1 200
0 
H1pp 6 1 13 13 13 2 1 8192 1 64
1 15 
0 
H1pplvl 1 1 9 9 9 2 1 8192 1 64
1 51 
0 
H1pw90 6 1 13 13 13 2 1 8192 1 64
1 15 
0 
H1tpwr 1 1 17 17 17 2 1 8192 1 64
1 51 
0 
j1xh 5 1 1000000000 -1000000000 0 2 1 0 1 64
1 140 
0 
LKtpwr 1 1 17 17 17 2 1 8192 1 64
1 0 
0 
method 2 2 6 0 0 2 1 3 1 64
1 "fidzspin"
0 
N15dmf 7 1 32767 0 0 2 1 0 1 64
1 200 
0 
N15dpwr 1 1 9 9 9 2 1 8192 1 64
1 30 
0 
N15pw90 6 1 13 13 13 2 1 8192 1 64
1 22 
0 
N15pwx 6 1 13 13 13 2 1 8192 1 64
1 22 
0 
N15pwxlvl 1 1 9 9 9 2 1 8192 1 64
1 50 
0 
N15tpwr 1 1 17 17 17 2 1 8192 1 64
1 50 
0 
np 7 1 524288 32 2 2 1 11 1 64
1 50000 
0 
nt 7 1 1000000000 1 1 2 1 2 1 64
1 4 
0 
obsSW 2 2 8 0 0 2 1 1 1 64
1 "setsw(9.5,7)"
0 
P31dmf 7 1 32767 0 0 2 1 0 1 64
1 200 
0 
P31dpwr 1 1 9 9 9 2 1 8192 1 64
1 30 
0 
P31pw90 6 1 13 13 13 2 1 8192 1 64
1 10 
0 
P31pwx 6 1 13 13 13 2 1 8192 1 64
1 10 
0 
P31pwxlvl 1 1 9 9 9 2 1 8192 1 64
1 51 
0 
P31tpwr 1 1 17 17 17 2 1 8192 1 64
1 51 
0 
profileflg 4 2 4 0 0 2 1 0 1 64
1 "n"
0 
prtmod 4 2 4 0 0 2 1 0 1 64
1 "y"
0 
pw 6 1 13 13 13 2 1 8194 1 64
1 8.6 
0 
Qcal_probestyle 2 2 8 0 0 2 1 0 1 64
1 "OPstyle"
0 
stackmode 2 2 8 0 0 4 1 0 1 64
1 "horizontal"
0 
sw 1 1 5 5 5 2 1 8203 1 64
1 1250 
0 
time_saved 2 2 8 0 0 4 1 0 1 64
1 "20130814T211951"
0 
tof 5 1 7 7 7 2 1 8202 1 64
1 1639.02112538 
0 
wshim 4 2 4 0 0 2 1 1 1 64
1 "s"
15 "e" "f" "g" "n" "s" "0" "1" "2" "3" "4" "5" "6" "7" "8" "9" 
xyshimflg 4 2 4 0 0 2 1 0 1 64
1 "n"
0 
Gmap 2 2 8 0 0 2 1 1 1 64
1 "lk"
0 
Gmapname 2 2 8 0 0 2 1 1 1 64
1 ""
0 
REQexp 2 2 8 0 0 4 1 256 1 64
1 ""
0 
