ACQtime 7 1 100000000 0 1 2 1 256 1 64
1 41 
0 
at 1 1 14 14 14 2 1 8203 1 64
1 20 
0 
d1 3 1 14 14 14 2 1 8194 1 64
1 20 
0 
gain 1 1 60 0 2 2 1 0 1 64
1 34 
0 
np 7 1 524288 32 2 2 1 11 1 64
1 40000 
0 
nt 7 1 1000000000 1 1 2 1 2 1 64
1 1 
0 
pw 6 1 13 13 13 2 1 8194 1 64
1 8.9 
0 
spin 1 1 39 0 1 2 1 0 1 64
1 0 
0 
sw 1 1 5 5 5 2 1 8203 1 64
1 1000 
0 
time_saved 2 2 8 0 0 4 1 0 1 64
1 "20130508T102454"
0 
tof 5 1 7 7 7 2 1 8202 1 64
1 1311.72943434 
0 
obsSW 2 2 8 0 0 2 1 1 1 64
1 "setsw(9.5,7)"
0 
fn 7 1 524288 64 -2 3 1 1 1 64
1 32768 
0 
REQexp 2 2 8 0 0 4 1 256 1 64
1 ""
0 
