ACQtime 7 1 100000000 0 1 2 1 256 1 64
1 3 
0 
aig 2 2 2 0 0 4 1 1 1 64
1 "nm"
2 "nm" "ai" 
at 1 1 14 14 14 2 1 8203 1 64
1 1.3 
0 
C13dmf 7 1 32767 0 0 2 1 0 1 64
1 15873 
0 
C13dpwr 1 1 9 9 9 2 1 8192 1 64
1 31 
0 
C13pw90 6 1 13 13 13 2 1 8192 1 64
1 15 
0 
C13pwx 6 1 13 13 13 2 1 8192 1 64
1 15 
0 
C13pwxlvl 1 1 9 9 9 2 1 8192 1 64
1 51 
0 
C13tpwr 1 1 17 17 17 2 1 8192 1 64
1 51 
0 
caliblist 2 2 8 0 0 2 1 256 1 64
1 ""
0 
calibnode 2 2 8 0 0 2 1 256 1 64
1 ""
0 
CalibrationResults 2 2 8 0 0 4 1 256 1 64
1 ""
0 
CALmethod 2 2 8 0 0 2 1 0 1 64
1 "newcal"
0 
d1 3 1 14 14 14 2 1 8194 1 64
1 0.8 
0 
dfrq 5 1 1000000000 -1000000000 0 2 1 8 1 64
1 100.5530639 
0 
dreffrq 1 1 9.99999984307e+17 -9.99999984307e+17 0 2 1 0 1 64
1 100.543535053 
0 
dss_wc 1 1 9.99999984307e+17 -9.99999984307e+17 0 4 1 0 1 64
1 232.589771491 
0 
dss_wc2 1 1 9.99999984307e+17 -9.99999984307e+17 0 4 1 0 1 64
1 135.272727273 
0 
F19dmf 7 1 32767 0 0 2 1 0 1 64
1 200 
0 
F19dpwr 1 1 9 9 9 2 1 8192 1 64
1 30 
0 
F19pw90 6 1 13 13 13 2 1 8192 1 64
1 10 
0 
F19pwx 6 1 13 13 13 2 1 8192 1 64
1 10 
0 
F19pwxlvl 1 1 9 9 9 2 1 8192 1 64
1 51 
0 
F19tpwr 1 1 17 17 17 2 1 8192 1 64
1 51 
0 
fn 7 1 524288 64 -2 3 1 1 1 64
1 32768 
0 
gain 1 1 60 0 2 2 1 0 1 64
1 44 
0 
H1dmf 7 1 32767 0 0 2 1 0 1 64
1 8000 
0 
H1dpwr 1 1 9 9 9 2 1 8192 1 64
1 40 
0 
H1pp 6 1 13 13 13 2 1 8192 1 64
1 15 
0 
H1pplvl 1 1 9 9 9 2 1 8192 1 64
1 51 
0 
H1pw90 6 1 13 13 13 2 1 8192 1 64
1 15 
0 
H1reffrq 1 1 9.99999984307e+17 -9.99999984307e+17 0 2 1 0 1 64
1 399.854663282 
0 
H1tpwr 1 1 17 17 17 2 1 8192 1 64
1 51 
0 
IParchivedir 2 2 8 0 0 4 1 0 1 64
1 "/home/vnmr1/vnmrsys/VeriPulse_data_archive"
0 
IPautoarchive 4 2 4 0 0 2 1 0 1 64
1 "y"
0 
IPcomment 2 2 8 0 0 2 1 0 1 64
1 "Test of new plot commands"
0 
IPcustomer 2 2 8 0 0 4 1 0 1 64
1 "sandra"
0 
IPdatadir 2 2 8 0 0 4 1 0 1 64
1 "/home/vnmr1/vnmrsys/data/"
0 
IPeformat 2 2 8 0 0 2 1 0 1 64
1 ""
0 
IPemailaddr 2 2 8 0 0 4 1 0 1 64
1 "veripulse@outlook.com"
0 
IPeOptions 2 2 8 0 0 4 1 0 1 64
5 "emailplot"
"emailreport"
"emailtestdone"
"emailtestfail"
"saveplot"
0 
IPfidname 2 2 8 0 0 4 1 0 1 64
1 ""
0 
IPoperator 2 2 8 0 0 4 1 0 1 64
1 "sg"
0 
IPprobe 2 2 8 0 0 4 1 0 1 64
1 ""
0 
IPprobesn 2 2 8 0 0 4 1 0 1 64
1 "abc123"
0 
IPreportpath 2 2 8 0 0 4 1 0 1 64
1 "/home/vnmr1/vnmrsys/data//Debbie_4tubes_5/Reports/2014_03_18_11_34_35_VeriPulse_report.pdf"
0 
IPresultsfile 2 2 8 0 0 4 1 0 1 64
1 ""
0 
IPsched 2 2 8 0 0 4 1 0 1 64
3 ""
"02"
"10"
0 
IPsched_day 2 2 8 0 0 4 1 0 1 64
1 "wed"
0 
IPso 2 2 8 0 0 4 1 0 1 64
1 ""
0 
IPsotmp 2 2 8 0 0 4 1 0 1 64
1 ""
0 
IPsysname 2 2 8 0 0 2 1 0 1 64
1 "silk400"
0 
IPsyssn 2 2 8 0 0 4 1 0 1 64
1 "abc"
0 
IPtestname 2 2 8 0 0 4 1 0 1 64
1 ""
0 
j1xh 5 1 1000000000 -1000000000 0 2 1 0 1 64
1 140 
0 
LKtpwr 1 1 17 17 17 2 1 8192 1 64
1 0 
0 
method 2 2 6 0 0 2 1 3 1 64
1 "autolineshape_fid_spin"
0 
N15dmf 7 1 32767 0 0 2 1 0 1 64
1 200 
0 
N15dpwr 1 1 9 9 9 2 1 8192 1 64
1 30 
0 
N15pw90 6 1 13 13 13 2 1 8192 1 64
1 22 
0 
N15pwx 6 1 13 13 13 2 1 8192 1 64
1 22 
0 
N15pwxlvl 1 1 9 9 9 2 1 8192 1 64
1 50 
0 
N15tpwr 1 1 17 17 17 2 1 8192 1 64
1 50 
0 
np 7 1 524288 32 2 2 1 11 1 64
1 2600 
0 
nt 7 1 1000000000 1 1 2 1 2 1 64
1 1 
0 
obsSW 2 2 8 0 0 2 1 1 1 64
1 "setsw(9.5,7)"
0 
P31dmf 7 1 32767 0 0 2 1 0 1 64
1 200 
0 
P31dpwr 1 1 9 9 9 2 1 8192 1 64
1 30 
0 
P31pw90 6 1 13 13 13 2 1 8192 1 64
1 10 
0 
P31pwx 6 1 13 13 13 2 1 8192 1 64
1 10 
0 
P31pwxlvl 1 1 9 9 9 2 1 8192 1 64
1 51 
0 
P31tpwr 1 1 17 17 17 2 1 8192 1 64
1 51 
0 
profileflg 4 2 4 0 0 2 1 0 1 64
1 "n"
0 
prtmod 4 2 4 0 0 2 1 0 1 64
1 "y"
0 
pw 6 1 13 13 13 2 1 8194 1 64
1 6.6 
0 
sc 1 1 1 1 1 4 1 8195 1 64
1 0 
0 
sc2 1 1 3 3 3 4 1 8195 1 64
1 9.86363636364 
0 
sfrq 1 1 1000000000 0 0 2 1 11 1 64
1 399.8579741 
0 
solvent 2 2 6 0 0 2 1 11 1 64
1 "acetone"
0 
spin 1 1 39 0 1 2 1 0 1 64
1 0 
0 
sreffrq 1 1 9.99999984307e+17 -9.99999984307e+17 0 2 1 0 1 64
1 399.854663282 
0 
stackmode 2 2 8 0 0 4 1 0 1 64
1 "horizontal"
0 
sw 1 1 5 5 5 2 1 8203 1 64
1 1000 
0 
time_saved 2 2 8 0 0 4 1 0 1 64
1 "20140318T161928"
0 
tof 5 1 7 7 7 2 1 8202 1 64
1 1311.51754596 
0 
tpwr 1 1 17 17 17 2 1 8194 1 64
1 23 
0 
vf 1 1 1000000000 0 0 4 1 3 1 64
1 77 
0 
wc 1 1 2 2 2 4 1 8203 1 64
1 232.589771491 
0 
wc2 1 1 4 4 4 4 1 8195 1 64
1 135.272727273 
0 
wf 1 1 8190 0 1e-07 4 1 3 1 64
1 1.3 
0 
xyshimflg 4 2 4 0 0 2 1 0 1 64
1 "n"
0 
REQexp 2 2 8 0 0 4 1 256 1 64
1 ""
0 
