/*                   1)            
t1 = 0 0 0 0 0 0 0 0 1 1 1 1 1 1 1 1 2 2 2 2 2 2 2 2 3 3 3 3 3 3 3 3  
t2 = 2 0 2 0 2 0 2 0 3 1 3 1 3 1 3 1 2 0 2 0 2 0 2 0 3 1 3 1 3 1 3 1
t3 = 0 0 0 0 0 0 0 0 1 1 1 1 1 1 1 1 2 2 2 2 2 2 2 2 3 3 3 3 3 3 3 3
t4 = 2 0 0 2 3 1 1 3 3 1 1 3 0 2 2 0 2 0 0 2 3 1 1 3 3 1 1 3 0 2 2 0
t5 = 0 0 2 2 1 1 3 3 1 1 3 3 2 2 0 0 0 0 2 2 1 1 3 3 1 1 3 3 2 2 0 0
t6 = 0 2 2 0 1 3 3 1 1 3 3 1 2 0 0 2 2 0 0 2 3 1 1 3 3 1 1 3 0 2 2 0 
                     2) --> 1-8,17-24,9-16,25-32
t1 = 0 0 0 0 0 0 0 0 2 2 2 2 2 2 2 2 1 1 1 1 1 1 1 1 3 3 3 3 3 3 3 3  
t2 = 2 0 2 0 2 0 2 0 2 0 2 0 2 0 2 0 3 1 3 1 3 1 3 1 3 1 3 1 3 1 3 1
t3 = 0 0 0 0 0 0 0 0 2 2 2 2 2 2 2 2 1 1 1 1 1 1 1 1 3 3 3 3 3 3 3 3
t4 = 2 0 0 2 3 1 1 3 2 0 0 2 3 1 1 3 3 1 1 3 0 2 2 0 3 1 1 3 0 2 2 0
t5 = 0 0 2 2 1 1 3 3 0 0 2 2 1 1 3 3 1 1 3 3 2 2 0 0 1 1 3 3 2 2 0 0
t6 = 0 2 2 0 1 3 3 1 2 0 0 2 3 1 1 3 1 3 3 1 2 0 0 2 3 1 1 3 0 2 2 0      
                     3) --> 1-4,9-12,17-20,25-28,5-8,13-16,21-24,29-32
t1 = 0 0 0 0 2 2 2 2 1 1 1 1 3 3 3 3 0 0 0 0 2 2 2 2 1 1 1 1 3 3 3 3
t2 = 2 0 2 0 2 0 2 0 3 1 3 1 3 1 3 1 2 0 2 0 2 0 2 0 3 1 3 1 3 1 3 1
t3 = 0 0 0 0 2 2 2 2 1 1 1 1 3 3 3 3 0 0 0 0 2 2 2 2 1 1 1 1 3 3 3 3
t4 = 2 0 0 2 2 0 0 2 3 1 1 3 3 1 1 3 3 1 1 3 3 1 1 3 0 2 2 0 0 2 2 0
t5 = 0 0 2 2 0 0 2 2 1 1 3 3 1 1 3 3 1 1 3 3 1 1 3 3 2 2 0 0 2 2 0 0
t6 = 0 2 2 0 2 0 0 2 1 3 3 1 3 1 1 3 1 3 3 1 3 1 1 3 2 0 0 2 0 2 2 0 
                     4) --> 1-2,5-6,9-10,13-14,17-18,21-22,25-26,29-30,
                            3-4,7-8,11-12,15-16,19-20,23-24,27-28,31-32
t1 = 0 0 2 2 1 1 3 3 0 0 2 2 1 1 3 3 0 0 2 2 1 1 3 3 0 0 2 2 1 1 3 3 
t2 = 2 0 2 0 3 1 3 1 2 0 2 0 3 1 3 1 2 0 2 0 3 1 3 1 2 0 2 0 3 1 3 1
t3 = 0 0 2 2 1 1 3 3 0 0 2 2 1 1 3 3 0 0 2 2 1 1 3 3 0 0 2 2 1 1 3 3 
t4 = 2 0 2 0 3 1 3 1 3 1 3 1 0 2 0 2 0 2 0 2 1 3 1 3 1 3 1 3 2 0 2 0
t5 = 0 0 0 0 1 1 1 1 1 1 1 1 2 2 2 2 2 2 2 2 3 3 3 3 3 3 3 3 0 0 0 0
t6 = 0 2 2 0 1 3 3 1 1 3 3 1 2 0 0 2 2 0 0 2 3 1 1 3 3 1 1 3 0 2 2 0
                     5) --> 3) --> 1-8,17-24,9-16,25-32
t1 = 0 0 0 0 2 2 2 2 0 0 0 0 2 2 2 2 1 1 1 1 3 3 3 3 1 1 1 1 3 3 3 3 
t2 = 2 0 2 0 2 0 2 0 2 0 2 0 2 0 2 0 3 1 3 1 3 1 3 1 3 1 3 1 3 1 3 1
t3 = 0 0 0 0 2 2 2 2 0 0 0 0 2 2 2 2 1 1 1 1 3 3 3 3 1 1 1 1 3 3 3 3 
t4 = 2 0 0 2 2 0 0 2 3 1 1 3 3 1 1 3 3 1 1 3 3 1 1 3 0 2 2 0 0 2 2 0
t5 = 0 0 2 2 0 0 2 2 1 1 3 3 1 1 3 3 1 1 3 3 1 1 3 3 2 2 0 0 2 2 0 0
t6 = 0 2 2 0 2 0 0 2 1 3 3 1 3 1 1 3 1 3 3 1 3 1 1 3 2 0 0 2 0 2 2 0     
                     6) --> 5) --> t4
t1 = 0 0 0 0 2 2 2 2 0 0 0 0 2 2 2 2 1 1 1 1 3 3 3 3 1 1 1 1 3 3 3 3
t2 = 2 0 2 0 2 0 2 0 2 0 2 0 2 0 2 0 3 1 3 1 3 1 3 1 3 1 3 1 3 1 3 1
t3 = 0 0 0 0 2 2 2 2 0 0 0 0 2 2 2 2 1 1 1 1 3 3 3 3 1 1 1 1 3 3 3 3
t4 = 2 0 0 2 
t5 = 0 0 2 2 0 0 2 2 1 1 3 3 1 1 3 3 1 1 3 3 1 1 3 3 2 2 0 0 2 2 0 0
t6 = 0 2 2 0 2 0 0 2 1 3 3 1 3 1 1 3 1 3 3 1 3 1 1 3 2 0 0 2 0 2 2 0
                     7) --> 5) --> t4
*/

t1 = 0 0 0 0 2 2 2 2 0 0 0 0 2 2 2 2 1 1 1 1 3 3 3 3 1 1 1 1 3 3 3 3
t2 = 2 0 2 0 2 0 2 0 2 0 2 0 2 0 2 0 3 1 3 1 3 1 3 1 3 1 3 1 3 1 3 1
t3 = 0 0 0 0 2 2 2 2 0 0 0 0 2 2 2 2 1 1 1 1 3 3 3 3 1 1 1 1 3 3 3 3
t4 = 2 0 2 0 0 2 0 2 3 1 3 1 1 3 1 3 3 1 3 1 1 3 1 3 0 2 0 2 2 0 2 0
t5 = 0 0 2 2 0 0 2 2 1 1 3 3 1 1 3 3 1 1 3 3 1 1 3 3 2 2 0 0 2 2 0 0
t6 = 0 2 2 0 2 0 0 2 1 3 3 1 3 1 1 3 1 3 3 1 3 1 1 3 2 0 0 2 0 2 2 0

