r1 1 1 1e+18 -1e+18 0 4 1 1 1 64
1 0 
0 
gfs1 1 1 1000 -1000 0.001 3 1 1 0 64
1 0 
0 
dg1 2 2 1023 0 0 4 1 6 1 64
1 "1:DISPLAY:sp:1,wp:1,vs:0;1:REFERENCE:rfl:1,rfp:1,cr:1,delta:1;1:PHASE:lp:1,rp:1,rp1(ni):1,lp1(ni):1;2:CHART:sc:0,wc:0,hzmm:2,vp:0,axis,pltmod,,th:0,,ho:2,vo:2,,trace:2;3(ni):2D:sp1:1,wp1:1,sc2:0,wc2:0,rfl1:1,rfp1:1;3:FLAGS:aig*,dcg*,dmg*;3:FID:sf:3,wf:3,vf:0;4:INTEGRAL:intmod,is:2,ins:3,io:0,,lvl:3,tlt:3;"
0 
bs 7 1 32767 0 1 2 1 0 1 64
1 32 
0 
aig 2 2 2 0 0 4 1 1 1 64
1 "ai"
2 "nm" "ai" 
PFGflg 4 2 4 0 0 2 1 0 1 64
1 "y"
0 
CSdnoise 4 2 4 0 0 3 1 0 1 64
1 "y"
0 
BP_SPARSEproc 2 2 8 0 0 3 1 0 1 64
1 "CLEAN"
0 
Archive1 2 2 8 0 0 2 1 0 1 64
1 ""
0 
ACQtime 7 1 100000000 0 1 2 1 256 1 64
1 8856.858948 
0 
Array 7 1 32767 0 0 2 1 0 1 64
1 0 
0 
Archive2 2 2 8 0 0 2 1 0 1 64
1 ""
0 
CS_se 4 2 4 0 0 3 1 0 1 64
1 "n"
0 
CS_dpars 4 2 4 0 0 3 1 0 1 64
1 "y"
0 
CS_cln 4 2 4 0 0 3 1 0 1 64
1 "y"
0 
CS_inf 4 2 4 0 0 3 1 0 1 64
1 "y"
0 
CSdensity 1 1 9.99999984307e+17 -9.99999984307e+17 0 2 1 0 1 64
1 100 
0 
Gmap 2 2 8 0 0 2 1 1 1 64
1 "lk"
0 
CSthr 1 1 100 1 0.1 3 1 0 1 64
1 1 
0 
CSlines 7 1 32767 0 0 2 1 0 1 64
1 4 
0 
CSsp 7 1 32767 0 0 3 1 0 1 64
1 0 
0 
CSwp 7 1 32767 0 0 3 1 0 1 64
1 0 
0 
EDratio 1 1 9.99999984307e+17 -9.99999984307e+17 0 2 1 0 1 64
1 1 
0 
H1reffrq 1 1 9.99999984307e+17 -9.99999984307e+17 0 2 1 0 1 64
1 499.836486149 
0 
Gmapname 2 2 8 0 0 2 1 1 1 64
1 ""
0 
Gzqfilt 4 2 4 0 0 2 1 0 1 64
1 "y"
0 
MinSW 2 2 8 0 0 3 1 0 1 64
1 "off"
4 "off" "auto" "manual" "skip" 
acqdim 7 1 32767 0 0 2 1 0 1 64
1 2 
0 
Qmult 1 1 9.99999984307e+17 -9.99999984307e+17 0 2 1 0 1 64
1 0.5 
0 
Qins 1 1 9.99999984307e+17 -9.99999984307e+17 0 2 1 0 1 64
1 80 
0 
Qgain 1 1 9.99999984307e+17 -9.99999984307e+17 0 2 1 0 1 64
1 30 
0 
Qinsref 1 1 9.99999984307e+17 -9.99999984307e+17 0 2 1 0 1 64
1 7.4912e-05 
0 
SPARSE 4 2 4 0 0 2 1 0 1 64
1 "n"
0 
REQexp 2 2 8 0 0 4 1 256 1 64
1 "wLOGSY_ES STD_ES water_ES"
0 
acqcycles 1 1 9.99999984307e+17 -9.99999984307e+17 0 2 1 0 1 64
1 400 
0 
adir2tmplt 2 2 8 0 0 2 1 0 1 64
1 ""
0 
actionid 2 2 8 0 0 4 1 0 1 64
1 "null"
0 
acqstatus 7 1 32767 0 0 2 1 0 1 64
1 0 
0 
adirtmplt 2 2 8 0 0 2 1 0 1 64
1 "$userdir$/data"
0 
archivedir 2 2 8 0 0 2 1 0 1 64
1 ""
0 
ap 2 2 1023 0 0 4 1 6 1 64
1 "1:SAMPLE:date,solvent,sample;1:ACQUISITION:sw:1,at:3,np:0,fb:0,ss(ss):0,d1:3,nt:0;1:2D ACQUISITION:sw1:1,ni,d2(d2):0;1:TRANSMITTER:tn,sfrq:3,tof:1,tpwr:0,pw:3;1:NOESY:mixN:3;1:PRESATURATION:satmode,wet;1:DECOUPLER:dn,dm;2:FLAGS:hs,sspul,PFGflg,hsglvl;2:SPECIAL:temp:1,gain:0,spin:0;2:F2 PROCESSING:lb(lb):2,sb(sb):3,sbs(sb):3,gf(gf):3,gfs(gf):3,awc(awc):3,lsfid(lsfid):0,phfid(phfid):1,proc(proc<>'ft'),fn;2:F1 PROCESSING:lb1(lb1):2,sb1(sb1):3,sbs1(sb1):3,gf1(gf1):3,gfs1(gf1):3,awc1(awc1):3,proc1(proc1<>'ft'),fn1:0;2:DISPLAY:sp:1,wp:1,sp1:1,wp1:1,rfl:1,rfp:1,rfl1:1,rfp1:1;2:PLOT:wc:1,sc:1,wc2:1,sc2:1,vs:0,th:0,aig*,dcg*,dmg*;"
0 
alock 2 2 8 0 0 2 1 0 1 64
1 "n"
5 "a" "n" "s" "u" "y" 
alfa 6 1 8190 0 0.4 2 1 2 1 64
1 5.6 
0 
alt_grd 4 2 4 0 0 2 1 0 1 64
1 "n"
0 
apptype 2 2 8 0 0 2 1 1 1 64
1 "homo2D"
0 
at 1 1 14 14 14 2 1 8203 1 64
1 0.1500096 
0 
arraydim 7 1 32768 1 1 2 1 5 1 64
1 400 
0 
array 2 2 256 0 0 2 1 1 1 64
1 "phase"
0 
arrayelemts 1 1 9.99999984307e+17 -9.99999984307e+17 0 2 1 0 1 64
1 2 
0 
awc1 1 1 1 -1 0.001 3 1 1 0 64
1 0 
0 
awc 1 1 1 -1 0.001 3 1 1 0 64
1 0 
0 
avwdir 2 2 8 0 0 3 1 0 1 64
1 ""
0 
axisf 4 2 4 0 0 4 1 0 1 64
1 "s"
4 "m" "n" "s" "u" 
axis 4 2 4 0 0 4 1 0 1 64
1 "pp"
11 "c" "d" "1" "2" "3" "h" "k" "m" "n" "p" "u" 
bipflg 2 2 8 0 0 2 1 8 1 64
1 "nn"
0 
cutoff 1 1 9.99999984307e+17 -9.99999984307e+17 0 4 1 0 0 64
1 200 
0 
cp 2 2 1 0 0 2 1 0 1 64
1 "y"
2 "y" "n" 
cf 7 1 32767 0 1 3 1 1 0 64
1 1 
0 
celem 1 1 9.99999984307e+17 -9.99999984307e+17 0 2 1 0 1 64
1 0 
0 
c13wet 4 2 4 0 0 2 1 0 1 64
1 "n"
0 
compshape 2 2 8 0 0 2 1 0 1 64
1 "hard"
0 
comment 2 2 8 0 0 3 1 0 1 64
1 ""
0 
composit 4 2 4 0 0 2 1 0 1 64
1 "n"
0 
console 2 2 8 0 0 2 1 0 1 64
1 ""
0 
concentration 1 1 9.99e+17 -9.99e+17 0 2 1 0 1 64
1 0 
0 
crf 1 1 9.99999984307e+17 -9.99999984307e+17 0 4 1 0 1 64
1 0 
0 
cr 1 1 1000000000 -1000000000 0 4 1 1 1 64
1 1924.99047852 
0 
cppauseflg 4 2 4 0 0 4 1 0 1 64
1 "n"
0 
cr1 1 1 1000000000 -1000000000 0 4 1 3 1 64
1 0 
0 
ct 7 1 1000000000 0 1 2 1 6 1 64
1 0 
0 
customflag 4 2 4 0 0 4 1 0 1 64
1 "n"
0 
dec2wave 2 2 8 0 0 2 1 0 1 64
1 "g"
0 
date 2 2 9 0 0 2 1 1 1 64
1 "March 8, 1993"
0 
d2 3 1 14 14 14 2 1 8194 1 64
1 0 
0 
d1 3 1 14 14 14 2 1 8194 1 64
1 1 
0 
dataid 2 2 8 0 0 2 1 0 1 64
1 ""
0 
dcrmv 4 2 9.99999984307e+17 -9.99999984307e+17 0 4 1 0 1 64
1 "n"
2 "y" "n" 
dcg 2 2 3 0 0 4 1 1 1 64
1 "cdc"
2 "dc" "cdc" 
dbwwet 1 1 9.99999984307e+17 -9.99999984307e+17 0 2 1 0 1 64
1 5000 
0 
ddrpm 2 2 8 0 0 2 1 0 1 64
1 "p"
0 
ddrtc 6 1 1000 0 0.4 2 1 0 1 64
1 38.8 
0 
deltaf 1 1 100 0 0 4 1 0 1 64
1 0 
0 
delta 1 1 5000000 0 0 4 1 1 1 64
1 2174.3815918 
0 
decwave 2 2 8 0 0 2 1 0 1 64
1 "g"
0 
dec3wave 2 2 8 0 0 2 1 0 1 64
1 "g"
0 
decwavewet 2 2 8 0 0 2 1 0 1 64
1 "w"
0 
delta1 1 1 5000000 0 0 4 1 3 1 64
1 0 
0 
dfrq2 1 1 1000000000 0 0 2 1 9 1 64
1 0 
0 
dfrq 5 1 1000000000 -1000000000 0 2 1 8 1 64
1 125.6958958 
0 
dg 2 2 1023 0 0 4 1 6 1 64
1 "1:ACQUISITION:seqfil,sw:1,at:3,np:0,ss(ss):0,d1:3,d2(d2):3,nt:0,ct:0;1:2D ACQUISITION:sw1:1,ni,phase;1:PRESATURATION:satmode,wet;1:Details in dgss:;2:TRANSMITTER:tn,sfrq:3,tof:1,tpwr:0,pw:3;2:DECOUPLER:dn,dm;2:NOESY:mixN:3;3:FLAGS:il(il<>'n'),dp(dp<>'y'),hs,sspul,PFGflg,hsglvl,hsgt:6;3:SAMPLE:date,solvent,sample;3:SPECIAL:temp:1,spin:0,gain:0;4:PROCESSING:cf(nf):0,lb(lb):2,sb(sb):3,sbs(sb):3,gf(gf):3,gfs(gf):3,awc(awc):3,proc(proc<>'ft'),fn:0,math(math<>'f');4:2D PROCESSING:lb1(lb1):2,sb1(sb1):3,sbs1(sb1):3,gf1(gf1):3,gfs1(gf1):3,awc1(awc1):3,proc1(proc1<>'ft'),fn1:0;"
0 
dfrq3 1 1 1000000000 0 0 2 1 9 1 64
1 0 
0 
dpwr 1 1 9 9 9 2 1 8194 1 64
1 43 
0 
dmg1 2 2 8 0 0 4 1 0 1 64
1 "ph1"
4 "" "av1" "ph1" "pwr1" 
dlp 7 1 10 10 10 2 1 8194 0 64
1 10 
0 
dgss 2 2 8 0 0 4 1 6 1 64
1 "1:WET:wet,wetshape,wetpwr,pwwet:3,composit,compshape,gzlvlw,gtw:6,gswet:6,dz:6;2:C13 WET:c13wet,dofwet:1,dpwrwet,dmfwet,decwavewet;4:PRESAT:satmode,satpwr,satdly:3,satfrq:1;"
0 
dglp 2 2 8 0 0 4 1 7 1 64
1 "1(lpfilt):LP:lpalg,lpopt,lpfilt:0,lpnupts:0,strtlp:0,lpext:0,strtext:0;2(lpfilt1):LP 1:lpalg1,lpopt1,lpfilt1:0,lpnupts1:0,strtlp1:0,lpext1:0,strtext1:0;3(lpfilt2):LP 2:lpalg2,lpopt2,lpfilt2:0,lpnupts2:0,strtlp2:0,lpext2:0,strtext2:0;4:LP OUTPUT:lpprint(lpfilt):0,lptrace(lpfilt):0,lpprint1(lpfilt1):0,lptrace1(lpfilt1):0,lpprint2(lpfilt2):0,lptrace2(lpfilt2):0;"
0 
dg2 2 2 8 0 0 4 1 4 1 64
6 "1:1st DECOUPLING:dfrq:3,dn,dpwr:0,dof:1,dm,dmm,dmf:0,dseq,dres:1,homo;"
"2(numrfch>2):2nd DECOUPLING:dfrq2:3,dn2,dpwr2:0,dof2:1,dm2,dmm2,dmf2:0,dseq2,dres2:1,homo2;"
"2(numrfch>3):3rd DECOUPLING:dfrq3:3,dn3,dpwr3:0,dof3:1,dseq3,dres3:1,homo3;"
"3(ni2):3D ACQUISITION:d3:3,sw2:1,ni2:0,phase2:0;"
"3(ni2):3D DISPLAY:rp2:1,lp2:1;"
"4(ni2):3D PROCESSING:lb2:3,sb2:3,sbs2(sb2):3,gf2:3,gfs2(gf2):3,awc2:3,wtfile2,proc2,fn2:0;"
0 
dgs 2 2 1023 0 0 4 1 6 1 64
5 "1:AXIAL SHIMS:z1:0,z2:0,z3:0,z4:0,z5:0,z6:0,z7:0;"
"2:NON AXIAL SHIMS:x1:0,y1:0,xz:0,yz:0,xy:0,x2y2:0,x3:0,y3:0,xz2:0,yz2:0,zxy:0,zx2y2:0,z3x:0,z3y:0;"
"3:NON AXIAL SHIMS:z2x2y2:0,z2xy:0,zx3:0,zy3:0,z4x:0,z4y:0;"
"4:AUTOMATION:method,wshim,load,,spin:0,gain:0,alock,loc:0;"
"4:SPECIAL:temp;"
0 
dhp 1 1 9 9 9 2 1 8192 0 64
1 40 
0 
dgssm 2 2 8 0 0 4 1 6 1 64
1 "1:WET:wet,gzlvlw,gtw:6,gswet:6,dz:6;1:C13 WET:c13wet,dofwet:1,dpwrwet,dmfwet;2:WETshapes:wetshape1,wetshape2,wetshape3,wetshape4;3:WETpowers:wetpwr1,wetpwr2,wetpwr3,wetpwr4;3:WETpulses:pwwet1:3,pwwet2:3,pwwet3:3,pwwet4:3;4:PRESAT:satmode,satpwr,satdly:3,satfrq:1;"
0 
displaymode 4 2 9.99999984307e+17 -9.99999984307e+17 0 4 1 0 1 64
1 "r"
0 
dmf 7 1 11 11 11 2 1 8194 1 64
1 32258 
0 
dm2 4 2 4 0 0 2 1 0 1 64
1 "n"
4 "a" "n" "s" "y" 
dm 4 2 4 0 0 2 1 0 1 64
1 "nnn"
4 "a" "n" "s" "y" 
dm3 4 2 4 0 0 2 1 0 1 64
1 "n"
4 "a" "n" "s" "y" 
dmfwet 7 1 32767 0 0 2 1 0 1 64
1 5517 
0 
dmf2 7 1 2000000 1 0 2 1 2 1 64
1 32258 
0 
dmf3 7 1 2000000 1 0 2 1 2 1 64
1 32258 
0 
dmg 2 2 2 0 0 4 1 3 1 64
1 "ph"
0 
dof 5 1 8 8 8 2 1 8202 1 64
1 0 
0 
dn 2 2 4 0 0 2 1 8 1 64
1 "C13"
0 
dmm2 4 2 4 0 0 2 1 0 1 64
1 "c"
9 "c" "f" "g" "m" "p" "r" "u" "w" "x" 
dmm 4 2 4 0 0 2 1 0 1 64
1 "ccc"
9 "c" "f" "g" "m" "p" "r" "u" "w" "x" 
dmmwet 2 2 8 0 0 2 1 0 1 64
1 "w"
0 
dmm3 4 2 4 0 0 2 1 0 1 64
1 "c"
9 "c" "f" "g" "m" "p" "r" "u" "w" "x" 
dn4ref 2 2 8 0 0 4 1 1 1 64
1 ""
0 
dn3 2 2 8 0 0 2 1 8 1 64
1 ""
0 
dn2ref 2 2 8 0 0 4 1 1 1 64
1 ""
0 
dn2 2 2 8 0 0 2 1 8 1 64
1 ""
0 
dn2shapes 2 2 8 0 0 2 1 256 1 64
3 ""
""
""
0 
dn3shapes 2 2 8 0 0 2 1 256 1 64
3 ""
""
""
0 
dn3ref 2 2 8 0 0 4 1 1 1 64
1 ""
0 
dnref 2 2 8 0 0 4 1 1 1 64
1 "DSS"
0 
dnbippwr 1 1 63 -16 0.5 2 1 0 1 64
1 61 
0 
dnbippw 6 1 1000000 0 0.025 2 1 0 1 64
1 30.2 
0 
dnbipshp 2 2 8 0 0 2 1 0 1 64
1 "hard"
0 
dnshapes 2 2 8 0 0 2 1 256 1 64
3 ""
""
""
0 
dod 3 1 14 14 14 2 1 8194 1 64
1 0.00999999977648 
0 
doscout 7 1 10 -10 1 2 1 0 1 64
1 0 
0 
dof3 5 1 20 20 20 2 1 8202 1 64
1 0 
0 
dof2 5 1 16 16 16 2 1 8202 1 64
1 0 
0 
dofwet 5 1 1000000000 -1000000000 0 2 1 0 1 64
1 0 
0 
dopwCal 2 2 8 0 0 2 1 256 1 64
3 "n"
"4.0"
"1.0"
0 
dp 2 2 1 0 0 2 1 0 1 64
1 "y"
2 "y" "n" 
dotflag 2 2 8 0 0 4 1 0 1 64
1 "n"
2 "n" "y" 
dpatwet 2 2 8 0 0 2 1 0 1 64
1 "waltz16"
0 
explist 2 2 8 0 0 2 1 256 1 64
1 "NOESY_ES"
0 
dseq 2 2 8 0 0 2 1 0 1 64
1 "W40_P8672_auto"
0 
dres 7 1 360 1 0 2 1 0 1 64
1 9 
0 
dpwrwet 1 1 9.99999984307e+17 -9.99999984307e+17 0 2 1 0 1 64
1 39 
0 
dpwr3 1 1 21 21 21 2 1 8194 1 64
1 1 
0 
dpwr2 1 1 18 18 18 2 1 8194 1 64
1 1 
0 
dreffrq2 1 1 9.99999984307e+17 -9.99999984307e+17 0 2 1 0 1 64
1 0 
0 
dreffrq 1 1 9.99999984307e+17 -9.99999984307e+17 0 2 1 0 1 64
1 125.683649519 
0 
dreffrq3 1 1 9.99999984307e+17 -9.99999984307e+17 0 2 1 0 1 64
1 0 
0 
dres3 7 1 360 1 0 2 1 0 1 64
1 1 
0 
dres2 7 1 360 1 0 2 1 0 1 64
1 1 
0 
dreswet 1 1 9.99999984307e+17 -9.99999984307e+17 0 2 1 0 1 64
1 90 
0 
emessage 4 2 4 0 0 2 1 0 1 64
1 "n"
0 
dseqwet 2 2 8 0 0 2 1 0 1 64
1 "waltz16"
0 
dseq2 2 2 8 0 0 2 1 0 1 64
1 ""
0 
dseq3 2 2 8 0 0 2 1 0 1 64
1 ""
0 
emailaddr 2 2 8 0 0 4 1 0 1 64
1 ""
0 
dz 3 1 14 14 14 2 1 8192 1 64
1 1e-05 
0 
emailwhen 2 2 8 0 0 2 1 0 1 64
1 ""
0 
espw180 6 1 13 13 13 2 1 8192 1 64
1 17.075 
0 
esgt 3 1 14 14 14 2 1 8192 1 64
1 0.001 
0 
esgstab 3 1 14 14 14 2 1 8192 1 64
1 0.0005 
0 
esgzlvl 1 1 1000000 -1000000 1 2 1 0 1 64
1 7655 
0 
essoftpw 6 1 1000000 0 0.025 2 1 0 1 64
1 2000 
0 
esshape 2 2 8 0 0 2 1 0 1 64
1 "W_supp"
0 
essoftpwrf 7 1 4095 0 1 2 1 0 1 64
1 2048 
0 
essoftpwr 1 1 63 -16 0.5 2 1 0 1 64
1 20 
0 
explabel 2 2 8 0 0 2 1 0 1 64
1 "NOESY_ES"
0 
filter 7 1 1000000000 0 1 2 1 2 1 64
1 54.0999984741 
0 
fb 7 1 6 6 6 2 1 8203 0 64
1 4000 
0 
f2SW 2 2 8 0 0 2 1 1 1 64
1 ""
0 
f1SW 2 2 8 0 0 2 1 1 1 64
1 ""
0 
exppath 2 2 8 0 0 2 1 0 1 64
1 "/space/inovausr/vnmrsys/exp8/acqfil"
0 
f1coef 2 2 8 0 0 3 1 1 1 64
1 "1 0 0 0 0 0 -1 0"
0 
faculty 2 2 8 0 0 2 1 0 1 64
1 ""
0 
fadflg 4 2 4 0 0 2 1 0 1 64
1 "n"
0 
fidid 2 2 8 0 0 2 1 0 1 64
1 ""
0 
fdfdir 2 2 8 0 0 3 1 0 1 64
1 ""
0 
fdffile 2 2 8 0 0 3 1 0 1 64
1 ""
0 
file 2 2 6 0 0 2 1 3 1 64
1 "exp"
0 
fpmult1 1 1 1000000000 0 0 3 2 0 0 64
1 0.5 
0 
flipshape 2 2 8 0 0 2 1 0 1 64
1 "W_flip"
0 
flippw 6 1 13 13 13 2 1 8192 1 64
1 3200 
0 
findfrqflg 4 2 4 0 0 2 1 0 1 64
1 "n"
0 
filtfile 2 2 8 0 0 2 1 0 1 64
1 ""
0 
flipback 4 2 4 0 0 2 1 0 1 64
1 "n"
0 
flippwr 7 1 63 -16 0.5 2 1 0 1 64
1 15 
0 
flippwrf 7 1 4095 0 1 2 1 0 1 64
1 2048 
0 
fn1 7 1 524288 64 -2 3 1 1 1 64
1 4096 
0 
fn 7 1 524288 64 -2 3 1 1 1 64
1 4096 
0 
fpmult 1 1 1000000000 0 0 3 1 0 0 64
1 1 
0 
foldflg 4 2 4 0 0 3 1 0 1 64
1 "y"
0 
gf 1 1 100000 0 0 3 1 1 1 64
1 0.0693044352 
0 
gain 1 1 60 0 2 2 1 0 1 64
1 30 
0 
ftproc 1 1 9.99999984307e+17 -9.99999984307e+17 0 3 1 256 1 64
2 1 0 
0 
fzoom 7 1 32767 0 0 4 1 0 1 64
1 0 
0 
gain2 1 1 60 0 2 2 1 1 1 64
1 30 
0 
gf1 1 1 100000 0 0 3 1 1 1 64
1 0.0230053824 
0 
gfs 1 1 1000 -1000 0.001 3 1 1 0 64
1 0 
0 
lp1 1 1 3600 -3600 0.1 4 1 3 1 64
1 0 
0 
il 2 2 1 0 0 2 1 0 1 64
1 "n"
2 "y" "n" 
gzlvl9 1 1 1000000 -1000000 1 2 1 0 1 64
1 5067 
0 
gtw 3 1 14 14 14 2 1 8192 1 64
1 0.002 
0 
gt7 3 1 14 14 14 2 1 8192 1 64
1 0.001 
0 
gt3 3 1 14 14 14 2 1 8192 1 64
1 0.002 
0 
gswet 3 1 14 14 14 2 1 8192 1 64
1 0.002 
0 
gstab 3 1 14 14 14 2 1 8192 1 64
1 0.0005 
0 
gstab2 3 1 14 14 14 2 1 8192 1 64
1 0.0005 
0 
gt1 3 1 14 14 14 2 1 8192 1 64
1 0.0015 
0 
gt0 3 1 14 14 14 2 1 8192 1 64
1 0.0016 
0 
gt2 3 1 14 14 14 2 1 8192 1 64
1 0.0015 
0 
gt5 3 1 14 14 14 2 1 8192 1 64
1 0.0014 
0 
gt4 3 1 14 14 14 2 1 8192 1 64
1 0.0012 
0 
gt6 3 1 14 14 14 2 1 8192 1 64
1 0.001 
0 
gt9 3 1 14 14 14 2 1 8192 1 64
1 0.001 
0 
gt8 3 1 14 14 14 2 1 8192 1 64
1 0.001 
0 
gtD 3 1 14 14 14 2 1 8192 1 64
1 0 
0 
gtE 3 1 14 14 14 2 1 8192 1 64
1 0.001 
0 
gzlvl3 1 1 1000000 -1000000 1 2 1 0 1 64
1 2871 
0 
gzlvl0 1 1 1000000 -1000000 1 2 1 0 1 64
1 5630 
0 
gxppars 2 2 8 0 0 2 1 0 1 64
1 ""
0 
gzlvl1 1 1 1000000 -1000000 1 2 1 0 1 64
1 3349 
0 
gzlvl2 1 1 1000000 -1000000 1 2 1 0 1 64
1 2392 
0 
gzlvl7 1 1 1000000 -1000000 1 2 1 0 1 64
1 3941 
0 
gzlvl5 1 1 1000000 -1000000 1 2 1 0 1 64
1 5263 
0 
gzlvl4 1 1 1000000 -1000000 1 2 1 0 1 64
1 3827 
0 
gzlvl6 1 1 1000000 -1000000 1 2 1 0 1 64
1 3378 
0 
gzlvl8 1 1 1000000 -1000000 1 2 1 0 1 64
1 4504 
0 
homo 2 2 8 0 0 2 1 8 1 64
1 "n"
2 "n" "y" 
gzlvlw 1 1 9.99999984307e+17 -9.99999984307e+17 0 2 1 0 1 64
1 14354 
0 
gzlvlD 1 1 1000000 -1000000 1 2 1 0 1 64
1 0 
0 
gzlvlE 1 1 1000000 -1000000 1 2 1 0 1 64
1 4784 
0 
hdof 5 1 7 7 7 2 1 8194 1 64
1 0 
0 
gzlvlzq2 1 1 1000000 -1000000 1 2 1 0 1 64
1 3376 
0 
gzlvlzq1 1 1 1000000 -1000000 1 2 1 0 1 64
1 2813 
0 
gzlvlzq3 1 1 1000000 -1000000 1 2 1 0 1 64
1 4502 
0 
hdpwr 7 1 49 -16 0.5 2 1 2 1 64
1 1 
0 
ho 1 1 500 -500 0 4 1 1 1 64
1 -50.2678565979 
0 
hst 3 1 0.02 0 2.5e-08 2 1 2 1 64
1 0.00800000037998 
0 
hsglvl 1 1 1000000 -1000000 1 2 1 0 1 64
1 5736 
0 
homo3 4 2 4 0 0 2 1 0 1 64
1 "n"
2 "n" "y" 
homo2 4 2 4 0 0 2 1 0 1 64
1 "n"
2 "n" "y" 
hs 4 2 4 0 0 2 1 0 1 64
1 "nn"
2 "n" "y" 
hsgt 3 1 14 14 14 2 1 8192 1 64
1 0.002 
0 
hzmm 1 1 1000000000 -1000000000 0 4 1 11 1 64
1 32.4147407739 
0 
ident 2 2 8 0 0 3 1 0 1 64
1 ""
0 
io 1 1 500 -500 0.1 4 1 1 1 64
1 10 
0 
ins2 1 1 9.99999984307e+17 -9.99999984307e+17 0 4 1 0 1 64
1 1 
0 
ins 3 1 8190 0 1e-07 4 1 3 1 64
1 100 
0 
in 4 2 1 0 0 2 1 0 1 64
1 "n"
3 "n" "w" "y" 
intmod 2 2 8 0 0 4 1 0 1 64
1 "off"
3 "off" "partial" "full" 
insref 1 1 9.99999984307e+17 -9.99999984307e+17 0 4 1 0 0 64
1 1 
0 
ins2ref 1 1 9.99999984307e+17 -9.99999984307e+17 0 4 1 0 1 64
1 1 
0 
investigator 2 2 8 0 0 4 1 0 1 64
1 ""
0 
intstd 2 2 8 0 0 2 1 0 1 64
1 ""
0 
invgcal 1 1 1000000 -1000000 1 2 1 0 1 64
1 478 
0 
lifrq 1 1 1000000000 -1000000000 0 4 1 0 0 64
1 0 
0 
lb 1 1 100000 -100000 0 3 1 1 0 64
1 1.06103003025 
0 
is 1 1 1000000000 1e-06 0 4 1 3 1 64
1 33.5734901428 
0 
iswt 1 1 9.99999984307e+17 -9.99999984307e+17 0 2 1 0 1 64
1 0 
0 
lb1 1 1 100000 -100000 0 3 1 1 0 64
1 0.318309992552 
0 
liamp 1 1 1000000000 0 0 4 1 0 0 64
1 0 
0 
load 2 2 4 0 0 2 1 3 1 64
1 "n"
2 "y" "n" 
llfrq 1 1 1000000000 -1000000000 0 4 1 0 0 64
1 0 
0 
llamp 1 1 1000000000 0 0 4 1 0 0 64
1 0 
0 
lot 2 2 8 0 0 2 1 0 1 64
1 ""
0 
longlist 2 2 8 0 0 2 1 0 1 64
1 ""
0 
locdir 2 2 8 0 0 2 1 0 1 64
1 ""
0 
lp 1 1 3600 -3600 0.1 4 1 3 1 64
1 0 
0 
phfid 1 1 3600 -3600 0.1 3 1 0 0 64
1 0 
0 
n3 2 2 6 0 0 4 1 3 1 64
1 "n"
0 
lsfrq 1 1 9.99999984307e+17 -9.99999984307e+17 0 3 1 0 0 64
1 0 
0 
lpopt 2 2 8 0 0 3 1 0 1 64
1 "b"
0 
lpfilt 7 1 32767 1 1 3 1 0 1 64
1 32 
0 
lpext 7 1 1000000 0 1 3 1 0 1 64
1 1 
0 
lpalg1 2 2 8 0 0 3 1 0 1 64
1 "lpfft"
0 
lpalg 2 2 8 0 0 3 1 0 1 64
1 "lpfft"
0 
lpext1 7 1 1000000 0 1 3 1 0 1 64
1 200 
0 
lpnupts 7 1 1000000 1 1 3 1 0 1 64
1 64 
0 
lpfilt1 7 1 32767 1 1 3 1 0 1 64
1 8 
0 
lpnupts1 7 1 1000000 1 1 3 1 0 1 64
1 200 
0 
lptrace 7 1 32767 0 1 3 1 0 1 64
1 0 
0 
lpprint 7 1 63 0 1 3 1 0 1 64
1 0 
0 
lpopt1 2 2 8 0 0 3 1 0 1 64
1 "f"
0 
lpprint1 7 1 63 0 1 3 1 0 1 64
1 0 
0 
lsfid 7 1 64000 -64000 1 3 1 0 0 64
1 0 
0 
lptrace1 7 1 32767 0 1 3 1 0 1 64
1 0 
0 
math 2 2 1 0 0 3 1 3 1 64
1 "f"
3 "d" "f" "i" 
lvl 1 1 1000000000 -1000000000 0 4 1 1 1 64
1 0 
0 
lsfrq1 1 1 9.99999984307e+17 -9.99999984307e+17 0 3 1 0 0 64
1 0 
0 
macro 2 2 6 0 0 4 1 3 1 64
1 ""
0 
modules 2 2 8 0 0 2 1 1 1 64
1 "gradient quant ExSculpt par2D zqfilter"
0 
method 2 2 6 0 0 2 1 3 1 64
1 "z1z2"
0 
mixN 3 1 14 14 14 2 1 8192 1 64
1 0.2 
0 
n1 2 2 6 0 0 4 1 3 1 64
1 ""
0 
n2 2 2 6 0 0 4 1 3 1 64
1 "n"
0 
nt 7 1 1000000000 1 1 2 1 16384 1 64
1 16 
0 
ni 7 1 32767 0 0 2 1 16384 1 64
1 200 
0 
nameprefix 2 2 8 0 0 2 1 9 1 64
1 ""
0 
name 2 2 8 0 0 3 1 0 1 64
1 ""
0 
newmodules 2 2 8 0 0 2 1 1 1 64
1 ""
0 
notebook 2 2 8 0 0 2 1 0 1 64
1 ""
0 
nimax 7 1 32767 0 0 2 1 0 1 64
1 0 
0 
np 7 1 524288 32 2 2 1 11 1 64
1 2404 
0 
oslsfrq 1 1 9.99999984307e+17 -9.99999984307e+17 0 2 1 1 0 64
1 0 
0 
oscoef 7 1 49999 3 2 2 1 1 0 64
1 31 
0 
obsSW 2 2 8 0 0 2 1 1 1 64
1 "setsw(14,-2)"
0 
numvch 7 1 32767 0 0 2 1 256 1 64
4 4 2 1 0 
0 
operator_ 2 2 8 0 0 2 1 0 1 64
1 "vnmr1"
0 
osfb 1 1 100000 0 0 2 1 1 0 64
1 0 
0 
osfilt 2 2 8 0 0 2 1 0 1 64
1 ""
5 "a" "A" "b" "B" "" 
page 2 2 8 0 0 2 1 0 1 64
1 ""
0 
p1 6 1 13 13 13 2 1 8194 1 64
1 0 
0 
oversamp 7 1 68 0 1 2 1 9 1 64
1 49 
0 
pad 3 1 14 14 14 2 1 8194 1 64
1 0.5 
0 
parversion 1 1 9.99999984307e+17 -9.99999984307e+17 0 2 1 4 1 64
1 5.1 
0 
parlabel 2 2 8 0 0 2 1 5 1 64
1 "NOESY_ES"
0 
phase 7 1 8 0 1 2 1 0 1 64
2 1 2 
0 
proc 2 2 10 0 0 3 1 1 1 64
1 "ft"
0 
preacq 6 1 13 13 13 2 1 8192 0 64
1 0 
0 
pmode 2 2 8 0 0 3 1 0 1 64
1 "full"
0 
plocklist 2 2 8 0 0 2 1 1 1 64
1 ""
0 
phincr1 7 1 360 -360 1 2 1 0 1 64
1 0 
0 
phfid1 1 1 3600 -3600 0.1 3 1 0 0 64
1 0 
0 
pltmod 2 2 8 0 0 4 1 0 1 64
1 "fixed"
5 "off" "fixed" "full" "variable" "user" 
plt2Darg 2 2 8 0 0 4 1 272 1 64
5 "both"
"7"
"1.5"
"f2"
"f1"
0 
pltopt 4 2 4 0 0 2 1 0 1 64
1 "n"
0 
pp 6 1 13 13 13 2 1 8192 1 64
1 15 
0 
position2 2 2 8 0 0 3 1 0 1 64
1 ""
0 
position1 2 2 8 0 0 3 1 0 1 64
1 ""
0 
pplvl_cf 1 1 9.99999984307e+17 -9.99999984307e+17 0 2 1 0 1 64
1 1 
0 
pplvl 1 1 63 -16 1 2 1 0 1 64
1 55 
0 
prcopt 4 2 4 0 0 2 1 0 1 64
1 "y"
0 
prgflg 4 2 4 0 0 2 1 8 1 64
1 "n"
0 
prescan 2 2 8 0 0 3 1 256 1 64
11 "Not done"
"Not done"
"off"
"off"
"off"
"off"
"off"
"on"
"on"
""
""
0 
presatgh2 1 1 9.99999984307e+17 -9.99999984307e+17 0 2 1 0 1 64
1 10 
0 
presatinit 4 2 4 0 0 2 1 0 1 64
1 "n"
0 
prgd1 3 1 14 14 14 2 1 8192 1 64
1 0.0002 
0 
prgcycle 7 1 32767 0 0 2 1 8 1 64
1 2 
0 
prg_flg 4 2 4 0 0 2 1 0 1 64
1 "n"
0 
prgd2 3 1 14 14 14 2 1 8192 1 64
1 0.0002 
0 
prggzlvl 1 1 1000000 -1000000 1 2 1 0 1 64
1 18660 
0 
prggt 3 1 14 14 14 2 1 8192 1 64
1 0.001 
0 
prggstab 3 1 14 14 14 2 1 8192 1 64
1 0.0005 
0 
prgpwr 7 1 63 -16 0.5 2 1 0 1 64
1 46 
0 
prgpw 6 1 13 13 13 2 1 8192 1 64
1 8.5375 
0 
prgtime 3 1 0.05 0 1.25e-08 2 1 0 1 64
1 0.002 
0 
priority 7 1 32768 0 1 2 1 0 1 64
1 5 
0 
pw 6 1 13 13 13 2 1 8194 1 64
1 8.5375 
0 
protocols 2 2 8 0 0 3 1 0 1 64
1 ""
0 
procdim 7 1 32767 0 0 3 1 0 1 64
1 0 
0 
proc1 2 2 10 0 0 3 2 1 1 64
1 "lp"
0 
processid 1 1 9.99999984307e+17 -9.99999984307e+17 0 2 1 0 1 64
1 0 
0 
pslabel 2 2 8 0 0 2 1 11 1 64
1 "NOESY_ES"
0 
psatsolv 2 2 8 0 0 2 1 0 1 64
1 "D2O"
0 
psppm 2 2 8 0 0 2 1 1 1 64
1 ""
0 
pstof 5 1 1000000000 -1000000000 0 2 1 264 1 64
1 0 
0 
pwwet3 6 1 1000000 0 0.025 2 1 0 1 64
1 0 
0 
pwwet1 6 1 1000000 0 0.025 2 1 0 1 64
1 0 
0 
pw90 6 1 13 13 13 2 1 8194 1 64
1 8.5375 
0 
pwwet 6 1 1000000 0 0.025 2 1 0 1 64
1 0 
0 
pwwet2 6 1 1000000 0 0.025 2 1 0 1 64
1 0 
0 
pwx2lvl 1 1 63 -16 1 2 1 0 1 64
1 55 
0 
pwx 6 1 13 13 13 2 1 8192 1 64
1 12.5 
0 
pwwet4 6 1 1000000 0 0.025 2 1 0 1 64
1 0 
0 
pwx2 6 1 13 13 13 2 1 8192 1 64
1 15 
0 
pwxlvl 1 1 63 -16 1 2 1 0 1 64
1 60 
0 
pwx2lvl_cf 1 1 9.99999984307e+17 -9.99999984307e+17 0 2 1 0 1 64
1 1 
0 
pwxlvl_cf 1 1 9.99999984307e+17 -9.99999984307e+17 0 2 1 0 1 64
1 0.979 
0 
werr 2 2 6 0 0 3 1 3 1 64
1 ""
0 
spin 1 1 39 0 1 2 1 0 1 64
1 0 
0 
rof2 6 1 13 13 13 2 1 8194 1 64
1 27.7625 
0 
reffrq 1 1 9.99999984307e+17 -9.99999984307e+17 0 4 1 0 1 64
1 499.836486149 
0 
r6 1 1 1e+18 -1e+18 0 4 1 1 1 64
1 0 
0 
r4 1 1 1e+18 -1e+18 0 4 1 1 1 64
1 0 
0 
r2 1 1 1e+18 -1e+18 0 4 1 1 1 64
1 0 
0 
r3 1 1 1e+18 -1e+18 0 4 1 1 1 64
1 0 
0 
r5 1 1 1e+18 -1e+18 0 4 1 1 1 64
1 0 
0 
ref 5 1 1000000000 -1000000000 0 3 4 0 1 64
1 0 
0 
r7 1 1 1e+18 -1e+18 0 4 1 1 1 64
1 0 
0 
rcvrs 4 2 4 0 0 2 1 1 1 64
1 "y"
2 "n" "y" 
ref_pw90 6 1 13 13 13 2 1 8192 1 64
1 5.475 
0 
ref1 5 1 1000000000 -1000000000 0 3 1 0 1 64
1 0 
0 
ref_pwr 1 1 9.99999984307e+17 -9.99999984307e+17 0 2 1 0 1 64
1 60 
0 
rfl 1 1 1000000000 -1000000000 0 4 1 1 1 64
1 1007.35909976 
0 
refsource1 2 2 8 0 0 4 1 0 1 64
1 "sfrq"
0 
refpos 1 1 9.99999984307e+17 -9.99999984307e+17 0 4 1 0 1 64
1 0 
0 
reffrq1 1 1 9.99999984307e+17 -9.99999984307e+17 0 4 1 0 1 64
1 499.836486149 
0 
refpos1 1 1 9.99999984307e+17 -9.99999984307e+17 0 4 1 0 1 64
1 0 
0 
retentiontime_ 2 2 8 0 0 2 1 0 1 64
1 ""
0 
researchgroup 2 2 8 0 0 2 1 0 1 64
1 ""
0 
rfband 4 2 4 0 0 2 1 0 1 64
1 "cccc"
3 "c" "h" "l" 
rfp 1 1 1000000000 -1000000000 0 4 1 1 1 64
1 0 
0 
rfl1 1 1 1000000000 -1000000000 0 4 1 1 1 64
1 1007.35909976 
0 
rfp1 1 1 1000000000 -1000000000 0 4 1 1 1 64
1 0 
0 
rof1 6 1 13 13 13 2 1 8194 1 64
1 10 
0 
sc2 1 1 3 3 3 4 1 8195 1 64
1 0 
0 
sb 1 1 1000 -1000 0.001 3 1 0 0 64
1 0 
0 
sampleowner 2 2 8 0 0 2 1 0 1 64
1 ""
0 
sample 2 2 8 0 0 2 1 1 1 64
1 ""
0 
rp1 1 1 3600 -3600 0.1 4 1 3 1 64
1 0 
0 
rp 1 1 3600 -3600 0.1 4 1 3 1 64
1 18.8845291138 
0 
samplename 2 2 8 0 0 2 1 9 1 64
1 ""
0 
satfrq 5 1 1000000000 -1000000000 0 2 1 0 1 64
1 499.9 
0 
sampwt 1 1 9.99999984307e+17 -9.99999984307e+17 0 2 1 0 1 64
1 0 
0 
satdly 3 1 14 14 14 2 1 8192 1 64
1 1 
0 
satpwr 1 1 30 -16 1 2 1 0 1 64
0 
0 
satmode 4 2 4 0 0 2 1 0 1 64
1 "n"
0 
saveshapes 2 2 8 0 0 2 1 256 1 64
1 ""
0 
sbs1 1 1 1000 -1000 0.001 3 1 1 0 64
1 0 
0 
sbbiflg 4 2 4 0 0 2 1 0 1 64
1 "n"
0 
sb1 1 1 1000 -1000 0.001 3 1 1 0 64
1 0 
0 
sbs 1 1 1000 -1000 0.001 3 1 1 0 64
1 0 
0 
sc 1 1 1 1 1 4 1 8195 1 64
1 0 
0 
sf 1 1 8190 0 1e-07 4 1 3 1 64
1 0 
0 
sdirtmplt 2 2 8 0 0 2 1 0 1 64
1 "$samplename$_%DATE%_"
0 
scans 2 2 8 0 0 3 1 0 1 64
1 ""
0 
scoutinfo 2 2 8 0 0 2 1 256 1 64
1 ""
0 
selfrqppm 1 1 9.99999984307e+17 -9.99999984307e+17 0 2 1 256 0 64
1 0 
0 
segt5 3 1 14 14 14 2 1 8192 1 64
1 0.0005 
0 
segstab 3 1 14 14 14 2 1 8192 1 64
1 0.0005 
0 
selfrqc 5 1 1000000000 -1000000000 0 2 1 256 0 64
1 0 
0 
selfrqw 1 1 9.99999984307e+17 -9.99999984307e+17 0 2 1 256 1 64
1 10 
0 
seqfil 2 2 8 0 0 2 1 11 1 64
1 "NOESY_ES"
0 
slpsat 4 2 4 0 0 2 1 0 1 64
1 "n"
0 
shims 2 2 8 0 0 2 1 0 1 64
1 ""
0 
sfrq 1 1 1000000000 0 0 2 1 11 1 64
1 499.8394852 
0 
sf1 1 1 9.99999984307e+17 -9.99999984307e+17 0 4 1 0 1 64
1 0 
0 
sgyflg 4 2 4 0 0 2 1 0 1 64
1 "n"
0 
slpname 2 2 8 0 0 2 1 256 1 64
1 ""
0 
skey 1 1 9.99999984307e+17 -9.99999984307e+17 0 2 1 0 1 64
1 169 
0 
solvent 2 2 6 0 0 2 1 11 1 64
1 "d2o"
0 
sn 1 1 1e+18 -1e+18 0 3 1 1 1 64
1 0 
0 
sp1 1 1 1000000000 -1000000000 0 4 1 3 1 64
1 0 
0 
sp 1 1 1000000000 -1000000000 0 4 1 3 1 64
1 0 
0 
spdialog 2 2 8 0 0 2 1 0 1 64
1 "PRESATsolvent"
0 
tof 5 1 7 7 7 2 1 8202 1 64
1 499.9 
0 
temp 1 1 200 -150 0.1 2 1 8 1 64
1 25 
0 
strtpar 2 2 8 0 0 2 1 0 1 64
1 ""
0 
ssorder 7 1 20 1 1 3 1 0 0 64
1 7 
0 
ss 7 1 32767 -32768 0 2 1 16384 1 64
1 32 
0 
srate 7 1 32767 0 1 2 1 1 1 64
1 25 
0 
sreffrq 1 1 9.99999984307e+17 -9.99999984307e+17 0 2 1 0 1 64
1 499.836486149 
0 
sslsfrq 1 1 9.99999984307e+17 -9.99999984307e+17 0 3 1 0 0 64
1 0 
0 
ssfilter 1 1 50000 10 0.1 3 1 0 0 64
1 50 
0 
ssntaps 7 1 2500 0 1 3 1 0 1 64
1 20 
0 
strtext 7 1 1000000 1 1 3 1 0 1 64
1 1 
0 
sspul 4 2 4 0 0 2 1 0 1 64
1 "y"
0 
strtlp 7 1 1000000 1 1 3 1 0 1 64
1 2 
0 
strtext1 7 1 1000000 1 1 3 1 0 1 64
1 201 
0 
strtlp1 7 1 1000000 1 1 3 1 0 1 64
1 200 
0 
sw 1 1 5 5 5 2 1 8203 1 64
1 8012.82051282 
0 
studystatus 2 2 8 0 0 2 1 0 1 64
1 ""
0 
studyowner 2 2 8 0 0 2 1 0 1 64
1 "vnmr1"
0 
study 2 2 8 0 0 3 1 0 1 64
1 ""
0 
svfopt 4 2 4 0 0 2 1 0 1 64
1 "y"
0 
stype 4 2 4 0 0 2 1 0 1 64
1 "a"
0 
svftmplt 2 2 8 0 0 2 1 0 1 64
1 "$pslabel$_"
0 
t3 3 1 14 14 14 2 1 8192 1 64
1 0 
0 
t1 3 1 14 14 14 2 1 8192 1 64
1 0 
0 
sw1 1 1 5000000 1 -1.25e-08 2 1 0 1 64
1 8012.82051282 
0 
t2 3 1 14 14 14 2 1 8192 1 64
1 0 
0 
tauz2 3 1 14 14 14 2 1 8192 1 64
1 0.00081 
0 
tauz1 3 1 14 14 14 2 1 8192 1 64
1 0 
0 
tauz3 3 1 14 14 14 2 1 8192 1 64
1 0.005994 
0 
tauz4 3 1 14 14 14 2 1 8192 1 64
1 0.006804 
0 
time_saved 2 2 8 0 0 4 1 0 1 64
1 "20130106T181247"
0 
time_exp 2 2 8 0 0 2 1 0 1 64
1 "36 sec"
0 
th 1 1 1000000000 0 0 4 1 1 1 64
1 2 
0 
text_string 2 2 8 0 0 4 1 256 1 64
1 ""
0 
time_complete 2 2 8 0 0 4 1 0 1 64
1 ""
0 
th2d 1 1 1 1e-18 0 4 1 17 1 64
1 0.8 
0 
time_processed 2 2 8 0 0 3 1 0 1 64
1 ""
0 
time_plotted 2 2 8 0 0 3 1 0 1 64
1 ""
0 
time_run 2 2 8 0 0 2 1 0 1 64
1 ""
0 
tlt 1 1 1000000000 -1000000000 0 4 1 1 1 64
1 0 
0 
tin 2 2 1 0 0 2 1 2 1 64
1 "n"
3 "n" "w" "y" 
time_submitted 2 2 8 0 0 2 1 0 1 64
1 ""
0 
tnbippwr 1 1 63 -16 0.5 2 1 0 1 64
1 60 
0 
tnbippw 6 1 1000000 0 0.025 2 1 0 1 64
1 60 
0 
tn 2 2 4 0 0 2 1 8 1 64
1 "H1"
0 
tnref 2 2 8 0 0 4 1 1 1 64
1 "Me4Si, 1% in CDCl3"
0 
tnbipshp 2 2 8 0 0 2 1 0 1 64
1 "bip60us"
0 
tnshapes 2 2 8 0 0 2 1 256 1 64
3 ""
""
""
0 
vp 1 1 500 -500 0 4 1 3 1 64
1 0 
0 
vch2 2 2 8 0 0 2 1 8 1 64
1 "dn"
0 
trace 2 2 2 0 0 4 1 3 1 64
1 "f2"
2 "f1" "f2" 
tpwr 1 1 63 -16 0.25 2 1 8194 1 64
1 61 
0 
tofh2o 5 1 1000000000 -1000000000 0 2 1 0 1 64
1 0 
0 
tpwr_cf 1 1 9.99999984307e+17 -9.99999984307e+17 0 2 1 0 1 64
1 0.9936 
0 
userplotter 2 2 8 0 0 4 1 0 1 64
1 ""
0 
tunemethod 2 2 8 0 0 2 1 0 1 64
1 "n"
0 
vch1 2 2 8 0 0 2 1 8 1 64
1 "tn"
0 
vch6 2 2 8 0 0 2 1 8 1 64
1 ""
0 
vch4 2 2 8 0 0 2 1 8 1 64
1 "dn"
0 
vch3 2 2 8 0 0 2 1 8 1 64
1 "z"
0 
vch5 2 2 8 0 0 2 1 8 1 64
1 ""
0 
vjdialog 2 2 8 0 0 4 1 256 1 64
1 ""
0 
vf 1 1 1000000000 0 0 4 1 3 1 64
1 174.310211182 
0 
vchannelmap 2 2 8 0 0 2 1 256 1 64
4 "0"
"1"
"z"
"1"
0 
vo 1 1 500 -500 0 4 1 1 1 64
1 0 
0 
vjdialogarg 2 2 8 0 0 4 1 256 1 64
1 ""
0 
volume 1 1 9.99999984307e+17 -9.99999984307e+17 0 2 1 0 1 64
1 0 
0 
vtc 1 1 255 0 1 2 1 2 1 64
1 25 
0 
vpfi 1 1 500 -500 0 4 1 0 1 64
1 0 
0 
vpf 1 1 500 -500 0 4 1 0 1 64
1 0 
0 
vs2d 1 1 1000000000 1e-06 0 4 1 3 1 64
1 200 
0 
vs 1 1 1000000000 1e-06 0 4 1 3 1 64
1 4.45071601868 
0 
vsproj 1 1 1000000000 1e-06 0 4 1 3 1 64
1 4.45071601868 
0 
wc 1 1 2 2 2 4 1 8203 1 64
1 154.2 
0 
wbs 2 2 6 0 0 3 1 3 1 64
1 ""
0 
vtwait 3 1 14 14 14 2 1 8194 1 64
1 300 
0 
wdone 2 2 8 0 0 3 1 0 1 64
1 ""
0 
wc2 1 1 4 4 4 4 1 8195 1 64
1 154.2 
0 
wds 2 2 8 0 0 3 1 0 1 64
1 ""
0 
y1 7 1 19 19 19 2 1 8192 1 64
1 -1455 
0 
wp1 1 1 100000 0 0 4 1 3 1 64
1 4998.35302734 
0 
wetshape 2 2 8 0 0 2 1 0 1 64
1 "wetshp"
0 
wetfrqw 1 1 9.99999984307e+17 -9.99999984307e+17 0 2 1 256 1 64
1 80 
0 
wetfrq 5 1 1000000000 -1000000000 0 2 1 256 0 64
1 0 
0 
wet_cf 1 1 9.99999984307e+17 -9.99999984307e+17 0 2 1 0 1 64
1 1 
0 
wet 4 2 4 0 0 2 1 0 1 64
1 "n"
0 
wetfly 4 2 4 0 0 2 1 0 1 64
1 "n"
0 
wetfrqs 2 2 8 0 0 2 1 256 1 64
1 "seduce"
0 
wetpwr2 1 1 9.99999984307e+17 -9.99999984307e+17 0 2 1 0 1 64
1 0 
0 
wetpwr 1 1 9.99999984307e+17 -9.99999984307e+17 0 2 1 0 1 64
1 0 
0 
wetpeaks 7 1 10 0 1 2 1 0 0 64
1 0 
0 
wetpwr1 1 1 9.99999984307e+17 -9.99999984307e+17 0 2 1 0 1 64
1 0 
0 
wetpwr4 1 1 9.99999984307e+17 -9.99999984307e+17 0 2 1 0 1 64
1 0 
0 
wetpwr3 1 1 9.99999984307e+17 -9.99999984307e+17 0 2 1 0 1 64
1 0 
0 
wetset 2 2 8 0 0 4 1 0 1 64
1 "set1"
0 
wf1 1 1 9.99999984307e+17 -9.99999984307e+17 0 4 1 0 1 64
1 1.89199995995 
0 
wetshape3 2 2 8 0 0 2 1 0 1 64
1 "wetshp"
0 
wetshape2 2 2 8 0 0 2 1 0 1 64
1 "wetshp"
0 
wetshape1 2 2 8 0 0 2 1 0 1 64
1 "wetshp"
0 
wexp 2 2 6 0 0 3 1 3 1 64
1 "process"
0 
wetshape4 2 2 8 0 0 2 1 0 1 64
1 "wetshp"
0 
wf 1 1 8190 0 1e-07 4 1 3 1 64
1 1.63839995861 
0 
wnt 2 2 6 0 0 3 1 3 1 64
1 ""
0 
whatemail 2 2 8 0 0 2 1 0 1 64
1 "message"
0 
whenemail 2 2 8 0 0 2 1 0 1 64
1 "never"
0 
wp 1 1 5000000 0 0 4 1 11 1 64
1 4998.35302734 
0 
x3 7 1 19 19 19 2 1 8192 1 64
1 -7950 
0 
wtfile1 2 2 15 0 0 3 2 1 1 64
1 ""
0 
wshim 4 2 4 0 0 2 1 1 1 64
1 "n"
15 "e" "f" "g" "n" "s" "0" "1" "2" "3" "4" "5" "6" "7" "8" "9" 
wrtp 2 2 8 0 0 3 1 0 1 64
1 ""
0 
wqinit 2 2 8 0 0 4 1 0 1 64
1 ""
0 
wtfile 2 2 15 0 0 3 1 1 1 64
1 ""
0 
wstart 2 2 8 0 0 3 1 0 1 64
1 ""
0 
x1 7 1 19 19 19 2 1 8192 1 64
1 -1775 
0 
wtune 4 2 4 0 0 2 1 0 1 64
1 "n"
10 "s" "t" "e" "v" "i" "n" "1" "2" "3" "4" 
x2y2 7 1 19 19 19 2 1 8192 1 64
1 -336 
0 
xz 7 1 19 19 19 2 1 8192 1 64
1 3923 
0 
xdiag 1 1 1e+18 0 0 4 1 17 1 64
1 0 
0 
x4 7 1 19 19 19 2 1 8192 1 64
1 -8927 
0 
xy 7 1 19 19 19 2 1 8192 1 64
1 6396 
0 
xz2 7 1 19 19 19 2 1 8192 1 64
1 3640 
0 
z4 7 1 19 19 19 2 1 8192 1 64
1 -43 
0 
z2c 7 1 19 19 19 2 1 8192 1 64
1 -117 
0 
yz2 7 1 19 19 19 2 1 8192 1 64
1 -4498 
0 
y4 7 1 19 19 19 2 1 8192 1 64
1 2626 
0 
y3 7 1 19 19 19 2 1 8192 1 64
1 10410 
0 
yz 7 1 19 19 19 2 1 8192 1 64
1 -2412 
0 
z1c 7 1 19 19 19 2 1 8192 1 64
1 -175 
0 
z1 7 1 19 19 19 2 1 8192 1 64
1 11839 
0 
z2 7 1 19 19 19 2 1 8192 1 64
1 1811 
0 
z3c 7 1 19 19 19 2 1 8192 1 64
1 167 
0 
z2xy 7 1 19 19 19 2 1 8192 1 64
1 -1335 
0 
z2x2y2 7 1 19 19 19 2 1 8192 1 64
1 -2313 
0 
z2x3 7 1 19 19 19 2 1 8192 1 64
1 -8920 
0 
z3 7 1 19 19 19 2 1 8192 1 64
1 -4832 
0 
z2y3 7 1 19 19 19 2 1 8192 1 64
1 -12738 
0 
z3x3 7 1 19 19 19 2 1 8192 1 64
1 424 
0 
z3x2y2 7 1 19 19 19 2 1 8192 1 64
1 -7855 
0 
z3x 7 1 19 19 19 2 1 8192 1 64
1 8416 
0 
z3y 7 1 19 19 19 2 1 8192 1 64
1 -184 
0 
z3xy 7 1 19 19 19 2 1 8192 1 64
1 7914 
0 
z3y3 7 1 19 19 19 2 1 8192 1 64
1 2757 
0 
z7 7 1 19 19 19 2 1 8192 1 64
1 -4603 
0 
z4y 7 1 19 19 19 2 1 8192 1 64
1 -176 
0 
z4x 7 1 19 19 19 2 1 8192 1 64
1 -10453 
0 
z4c 7 1 19 19 19 2 1 8192 1 64
1 3981 
0 
z4x2y2 7 1 19 19 19 2 1 8192 1 64
1 -1345 
0 
z4xy 7 1 19 19 19 2 1 8192 1 64
1 -4034 
0 
z5x 7 1 19 19 19 2 1 8192 1 64
1 -4449 
0 
z5 7 1 19 19 19 2 1 8192 1 64
1 1657 
0 
z6 7 1 19 19 19 2 1 8192 1 64
1 6473 
0 
z5y 7 1 19 19 19 2 1 8192 1 64
1 -1207 
0 
zqfpw2 6 1 1000000 0 0.025 2 1 0 1 64
1 40000 
0 
zqfpat2 2 2 8 0 0 2 1 0 1 64
1 "NOESY_ES_zqf2"
0 
zoom 7 1 32767 0 0 4 1 0 1 64
1 0 
0 
z8 7 1 19 19 19 2 1 8192 1 64
1 -64 
0 
zqfilt 4 2 4 0 0 2 1 0 1 64
1 "n"
0 
zqfpat1 2 2 8 0 0 2 1 0 1 64
1 "NOESY_ES_zqf1"
0 
zqfpw1 6 1 1000000 0 0.025 2 1 0 1 64
1 30000 
0 
zqfpat3 2 2 8 0 0 2 1 0 1 64
1 "NOESY_ES_zqf3"
0 
zx2y2 7 1 19 19 19 2 1 8192 1 64
1 8694 
0 
zqfpwr1 7 1 63 -16 1 2 1 0 1 64
1 36 
0 
zqfpw3 6 1 1000000 0 0.025 2 1 0 1 64
1 50000 
0 
zqfpwr2 7 1 63 -16 1 2 1 0 1 64
1 35 
0 
zqfpwr3 7 1 63 -16 1 2 1 0 1 64
1 35 
0 
zxy 7 1 19 19 19 2 1 8192 1 64
1 4853 
0 
zx3 7 1 19 19 19 2 1 8192 1 64
1 -2013 
0 
zy3 7 1 19 19 19 2 1 8192 1 64
1 2521 
0 
