reg1at 3 1 14 14 14 2 3 24576 1 64
1 0.03 
0 
reg1ad 6 1 8192 0 0.0125 2 1 16384 1 64
1 4 
0 
reg1d1 3 1 14 14 14 2 3 24576 1 64
1 1 
0 
reg1ddrtc 6 1 8192 0 0.0125 2 1 16384 1 64
1 8 
0 
reg1cen 1 1 9.99999984307e+17 -9.99999984307e+17 0 2 1 16384 1 64
1 100 
0 
reg1gain 1 1 10000000 -10000000 1 2 1 16384 1 64
1 30 
0 
reg1nt 1 1 10000000 -10000000 1 2 1 16384 1 64
1 4 
0 
reg1rd 6 1 8192 0 0.0125 2 1 16384 1 64
1 4 
0 
reg1pwr 1 1 9.99999984307e+17 -9.99999984307e+17 0 2 1 16384 1 64
1 63 
0 
reg1nuc 2 2 8 0 0 2 1 16384 1 64
1 "C13"
0 
reg1df 2 2 8 0 0 2 1 16384 1 64
1 "full"
0 
reg1ss 1 1 10000000 -10000000 1 2 1 16384 1 64
1 0 
0 
reg1wp 1 1 9.99999984307e+17 -9.99999984307e+17 0 2 1 16384 1 64
1 200 
0 
reg1sw 5 1 1000000000 -1000000000 0 2 1 16384 1 64
1 100000 
0 
reg2at 3 1 14 14 14 2 3 24576 1 64
1 0.005 
0 
reg2d1 3 1 14 14 14 2 3 24576 1 64
1 1 
0 
reg2ddrtc 6 1 8192 0 0.0125 2 1 16384 1 64
1 8 
0 
reg2cen 1 1 9.99999984307e+17 -9.99999984307e+17 0 2 1 16384 1 64
1 5 
0 
reg2ad 6 1 8192 0 0.0125 2 1 16384 1 64
1 4 
0 
reg1sp 1 1 9.99999984307e+17 -9.99999984307e+17 0 2 1 16384 1 64
1 0 
0 
reg2gain 1 1 10000000 -10000000 1 2 1 16384 1 64
1 0 
0 
reg2nt 1 1 10000000 -10000000 1 2 1 16384 1 64
1 4 
0 
reg2pwr 1 1 9.99999984307e+17 -9.99999984307e+17 0 2 1 16384 1 64
1 63 
0 
reg2rd 6 1 8192 0 0.0125 2 1 16384 1 64
1 4 
0 
reg2nuc 2 2 8 0 0 2 1 16384 1 64
1 "H1"
0 
reg2ss 1 1 10000000 -10000000 1 2 1 16384 1 64
1 0 
0 
reg2wp 1 1 9.99999984307e+17 -9.99999984307e+17 0 2 1 16384 1 64
1 100 
0 
reg2sw 5 1 1000000000 -1000000000 0 2 1 16384 1 64
1 100000 
0 
regname 2 2 8 0 0 2 1 16384 1 64
1 "mH1C13std"
0 
reglabel 2 2 8 0 0 2 1 16384 1 64
1 "HC"
0 
reg2sp 1 1 9.99999984307e+17 -9.99999984307e+17 0 2 1 16384 1 64
1 0 
0 
reg2df 2 2 8 0 0 2 1 16384 1 64
1 ""
0 
