nuc1d1 1 1 9.99999984307e+17 -9.99999984307e+17 0 2 1 16384 1 64
1 -1 
0 
nuc2d1 1 1 9.99999984307e+17 -9.99999984307e+17 0 2 1 16384 1 64
1 -1 
0 
nuc1nt 1 1 10000000 -10000000 1 2 1 16384 1 64
1 -1 
0 
nuc2nt 1 1 10000000 -10000000 1 2 1 16384 1 64
1 -1 
0 
nuc1np 1 1 10000000 -10000000 1 2 1 16384 1 64
1 -1 
0 
nuc2np 1 1 10000000 -10000000 1 2 1 16384 1 64
1 -1 
0 
nuc1ni 1 1 10000000 -10000000 1 2 1 16384 1 64
1 -1 
0 
nuc2ni 1 1 10000000 -10000000 1 2 1 16384 1 64
1 -1 
0 
nuc1ni2 1 1 10000000 -10000000 1 2 1 16384 1 64
1 -1 
0 
nuc2ni2 1 1 10000000 -10000000 1 2 1 16384 1 64
1 -1 
0 
nuc1nimax 1 1 10000000 -10000000 1 2 1 16384 1 64
1 -1 
0 
nuc2nimax 1 1 10000000 -10000000 1 2 1 16384 1 64
1 -1 
0 
nuc1ni2max 1 1 10000000 -10000000 1 2 1 16384 1 64
1 -1 
0 
nuc2ni2max 1 1 10000000 -10000000 1 2 1 16384 1 64
1 -1 
0 
XXSPARSE 2 2 8 0 0 2 1 16384 1 64
1 "a"
0 
XXstype 2 2 8 0 0 2 1 16384 1 64
1 "a"
0 
XXnusfilename 2 2 8 0 0 2 1 16384 1 64
1 "xx"
0 
nuc1sw 5 1 1000000000 -1000000000 0 2 1 16384 1 64
1 -1 
0 
nuc2sw 5 1 1000000000 -1000000000 0 2 1 16384 1 64
1 -1 
0 
nuc1sw1 5 1 1000000000 -1000000000 0 2 1 16384 1 64
1 -1 
0 
nuc2sw1 5 1 1000000000 -1000000000 0 2 1 16384 1 64
1 -1 
0 
nuc1sw2 5 1 1000000000 -1000000000 0 2 1 16384 1 64
1 -1 
0 
nuc2sw2 5 1 1000000000 -1000000000 0 2 1 16384 1 64
1 -1 
0 
nuc1at 1 1 9.99999984307e+17 -9.99999984307e+17 0 2 1 16384 1 64
1 -1 
0 
nuc2at 1 1 9.99999984307e+17 -9.99999984307e+17 0 2 1 16384 1 64
1 -1 
0 
