ACQtime 7 1 100000000 0 1 2 1 256 1 64
1 10 
0 
Array 7 1 32767 0 0 2 1 0 1 64
1 1 
0 
at 1 1 14 14 14 2 1 8203 1 64
1 2.999984 
0 
d1 3 1 14 14 14 2 1 8194 1 64
1 0.1 
0 
fn 7 1 524288 64 -2 3 1 1 1 64
1 32768 
0 
method 2 2 6 0 0 2 1 3 1 64
1 "shimdss"
0 
np 7 1 524288 32 2 2 1 11 1 64
1 57692 
0 
nt 7 1 1000000000 1 1 2 1 2 1 64
1 1 
0 
selfrqppm 1 1 9.99999984307e+17 -9.99999984307e+17 0 2 1 256 1 64
1 -1 
0 
selfrqw 1 1 9.99999984307e+17 -9.99999984307e+17 0 2 1 256 1 64
2 2399.92754495 0 
0 
time_saved 2 2 8 0 0 4 1 0 1 64
1 "20140825T145354"
0 
wshim 4 2 4 0 0 2 1 1 1 64
1 "s"
15 "e" "f" "g" "n" "s" "0" "1" "2" "3" "4" "5" "6" "7" "8" "9" 
wstart 2 2 8 0 0 3 1 0 1 64
1 "suselfrq"
0 
Gmap 2 2 8 0 0 2 1 1 1 64
1 "lk"
0 
Gmapname 2 2 8 0 0 2 1 1 1 64
1 ""
0 
wds 2 2 8 0 0 3 1 0 1 64
1 ""
0 
REQexp 2 2 8 0 0 4 1 256 1 64
1 "wet1D PRESAT PROTON"
0 
