ACQtime 7 1 100000000 0 1 2 1 256 1 64
1 61 
0 
at 1 1 14 14 14 2 1 8203 1 64
1 1.0000128 
0 
method 2 2 6 0 0 2 1 3 1 64
1 "shim_sucrose"
0 
execprocess 2 2 8 0 0 2 1 0 1 64
1 "sucrose_sens_process"
0 
np 7 1 524288 32 2 2 1 11 1 64
1 14368 
0 
obsSW 2 2 8 0 0 2 1 1 1 64
1 "setsw(11,-1)"
0 
rfl 1 1 1000000000 -1000000000 0 4 1 1 1 64
1 592.090789269 
0 
satdly 3 1 14 14 14 2 1 8192 1 64
1 5 
0 
sfrq 1 1 1000000000 0 0 2 1 11 1 64
1 599.9848861 
0 
sw 1 1 5 5 5 2 1 8203 1 64
1 7183.90804598 
0 
time_saved 2 2 8 0 0 4 1 0 1 64
1 "20140823T095529"
0 
tof 5 1 7 7 7 2 1 8202 1 64
1 -0.1 
0 
wstart 2 2 8 0 0 3 1 0 1 64
1 "VPPRESATproc('wstart')"
0 
fn 7 1 524288 64 -2 3 1 1 1 64
1 32768 
0 
wds 2 2 8 0 0 3 1 0 1 64
1 ""
0 
REQexp 2 2 8 0 0 4 1 256 1 64
2 ""
"ignore"
0 
