gzlvl4 1 1 32768 -32768 1 2 1 0 1 64
1 10000 
0 
dg2 2 2 8 0 0 2 1 0 1 64
1 "1:GRADIENTS:gt1:5,gzlvl1:0,gt2:5,gzlvl2:0,gt3:5,gzlvl3:0,gt4:5,gzlvl4:0,gt5:5,gzlvl5:0,gt6:5,gzlvl6:0;3:CHANNEL 2:dn,dfrq:3,dof:3,dpwr:0,dm;"
0 
axisf 4 2 4 0 0 4 1 0 1 64
1 "s"
4 "m" "n" "s" "u" 
acqstatus 7 1 32767 0 0 2 1 0 1 64
2 16 16 
0 
CSshowpro 4 2 4 0 0 2 1 0 1 64
1 "y"
0 
CSdomain 7 1 32767 0 0 2 1 0 1 64
1 1 
0 
CS_dpars 4 2 4 0 0 3 1 0 1 64
1 "y"
0 
BPexpress_gui 7 1 32767 0 0 2 1 0 1 64
1 0 
0 
Archive2 2 2 8 0 0 2 1 0 1 64
1 ""
0 
Archive1 2 2 8 0 0 2 1 0 1 64
1 ""
0 
ACQtime 7 1 100000000 0 1 2 1 256 1 64
1 0 
0 
B0 1 1 9.99999984307e+17 -9.99999984307e+17 0 2 1 0 1 64
1 140964 
0 
C13refoc 4 2 4 0 0 2 1 0 1 64
1 "n"
0 
CS_cln 4 2 4 0 0 3 1 0 1 64
1 "y"
0 
CS_se 4 2 4 0 0 3 1 0 1 64
1 "n"
0 
CS_inf 4 2 4 0 0 3 1 0 1 64
1 "y"
0 
CSdensity 1 1 100 0 0 2 1 0 1 64
1 50 
0 
CSdnoise 4 2 4 0 0 3 1 0 1 64
1 "y"
0 
CSprofile 2 2 8 0 0 2 1 256 1 64
3 ""
""
""
0 
CSlines 7 1 32767 0 0 2 1 0 1 64
1 4 
0 
CSinp 2 2 8 0 0 2 1 0 1 64
1 ""
0 
CSniIndex 7 1 32767 0 0 2 1 256 1 64
1 0 
0 
CSni2Index 7 1 32767 0 0 2 1 256 1 64
1 0 
0 
CSpars 2 2 8 0 0 2 1 256 1 64
1 ""
0 
CSseed 1 1 9.99999984307e+17 -9.99999984307e+17 0 2 1 0 1 64
1 169 
0 
CSprosize 7 1 32767 0 0 2 1 256 1 64
3 0 0 0 
0 
CSreconmethod 2 2 8 0 0 2 1 0 1 64
1 "CLEAN"
0 
CSshape 2 2 8 0 0 2 1 0 1 64
1 "gexp"
0 
Gmap 2 2 8 0 0 2 1 1 1 64
1 "no"
0 
CStype 4 2 4 0 0 2 1 0 1 64
1 "a"
0 
CSsp 7 1 32767 0 0 3 1 0 1 64
1 0 
0 
CSshowsch 4 2 4 0 0 2 1 0 1 64
1 "y"
0 
CSthr 1 1 100 1 0.1 3 1 0 1 64
1 2 
0 
CSwp 7 1 32767 0 0 3 1 0 1 64
1 0 
0 
CSwt 4 2 4 0 0 2 1 0 1 64
1 "n"
0 
PFGflg 4 2 4 0 0 2 1 0 1 64
1 "n"
0 
H1reffrq 1 1 9.99999984307e+17 -9.99999984307e+17 0 2 1 0 1 64
1 499.922475824 
0 
Gmapname 2 2 8 0 0 2 1 1 1 64
1 ""
0 
MinSW 2 2 8 0 0 3 1 0 1 64
1 "off"
4 "off" "auto" "manual" "skip" 
IPrunid 2 2 8 0 0 2 1 0 1 64
1 ""
0 
acqcycles 1 1 9.99999984307e+17 -9.99999984307e+17 0 2 1 0 1 64
1 1 
0 
SPARSE 4 2 4 0 0 2 1 0 1 64
1 "n"
0 
REQexp 2 2 8 0 0 4 1 256 1 64
2 ""
"ignore"
0 
acqpath 2 2 8 0 0 2 1 0 1 64
1 ""
0 
acqdim 7 1 1000000000 -1000000000 0 2 1 0 1 64
1 1 
0 
array 2 2 256 0 0 2 1 1 1 64
1 ""
0 
alfa 6 1 8192 -8192 1e-07 2 1 8194 1 64
1 7 
0 
age 1 1 9.9e+17 0 0.001 3 1 0 1 64
1 0 
0 
adir2tmplt 2 2 8 0 0 2 1 0 1 64
1 ""
0 
actionid 2 2 8 0 0 4 1 0 1 64
1 "null"
0 
adirtmplt 2 2 8 0 0 2 1 0 1 64
1 ""
0 
aig 2 2 2 0 0 4 1 1 1 64
1 "ai"
2 "nm" "ai" 
ap 2 2 1023 0 0 4 1 6 1 64
1 "1:SAMPLE:date,solvent,file;1:3D ACQUISITION:sw:1,sw1:1,ni:0,phase:0,at:3,np:0,ss:0,nt:0,ct:0;1:CHANNEL 1:sfrq:3,tn,tof:1,tpwr:0,tsatpwr:0,tpwrsl,pw_sl:1,pw_wg:1,phase_sl,shp_sl,pw:1,gain;1:CHANNEL 2:dfrq:3,dn,dof:1,dpwr:0,dm,dmm,dmf:0,dseq,homo;2:CHANNEL 3:dfrq2:3,dn2,dof2:1,dpwr2,dpwr2_cp,dpwr2_comp,dhpwr2,pwn:1,time_T2:3,pwn_cp:1,ncyc,ncyc_max,dm2,dmm2,dmf2,dseq2,dres2:1;1:DELAYS:d1:3,d2:3,d3:3,taua:6,taub:6;1:FLAGS:comp_flg,C13refoc,f1180,fsat,dp;2:2D DISPLAY:sp1:1,wp1:1,sc2:0,wc2:0,rfl1:1,rfp1:1;2:DEC. & VT:dn:2,dof:1,dm,dmm,dmf,dpwr(dpwr):0,homo,temp(temp):1;2:PROCESSING:cf(nf):0,lb(lb):2,sb(sb):3,sbs(sb):3,gf(gf):3,gfs(gf):3,awc(awc):3,lsfid(lsfid):0,phfid(phfid):1,wtfile,proc,fn:0,math,,werr,wexp,wbs,wnt;2(ni):2D PROCESSING:lb1(lb1):2,sb1(sb1):3,sbs1(sb1):3,gf1(gf1):3,gfs1(gf1):3,awc1(awc1):3,wtfile1,proc1,fn1:0;2:DISPLAY:sp:1,wp:1,vs:0,sc:0,wc:0,hzmm:2,is:2,rfl:1,rfp:1,th:0,ins:3,aig*,dcg*,dmg*;"
0 
alock 2 2 8 0 0 2 1 0 1 64
1 "n"
5 "a" "n" "s" "u" "y" 
anatomy 2 2 8 0 0 2 1 0 1 64
1 "head"
0 
apptype 2 2 8 0 0 2 1 1 1 64
1 "gNcpmgex"
0 
archivedir 2 2 8 0 0 2 1 0 1 64
1 ""
0 
autocal 4 2 4 0 0 2 1 0 1 64
1 "y"
0 
at 1 1 14 14 14 2 1 8203 1 64
1 0.0851968 
0 
arrayelemts 1 1 9.99999984307e+17 -9.99999984307e+17 0 2 1 0 1 64
1 0 
0 
arraydim 7 1 32768 1 1 2 1 5 1 64
1 1 
0 
at_ni2 1 1 9.99999984307e+17 -9.99999984307e+17 0 2 1 0 1 64
1 0.001 
0 
at_ni 1 1 9.99999984307e+17 -9.99999984307e+17 0 2 1 0 1 64
1 0.001 
0 
at_obs 1 1 9.99999984307e+17 -9.99999984307e+17 0 2 1 0 1 64
1 0.001 
0 
at_ni3 1 1 9.99999984307e+17 -9.99999984307e+17 0 2 1 0 1 64
1 0.001 
0 
awc 1 1 1 -1 0.001 3 1 1 0 64
1 0 
0 
avwdir 2 2 8 0 0 3 1 0 1 64
1 ""
0 
awc1 1 1 1 -1 0.001 3 1 1 0 64
1 0 
0 
axis 4 2 4 0 0 4 1 0 1 64
1 "p2"
11 "c" "d" "1" "2" "3" "h" "k" "m" "n" "p" "u" 
cryoPanel 2 2 8 0 0 2 1 0 1 64
1 "advanced"
0 
compH 1 1 9.99999984307e+17 -9.99999984307e+17 0 2 1 0 1 64
1 0.931 
0 
cf 7 1 32767 0 1 3 1 1 0 64
1 1 
0 
bs 7 1 32767 0 1 2 1 0 0 64
1 16 
0 
birthday 2 2 8 0 0 3 1 0 1 64
4 ""
""
""
""
0 
boresize 1 1 9.99999984307e+17 -9.99999984307e+17 0 2 1 0 1 64
1 51 
0 
celem 1 1 9.99999984307e+17 -9.99999984307e+17 0 2 1 0 1 64
1 0 
0 
comment 2 2 8 0 0 3 1 0 1 64
1 ""
0 
checkofs 4 2 4 0 0 2 1 0 1 64
1 "y"
0 
compC 1 1 9.99999984307e+17 -9.99999984307e+17 0 2 1 0 1 64
1 0.768 
0 
compD 1 1 9.99999984307e+17 -9.99999984307e+17 0 2 1 0 1 64
1 1 
0 
console 2 2 8 0 0 2 1 0 1 64
1 "vnmrs"
0 
comp_flg 4 2 4 0 0 2 1 0 1 64
1 "y"
0 
compN 1 1 9.99999984307e+17 -9.99999984307e+17 0 2 1 0 1 64
1 0.803 
0 
concentration 1 1 9.99e+17 -9.99e+17 0 2 1 0 1 64
1 0 
0 
cr1 1 1 1000000000 -1000000000 0 4 1 3 1 64
1 6927.76962091 
0 
cppauseflg 4 2 4 0 0 4 1 0 1 64
1 "n"
0 
cp 2 2 1 0 0 2 1 0 1 64
1 "y"
2 "y" "n" 
cr 1 1 1000000000 -1000000000 0 4 1 1 1 64
1 1390.94064808 
0 
crf 1 1 9.99999984307e+17 -9.99999984307e+17 0 4 1 0 1 64
1 0.045245475 
0 
cryoConnect 2 2 8 0 0 2 1 0 1 64
1 "true"
0 
datname 2 2 8 0 0 3 1 0 1 64
1 ""
0 
d3 3 1 14 14 14 2 1 8192 1 64
1 0 
0 
d1 3 1 14 14 14 2 1 8194 1 64
1 1 
0 
customflag 4 2 4 0 0 4 1 0 1 64
1 "n"
0 
ct 7 1 1000000000 0 1 2 1 6 1 64
1 0 
0 
cutoff 1 1 9.99999984307e+17 -9.99999984307e+17 0 4 1 0 0 64
1 200 
0 
d2 3 1 14 14 14 2 1 8194 1 64
1 0 
0 
dataid 2 2 8 0 0 2 1 0 1 64
1 ""
0 
dataProcessed 1 1 9.99999984307e+17 -9.99999984307e+17 0 3 1 0 1 64
1 0 
0 
date 2 2 9 0 0 2 1 1 1 64
1 "Nov 29 2007"
0 
deltaf 1 1 100 0 0 4 1 0 1 64
1 0.0597590361446 
0 
dec2wave 2 2 8 0 0 2 1 0 1 64
1 "g"
0 
ddrpm 2 2 8 0 0 2 1 0 1 64
1 "e"
0 
dcrmv 4 2 9.99999984307e+17 -9.99999984307e+17 0 4 1 0 1 64
1 "n"
2 "y" "n" 
dcg 2 2 3 0 0 4 1 1 1 64
1 "cdc"
2 "dc" "cdc" 
ddrtc 6 1 13 13 13 2 1 8192 1 64
1 7 
0 
delta 1 1 5000000 0 0 4 1 1 1 64
1 1555.11956063 
0 
dec3wave 2 2 8 0 0 2 1 0 1 64
1 "g"
0 
decwave 2 2 8 0 0 2 1 0 1 64
1 "g"
0 
delta1 1 1 5000000 0 0 4 1 3 1 64
1 1720.08167614 
0 
dfrq3 1 1 1000000000 0 0 2 1 9 1 64
1 0 
0 
dfrq 5 1 1000000000 -1000000000 0 2 1 8 1 64
1 125.7119176 
0 
density 1 1 9.99999984307e+17 -9.99999984307e+17 0 2 1 0 1 64
1 1 
0 
dfrq2 1 1 1000000000 0 0 2 1 9 1 64
1 50.6628882 
0 
dg 2 2 1023 0 0 4 1 6 1 64
1 "1:SAMPLE:date,sample,solvent,file;1:2D ACQUISITION:sw:1,sw1:1,ni:0,phase:0,at:3,np:0,ss:0,nt:0,seqfil;2:CHANNEL 1:sfrq:3,tn,tof:1,tofps:1,tpwr:0,tpwrsf_u,tpwrsf_d,tsatpwr:0,tpwrsl:0,pw:2,pw_sl:0,phase_sl:1,alfa:1;3:CHANNEL 3:dfrq2:3,dn2,dof2:1,dpwr2:0,dpwr2_cp:0,dpwr2_comp,dhpwr2:0,pwn:2,pwn_cp:2,dm2,dmm2,dmf2,dseq2,homo;3:DELAYS:taua:5,taub:5,d1:3,d2:3;4:FLAGS:C13refoc,f1180,fsat,comp_flg;4:SPECIAL:time_T2:3,ncyc,ncyc_max,gain,temp:1;"
0 
dg1 2 2 1023 0 0 4 1 6 1 64
1 "1:DISPLAY:sp:1,wp:1,vs:0;1:REFERENCE:rfl:1,rfp:1,cr:1,delta:1;1:PHASE:lp:1,rp:1,rp1(ni):1,lp1(ni):1;2:CHART:sc:0,wc:0,hzmm:2,vp:0,axis,pltmod,,th:0,,ho:2,vo:2,,rplot,trace:2;3(ni):2D:sp1:1,wp1:1,sc2:0,wc2:0,rfl1:1,rfp1:1;3:FLAGS:aig*,dcg*,dmg*;3:FID:sf:3,wf:3,vf:0;4:INTEGRAL:intmod,is:2,ins:3,io:0,,lvl:3,tlt:3;"
0 
f1180 2 2 8 0 0 2 1 0 1 64
1 "n"
0 
dpwr2_comp 1 1 9.99999984307e+17 -9.99999984307e+17 0 2 1 0 1 64
1 48 
0 
dmf3 7 1 2000000 1 0 2 1 2 1 64
1 5200 
0 
dimZ 2 2 8 0 0 2 1 0 1 64
1 "lpe2"
0 
dhpwr2 1 1 18 18 18 2 1 8192 1 64
1 60 
0 
dgs 2 2 1023 0 0 4 1 6 1 64
5 "1:AXIAL SHIMS:z1:0,z2:0,z3:0,z4:0,z5:0,z6:0,z7:0;"
"2:NON AXIAL SHIMS:x1:0,y1:0,xz:0,yz:0,xy:0,x2y2:0,x3:0,y3:0,xz2:0,yz2:0,zxy:0,zx2y2:0,z3x:0,z3y:0;"
"3:NON AXIAL SHIMS:z2x2y2:0,z2xy:0,zx3:0,zy3:0,z4x:0,z4y:0;"
"4:AUTOMATION:method,wshim,load,,spin:0,gain:0,alock,loc:0;"
"4:SPECIAL:temp;"
0 
dglp 2 2 8 0 0 4 1 7 1 64
1 "1(lpfilt):LP:lpalg,lpopt,lpfilt:0,lpnupts:0,strtlp:0,lpext:0,strtext:0;2(lpfilt1):LP 1:lpalg1,lpopt1,lpfilt1:0,lpnupts1:0,strtlp1:0,lpext1:0,strtext1:0;3(lpfilt2):LP 2:lpalg2,lpopt2,lpfilt2:0,lpnupts2:0,strtlp2:0,lpext2:0,strtext2:0;4:LP OUTPUT:lpprint(lpfilt):0,lptrace(lpfilt):0,lpprint1(lpfilt1):0,lptrace1(lpfilt1):0,lpprint2(lpfilt2):0,lptrace2(lpfilt2):0;"
0 
dhp 1 1 9 9 9 2 1 8192 0 64
1 40 
0 
dimY 2 2 8 0 0 2 1 0 1 64
1 "lro"
0 
dimX 2 2 8 0 0 2 1 0 1 64
1 "lpe"
0 
dlp 7 1 10 10 10 2 1 8194 0 64
1 10 
0 
displaymode 4 2 9.99999984307e+17 -9.99999984307e+17 0 4 1 0 1 64
1 "r"
0 
disCmd 2 2 8 0 0 4 1 0 1 64
1 ""
0 
dimension 2 2 8 0 0 2 1 0 1 64
1 ""
0 
dlowpwr 7 1 32767 0 0 2 1 0 1 64
1 46 
0 
dm2 4 2 4 0 0 2 1 0 1 64
1 "nnn"
4 "a" "n" "s" "y" 
dm 4 2 4 0 0 2 1 0 1 64
1 "nnn"
4 "a" "n" "s" "y" 
dmf 7 1 11 11 11 2 1 8194 1 64
1 5200 
0 
dm3 4 2 4 0 0 2 1 0 1 64
1 "n"
4 "a" "n" "s" "y" 
dmf2 7 1 100000 1 0 2 1 2 1 64
1 12903 
0 
dn4ref 2 2 8 0 0 4 1 1 1 64
1 ""
0 
dn2 2 2 8 0 0 2 1 8 1 64
1 "N15"
0 
dmm 4 2 4 0 0 2 1 0 1 64
1 "ccp"
9 "c" "f" "g" "m" "p" "r" "u" "w" "x" 
dmg 2 2 2 0 0 4 1 3 1 64
1 "ph"
0 
dmg1 2 2 8 0 0 4 1 0 1 64
1 ""
4 "" "av1" "ph1" "pwr1" 
dmm3 4 2 4 0 0 2 1 0 1 64
1 "c"
9 "c" "f" "g" "m" "p" "r" "u" "w" "x" 
dmm2 2 2 8 0 0 2 1 0 1 64
1 "ccp"
0 
dn 2 2 4 0 0 2 1 8 1 64
1 "C13"
0 
dn3 2 2 8 0 0 2 1 8 1 64
1 ""
0 
dn2ref 2 2 8 0 0 4 1 1 1 64
1 ""
0 
dn2shapes 2 2 8 0 0 2 1 256 1 64
3 ""
""
""
0 
dn3ref 2 2 8 0 0 4 1 1 1 64
1 ""
0 
dn3shapes 2 2 8 0 0 2 1 256 1 64
3 ""
""
""
0 
dof2 5 1 16 16 16 2 1 8202 1 64
1 1219 
0 
dod 3 1 14 14 14 2 1 8194 1 64
1 0.00999999977648 
0 
dnshapes 2 2 8 0 0 2 1 256 1 64
3 ""
""
""
0 
dnref 2 2 8 0 0 4 1 1 1 64
1 ""
0 
dof 5 1 8 8 8 2 1 8202 1 64
1 -5602.4 
0 
dp 2 2 1 0 0 2 1 0 1 64
1 "y"
2 "y" "n" 
dotflag 2 2 8 0 0 4 1 0 1 64
1 "n"
2 "n" "y" 
dof3 5 1 20 20 20 2 1 8202 1 64
1 0 
0 
dpwr 1 1 9 9 9 2 1 8194 1 64
1 -6 
0 
dpf_wc2 1 1 9.99999984307e+17 -9.99999984307e+17 0 4 1 0 1 64
1 155 
0 
dpwr2 1 1 18 18 18 2 1 8194 1 64
1 -16 
0 
dseq2 2 2 8 0 0 2 1 0 1 64
1 "wurst40N"
0 
dres 7 1 360 1 0 2 1 0 1 64
1 90 
0 
dpwrf 1 1 4095 0 1 2 1 2 0 64
1 4095 
0 
dpwr3 1 1 21 21 21 2 1 8194 1 64
1 -16 
0 
dpwr2_cp 1 1 18 18 18 2 1 8192 1 64
1 59 
0 
dreffrq2 1 1 9.99999984307e+17 -9.99999984307e+17 0 2 1 0 1 64
1 50.6567045435 
0 
dreffrq 1 1 9.99999984307e+17 -9.99999984307e+17 0 2 1 0 1 64
1 125.705271583 
0 
dreffrq3 1 1 9.99999984307e+17 -9.99999984307e+17 0 2 1 0 1 64
1 0 
0 
dres3 7 1 360 1 0 2 1 0 1 64
1 90 
0 
dres2 7 1 360 1 0 2 1 0 1 64
1 9 
0 
dseq 2 2 8 0 0 2 1 0 1 64
1 "waltz16"
0 
dutyc 1 1 9.99999984307e+17 -9.99999984307e+17 0 2 1 0 1 64
1 0.1 
0 
dss_wc 1 1 9.99999984307e+17 -9.99999984307e+17 0 4 1 0 1 64
1 237.5 
0 
dss_sc 1 1 9.99999984307e+17 -9.99999984307e+17 0 4 1 0 1 64
1 0 
0 
dseq3 2 2 8 0 0 2 1 0 1 64
1 ""
0 
dss_sc2 1 1 9.99999984307e+17 -9.99999984307e+17 0 4 1 0 1 64
1 0 
0 
dss_wc2 1 1 9.99999984307e+17 -9.99999984307e+17 0 4 1 0 1 64
1 154.5 
0 
emessage 4 2 4 0 0 2 1 0 1 64
1 "n"
0 
emailaddr 2 2 8 0 0 4 1 0 1 64
1 ""
0 
eOptions 2 2 8 0 0 4 1 264 1 64
1 ""
0 
emailwhen 2 2 8 0 0 2 1 0 1 64
1 ""
0 
explist 2 2 8 0 0 2 1 256 1 64
1 ""
0 
execprocess 2 2 8 0 0 2 1 0 1 64
1 " return "
0 
empty_noise 1 1 9.99999984307e+17 -9.99999984307e+17 0 2 1 0 1 64
1 0 
0 
explabel 2 2 8 0 0 2 1 0 1 64
1 "gNcpmgex"
0 
exppath 2 2 8 0 0 2 1 0 1 64
1 "/home/georgeg/vnmrsys/exp100/acqfil"
0 
fnoesy 4 2 4 0 0 2 1 0 1 64
1 "n"
0 
file 2 2 6 0 0 2 1 3 1 64
1 "/rpdnmr/applab/data/etishche/et_biopack_update/parlib_src//gNcpmgex.par"
0 
fb 7 1 6 6 6 2 1 8203 1 64
1 7000 
0 
f2SW 2 2 8 0 0 2 1 1 1 64
1 ""
0 
f1coef 2 2 8 0 0 2 1 0 1 64
1 "1 0 -1 0 0 1 0 1"
0 
f1SW 2 2 8 0 0 2 1 1 1 64
1 ""
0 
fad1 2 2 8 0 0 2 1 0 1 64
1 "y"
0 
faculty 2 2 8 0 0 2 1 0 1 64
1 ""
0 
fadflg 4 2 4 0 0 2 1 0 1 64
1 "n"
0 
fdffile 2 2 8 0 0 3 1 0 1 64
1 ""
0 
fdfdir 2 2 8 0 0 3 1 0 1 64
1 ""
0 
fidid 2 2 8 0 0 2 1 0 1 64
1 ""
0 
fmlev 4 2 4 0 0 2 1 0 1 64
1 "n"
0 
filter 7 1 1000000000 0 1 2 1 2 1 64
1 54.0999984741 
0 
filename 2 2 8 0 0 2 1 1 1 64
1 ""
0 
filtfile 2 2 8 0 0 2 1 0 1 64
1 ""
0 
fn_ni 7 1 32767 0 0 2 1 0 1 64
1 1024 
0 
fn1 7 1 524288 64 -2 3 1 1 1 64
1 2048 
0 
fn 7 1 524288 64 -2 3 1 1 1 64
1 4096 
0 
fn_ni3 7 1 32767 0 0 2 1 0 1 64
1 256 
0 
fn_ni2 7 1 32767 0 0 2 1 0 1 64
1 512 
0 
fn_obs 7 1 32767 0 0 2 1 0 1 64
1 4096 
0 
gap 1 1 9.99999984307e+17 -9.99999984307e+17 0 2 1 0 1 64
1 0 
0 
fsat 2 2 8 0 0 2 1 0 1 64
1 "n"
0 
fpmult1 1 1 1000000000 0 0 3 1 0 1 64
1 0.5 
0 
fpmult 1 1 10 -10 0 3 1 0 1 64
1 0.5 
0 
ftproc 1 1 9.99999984307e+17 -9.99999984307e+17 0 3 1 256 1 64
2 1 0 
0 
fscuba 4 2 4 0 0 2 1 0 1 64
1 "n"
0 
gain 1 1 60 0 2 2 1 0 1 64
1 24 
0 
fzoom 7 1 32767 0 0 4 1 0 1 64
1 0 
0 
gain2 1 1 60 0 2 2 1 1 1 64
1 30 
0 
gt2 3 1 14 14 14 2 1 8192 1 64
1 0.001 
0 
gmax 1 1 9.99999984307e+17 -9.99999984307e+17 0 2 1 0 1 64
1 0 
0 
gf1 1 1 100000 0 0 3 1 1 1 64
1 0.0191296875 
0 
gender 2 2 8 0 0 3 1 0 1 64
1 ""
0 
gcoil 2 2 8 0 0 2 1 9 1 64
1 "None"
0 
gf 1 1 100000 0 0 3 1 1 0 64
1 0.0279739834368 
0 
gfs1 1 1 1000 -1000 0.001 3 1 1 0 64
1 0 
0 
gfs 1 1 1000 -1000 0.001 3 1 1 0 64
1 0.005 
0 
gstab 3 1 14 14 14 2 1 8192 1 64
1 0.0003 
0 
gpropdelay 6 1 13 13 13 2 1 8192 1 64
1 0 
0 
gradalt 1 1 9.99999984307e+17 -9.99999984307e+17 0 2 1 0 1 64
1 1 
0 
gt1 3 1 14 14 14 2 1 8192 1 64
1 0.0004 
0 
gxmax 1 1 9.99999984307e+17 -9.99999984307e+17 0 2 1 0 1 64
1 0 
0 
gt6 3 1 14 14 14 2 1 8192 1 64
1 0.0005 
0 
gt4 3 1 14 14 14 2 1 8192 1 64
1 0.0005 
0 
gt3 3 1 14 14 14 2 1 8192 1 64
1 0.0003 
0 
gt5 3 1 14 14 14 2 1 8192 1 64
1 0.0005 
0 
gtotlimit 1 1 9.99999984307e+17 -9.99999984307e+17 0 2 1 0 1 64
1 95 
0 
gzcal 1 1 9.99999984307e+17 -9.99999984307e+17 0 2 1 0 1 64
1 0.002183 
0 
gymax 1 1 9.99999984307e+17 -9.99999984307e+17 0 2 1 0 1 64
1 0 
0 
gxppars 2 2 8 0 0 2 1 0 1 64
1 ""
0 
gzlvl2 1 1 32768 -32768 1 2 1 0 1 64
1 12000 
0 
gzlvl1 1 1 32768 -32768 1 2 1 0 1 64
1 5000 
0 
gzlvl3 1 1 32768 -32768 1 2 1 0 1 64
1 8000 
0 
r2 1 1 1e+18 -1e+18 0 4 1 1 1 64
1 0 
0 
n3 2 2 6 0 0 4 1 3 1 64
1 "dpwr2_comp"
0 
iplanDefaultVoxSize 1 1 9.99999984307e+17 -9.99999984307e+17 0 2 1 0 1 64
1 10 
0 
hst 3 1 0.02 0 2.5e-08 2 1 2 1 64
1 0.004 
0 
hdseq 2 2 8 0 0 2 1 0 1 64
1 ""
0 
hdof 5 1 1000000000 -1000000000 0 2 1 0 1 64
1 0 
0 
gzmax 1 1 9.99999984307e+17 -9.99999984307e+17 0 2 1 0 1 64
1 0 
0 
gzlvl5 1 1 32768 -32768 1 2 1 0 1 64
1 0 
0 
gzlvl6 1 1 32768 -32768 1 2 1 0 1 64
1 21000 
0 
gzwin 1 1 9.99999984307e+17 -9.99999984307e+17 0 2 1 0 1 64
1 0 
0 
gzsize 1 1 9.99999984307e+17 -9.99999984307e+17 0 2 1 0 1 64
1 0 
0 
hdfrqw 1 1 9.99999984307e+17 -9.99999984307e+17 0 2 1 256 0 64
1 10 
0 
hdfrqc 5 1 1000000000 -1000000000 0 2 1 256 0 64
1 0 
0 
hdmf 1 1 9.99999984307e+17 -9.99999984307e+17 0 2 1 0 1 64
1 1000 
0 
hdpwrf 1 1 9.99999984307e+17 -9.99999984307e+17 0 2 1 0 1 64
1 4095 
0 
hdpwr 1 1 9.99999984307e+17 -9.99999984307e+17 0 2 1 0 1 64
1 0 
0 
hdpsmode 4 2 4 0 0 2 1 0 1 64
1 "n"
0 
hdres 1 1 9.99999984307e+17 -9.99999984307e+17 0 2 1 0 1 64
1 0.9 
0 
homo2 4 2 4 0 0 2 1 0 1 64
1 "n"
2 "n" "y" 
ho 1 1 500 -500 0 4 1 1 1 64
1 -63.75 
0 
hdwshimlist 2 2 8 0 0 2 1 0 1 64
1 ""
0 
hdwave 2 2 8 0 0 2 1 0 1 64
1 "SEDUCE1"
0 
height 1 1 9.9e+17 0 0.001 3 1 0 1 64
1 0 
0 
homo 2 2 8 0 0 2 1 8 1 64
1 "n"
2 "n" "y" 
homorof2 6 1 13 13 13 2 1 8192 1 64
1 2 
0 
homorof1 6 1 13 13 13 2 1 8192 1 64
1 2 
0 
homo3 4 2 4 0 0 2 1 0 1 64
1 "n"
2 "n" "y" 
hs 4 2 4 0 0 2 1 0 1 64
1 "nnnnn"
2 "n" "y" 
homorof3 6 1 13 13 13 2 1 8192 1 64
1 2 
0 
hscuba 3 1 14 14 14 2 1 8192 1 64
1 0.03 
0 
ins2 1 1 9.99999984307e+17 -9.99999984307e+17 0 4 1 0 1 64
1 100 
0 
il 2 2 1 0 0 2 1 0 1 64
1 "n"
2 "y" "n" 
ident 2 2 8 0 0 3 1 0 1 64
1 ""
0 
hzmm 1 1 1000000000 -1000000000 0 4 1 11 1 64
1 50.6072874494 
0 
ins 3 1 8190 0 1e-07 4 1 3 1 64
1 100 
0 
in 4 2 1 0 0 2 1 0 1 64
1 "n"
3 "n" "w" "y" 
io 1 1 500 -500 0.1 4 1 1 1 64
1 10 
0 
intmod 2 2 8 0 0 4 1 0 1 64
1 "off"
3 "off" "partial" "full" 
insref 1 1 9.99999984307e+17 -9.99999984307e+17 0 4 1 0 0 64
1 1 
0 
ins2ref 1 1 9.99999984307e+17 -9.99999984307e+17 0 4 1 0 0 64
1 1 
0 
investigator 2 2 8 0 0 2 1 0 1 64
1 ""
0 
intstd 2 2 8 0 0 2 1 0 1 64
1 ""
0 
iplanDefaultThk 1 1 9.99999984307e+17 -9.99999984307e+17 0 2 1 0 1 64
1 4 
0 
iplanDefaultNs 1 1 9.99999984307e+17 -9.99999984307e+17 0 2 1 0 1 64
1 5 
0 
iplanDefaultSize 1 1 9.99999984307e+17 -9.99999984307e+17 0 2 1 0 1 64
1 5 
0 
iplanDefaultType 1 1 9.99999984307e+17 -9.99999984307e+17 0 2 1 0 1 64
1 0 
0 
lpfilt 7 1 32767 1 1 3 1 0 1 64
1 32 
0 
llfrq 1 1 1000000000 -1000000000 0 4 1 0 0 64
2 2861.328125 2301.43229167 
0 
liamp 1 1 1000000000 0 0 4 1 0 0 64
1 0 
0 
layout 2 2 8 0 0 4 1 0 1 64
1 "gNcpmgex"
0 
is 1 1 1000000000 1e-06 0 4 1 3 1 64
1 10257.0387971 
0 
iplanType 1 1 9.99999984307e+17 -9.99999984307e+17 0 2 1 0 1 64
1 0 
0 
iswt 1 1 9.99999984307e+17 -9.99999984307e+17 0 2 1 0 1 64
1 0 
0 
lb1 1 1 100000 -100000 0 3 1 1 0 64
1 0.318309992552 
0 
lb 1 1 100000 -100000 0 3 1 1 0 64
1 5 
0 
llamp 1 1 1000000000 0 0 4 1 0 0 64
2 9.64802529779e-05 8.5968284111e-05 
0 
lifrq 1 1 1000000000 -1000000000 0 4 1 0 1 64
1 0 
0 
lp1 1 1 3600 -3600 0.1 4 1 3 1 64
1 0 
0 
longlist 2 2 8 0 0 2 1 256 1 64
1 ""
0 
load 2 2 4 0 0 2 1 3 1 64
1 "n"
2 "y" "n" 
lllabel 2 2 8 0 0 3 1 0 1 64
1 ""
0 
locdir 2 2 8 0 0 2 1 0 1 64
1 ""
0 
lot 2 2 8 0 0 2 1 0 1 64
1 ""
0 
lp 1 1 3600 -3600 0.1 4 1 3 1 64
1 0 
0 
lpext 7 1 1000000 0 1 3 1 0 1 64
1 1 
0 
lpalg 2 2 8 0 0 3 1 0 1 64
1 "lpfft"
0 
lpalg1 2 2 8 0 0 3 1 0 1 64
1 "lpfft"
0 
lpext1 7 1 1000000 0 1 3 1 0 1 64
1 384 
0 
lsfrq 1 1 9.99999984307e+17 -9.99999984307e+17 0 3 1 0 0 64
1 0 
0 
lptrace 7 1 32767 0 1 3 1 0 1 64
1 0 
0 
lpopt 2 2 8 0 0 3 1 0 1 64
1 "b"
0 
lpnupts 7 1 1000000 1 1 3 1 0 1 64
1 64 
0 
lpfilt1 7 1 32767 1 1 3 1 0 1 64
1 8 
0 
lpnupts1 7 1 1000000 1 1 3 1 0 1 64
1 128 
0 
lpprint 7 1 63 0 1 3 1 0 1 64
1 0 
0 
lpopt1 2 2 8 0 0 3 1 0 1 64
1 "f"
0 
lpprint1 7 1 63 0 1 3 1 0 1 64
1 0 
0 
lsfid 7 1 64000 -64000 1 3 1 0 0 64
1 0 
0 
lptrace1 7 1 32767 0 1 3 1 0 1 64
1 0 
0 
lsfid1 7 1 64000 -64000 1 3 1 0 0 64
1 0 
0 
mixmlev 3 1 14 14 14 2 1 8192 1 64
1 0.02 
0 
math 2 2 1 0 0 3 1 3 1 64
1 "f"
3 "d" "f" "i" 
lvl 1 1 1000000000 -1000000000 0 4 1 1 1 64
1 0 
0 
lsfrq1 1 1 9.99999984307e+17 -9.99999984307e+17 0 3 1 0 0 64
1 0 
0 
macro 2 2 6 0 0 4 1 3 1 64
1 ""
0 
method 2 2 6 0 0 2 1 3 1 64
1 "/vnmr/shimmethods/z1z2"
0 
mfslp 4 2 4 0 0 2 1 0 1 64
1 "n"
0 
mlevpwr 7 1 32767 0 0 2 1 0 1 64
1 50 
0 
mixshift 3 1 14 14 14 2 1 8192 1 64
1 0 
0 
mixnoe 3 1 14 14 14 2 1 8192 1 64
1 0.14 
0 
n1 2 2 6 0 0 4 1 3 1 64
1 ""
0 
modules 2 2 8 0 0 2 1 1 1 64
1 " par2D"
0 
n2 2 2 6 0 0 4 1 3 1 64
1 ""
0 
posX 2 2 8 0 0 2 1 0 1 64
1 "ppe"
0 
oslsfrq 1 1 9.99999984307e+17 -9.99999984307e+17 0 2 1 1 0 64
1 0 
0 
notebook 2 2 8 0 0 2 1 0 1 64
1 ""
0 
ncycmax 1 1 9.99999984307e+17 -9.99999984307e+17 0 2 1 0 1 64
1 10 
0 
ncyc 7 1 32767 0 0 2 1 0 1 64
1 20 
0 
name 2 2 8 0 0 3 1 0 1 64
1 ""
0 
nameprefix 2 2 8 0 0 2 1 9 1 64
1 ""
0 
ncyc_max 1 1 9.99999984307e+17 -9.99999984307e+17 0 2 1 0 1 64
1 30 
0 
ni 7 1 32767 0 0 2 1 0 1 64
1 1 
0 
newmodules 2 2 8 0 0 2 1 1 1 64
1 ""
0 
nuc_obs 2 2 8 0 0 2 1 0 1 64
1 "N/A!"
0 
nuc_ni 2 2 8 0 0 2 1 0 1 64
1 "N/A!"
0 
nt 7 1 1000000000 1 1 2 1 2 1 64
1 16 
0 
np 7 1 524288 32 2 2 1 11 1 64
1 2048 
0 
nuc_ni2 2 2 8 0 0 2 1 0 1 64
1 "N/A!"
0 
nuc_ni3 2 2 8 0 0 2 1 0 1 64
1 "CO"
0 
operator_ 2 2 8 0 0 2 1 0 1 64
1 "georgeg"
0 
obsSW 2 2 8 0 0 2 1 1 1 64
1 ""
0 
osfb 1 1 100000 0 0 2 1 1 0 64
1 0 
0 
oscoef 7 1 49999 3 2 2 1 1 1 64
1 247 
0 
osfilt 2 2 8 0 0 2 1 0 1 64
1 ""
5 "a" "A" "b" "B" "" 
phase 7 1 4 0 1 2 1 0 1 64
1 1 
0 
pad 3 1 14 14 14 2 1 8194 1 64
1 0 
0 
p1 6 1 13 13 13 2 1 8194 1 64
1 0 
0 
oversamp 7 1 68 0 1 2 1 9 1 64
1 1 
0 
paramChanged 1 1 9.99999984307e+17 -9.99999984307e+17 0 2 1 0 1 64
1 0 
0 
page 2 2 8 0 0 2 1 0 1 64
1 ""
0 
parver 2 2 8 0 0 2 1 0 1 64
1 "VnmrJ VERSION 4.2 REVISION devel"
0 
parlabel 2 2 8 0 0 2 1 5 1 64
1 ""
0 
parversion 1 1 9.99999984307e+17 -9.99999984307e+17 0 2 1 4 1 64
1 5.1 
0 
pipeistCMult 2 2 8 0 0 3 1 0 1 64
1 "0.3"
0 
pipeQ1 2 2 8 0 0 3 1 0 1 64
2 "0"
"0"
0 
pipeELB 2 2 8 0 0 3 1 0 1 64
2 "0"
"0"
0 
phfid 1 1 3600 -3600 0.1 3 1 0 0 64
1 0 
0 
phase_sl 1 1 360 0 0.5 2 1 0 1 64
1 0 
0 
phfid1 1 1 3600 -3600 0.1 3 1 0 0 64
1 0 
0 
pipeGLB 2 2 8 0 0 3 1 0 1 64
2 "4"
"4"
0 
pipeGOFF 2 2 8 0 0 3 1 0 1 64
2 "0"
"0"
0 
pipeQ3 2 2 8 0 0 3 1 0 1 64
2 "0"
"0"
0 
pipeQ2 2 2 8 0 0 3 1 0 1 64
2 "0"
"0"
0 
plt2Darg 2 2 8 0 0 4 1 272 1 64
8 "both"
"20"
"1.3"
"f2"
"f1"
""
""
""
0 
pipeistMaxRes 2 2 8 0 0 3 1 0 1 64
1 "1"
0 
pipeistIter 2 2 8 0 0 3 1 0 1 64
1 "1024"
0 
plocklist 2 2 8 0 0 2 1 1 1 64
1 ""
0 
pipeistTMult 2 2 8 0 0 3 1 0 1 64
1 "0.7"
0 
plotoption 2 2 8 0 0 4 1 0 1 64
1 ""
0 
pltopt 4 2 4 0 0 2 1 0 1 64
1 "y"
0 
pltmod 2 2 8 0 0 4 1 0 1 64
1 "off"
5 "off" "fixed" "full" "variable" "user" 
pmode 2 2 8 0 0 3 1 0 1 64
1 "full"
0 
pslabel 2 2 8 0 0 2 1 11 1 64
1 "gNcpmgex"
0 
prescribed 2 2 8 0 0 2 1 0 1 64
1 "n"
0 
pplvl_cf 1 1 9.99999984307e+17 -9.99999984307e+17 0 2 1 0 1 64
1 1 
0 
position2 2 2 8 0 0 3 1 0 1 64
1 ""
0 
posZ 2 2 8 0 0 2 1 0 1 64
1 "pss0"
0 
posY 2 2 8 0 0 2 1 0 1 64
1 "pro"
0 
position1 2 2 8 0 0 3 1 0 1 64
1 ""
0 
pplvl 1 1 9 9 9 2 1 8192 1 64
1 55 
0 
pp 6 1 13 13 13 2 1 8192 1 64
1 15 
0 
preacq 6 1 13 13 13 2 1 8192 0 64
1 0 
0 
prcopt 4 2 4 0 0 2 1 0 1 64
1 "y"
0 
presat 3 1 14 14 14 2 1 8192 1 64
1 1.5 
0 
prescan 2 2 8 0 0 3 1 256 1 64
11 "Not done"
"Not done"
"off"
"off"
"off"
"off"
"off"
"on"
"on"
""
""
0 
proc_ni2 2 2 8 0 0 2 1 0 1 64
1 "BPexpress_setup_proc('ni2')"
0 
proc1 2 2 10 0 0 3 2 1 1 64
1 "ft"
0 
proc 2 2 10 0 0 3 1 1 1 64
1 "ft"
0 
priority 7 1 32768 0 1 2 1 0 1 64
1 5 
0 
proc_ni 2 2 8 0 0 2 1 0 1 64
1 "BPexpress_setup_proc('ni')"
0 
proc_3d 2 2 8 0 0 2 1 0 1 64
1 "BPexpress_setup_proc('3d')"
0 
procdim 7 1 1000000000 -1000000000 0 3 1 0 1 64
1 0 
0 
proc_obs 2 2 8 0 0 2 1 0 1 64
1 "BPexpress_setup_proc('obs')"
0 
proc_nus_cmd 2 2 8 0 0 2 1 0 1 64
1 "BPexpress_setup_proc('nus')"
0 
protocols 2 2 8 0 0 3 1 0 1 64
1 ""
0 
processid 1 1 9.99999984307e+17 -9.99999984307e+17 0 2 1 0 1 64
1 0 
0 
pwmlev 6 1 13 13 13 2 1 8192 1 64
1 15.5 
0 
pwN 6 1 13 13 13 2 1 8192 1 64
1 33 
0 
pwC 6 1 13 13 13 2 1 8192 1 64
1 13.5 
0 
pw 6 1 13 13 13 2 1 8194 1 64
1 8 
0 
pss0 1 1 9.99999984307e+17 -9.99999984307e+17 0 2 1 0 1 64
1 0 
0 
pw90 6 1 13 13 13 2 1 8194 1 64
1 8 
0 
pwHs 6 1 13 13 13 2 1 8192 1 64
1 1420 
0 
pwClvl 1 1 63 -37 0.5 2 1 0 1 64
1 63 
0 
pw_sl 6 1 13 13 13 2 1 8192 1 64
1 1420 
0 
pwNlvl 1 1 63 -37 0.5 2 1 0 1 64
1 62 
0 
pwx1 6 1 13 13 13 2 1 8192 1 64
1 36 
0 
pwn_cp 6 1 13 13 13 2 1 8192 1 64
1 37.1 
0 
pwn 6 1 13 13 13 2 1 8192 1 64
1 33 
0 
pwx 6 1 13 13 13 2 1 8192 1 64
1 15 
0 
pwx2lvl_cf 1 1 9.99999984307e+17 -9.99999984307e+17 0 2 1 0 1 64
1 1 
0 
pwx2lvl 1 1 18 18 18 2 1 8192 1 64
1 55 
0 
pwx2 6 1 13 13 13 2 1 8192 1 64
1 15 
0 
pwxlvl_cf 1 1 9.99999984307e+17 -9.99999984307e+17 0 2 1 0 1 64
1 1 
0 
pwxlvl 1 1 9 9 9 2 1 8192 1 64
1 55 
0 
r1 1 1 1e+18 -1e+18 0 4 1 1 1 64
1 0 
0 
tpwr 1 1 63 -37 0.5 2 1 2 1 64
1 63 
0 
seqfil 2 2 8 0 0 2 1 11 1 64
1 "gNcpmgex"
0 
rp1 1 1 3600 -3600 0.1 4 1 3 1 64
1 0 
0 
refpos1 1 1 9.99999984307e+17 -9.99999984307e+17 0 4 1 0 0 64
1 0 
0 
ref1 5 1 1000000000 -1000000000 0 3 1 0 1 64
1 0 
0 
r5 1 1 1e+18 -1e+18 0 4 1 1 1 64
1 0 
0 
r4 1 1 1e+18 -1e+18 0 4 1 1 1 64
1 0 
0 
r3 1 1 1e+18 -1e+18 0 4 1 1 1 64
1 0 
0 
r7 1 1 1e+18 -1e+18 0 4 1 1 1 64
1 0 
0 
r6 1 1 1e+18 -1e+18 0 4 1 1 1 64
1 0 
0 
ref 5 1 1000000000 -1000000000 0 3 4 0 1 64
1 0 
0 
rcvrs 4 2 4 0 0 2 1 1 1 64
1 "y"
2 "n" "y" 
reffrq 1 1 9.99999984307e+17 -9.99999984307e+17 0 4 1 0 1 64
1 599.374095576 
0 
ref_pwr 1 1 9.99999984307e+17 -9.99999984307e+17 0 2 1 0 1 64
1 63 
0 
ref_pw90 6 1 13 13 13 2 1 8192 1 64
1 7.44 
0 
reffrq2 1 1 9.99999984307e+17 -9.99999984307e+17 0 4 1 0 1 64
1 60.7915131 
0 
reffrq1 1 1 9.99999984307e+17 -9.99999984307e+17 0 4 1 0 1 64
1 150.856386048 
0 
refpos 1 1 9.99999984307e+17 -9.99999984307e+17 0 4 1 0 1 64
1 0 
0 
rfp 1 1 1000000000 -1000000000 0 4 1 1 1 64
1 0 
0 
rfband 4 2 4 0 0 2 1 0 1 64
1 "cccc"
3 "c" "h" "l" 
refsource1 2 2 8 0 0 4 1 0 1 64
1 "dfrq"
0 
refpos2 1 1 9.99999984307e+17 -9.99999984307e+17 0 4 1 0 0 64
1 0 
0 
researchgroup 2 2 8 0 0 2 1 0 1 64
1 ""
0 
refsource2 2 2 8 0 0 4 1 0 1 64
1 "dfrq2"
0 
retentiontime_ 2 2 8 0 0 2 1 0 1 64
1 ""
0 
rfl 1 1 1000000000 -1000000000 0 4 1 1 1 64
1 3227.09136853 
0 
rfcoil 2 2 8 0 0 2 1 0 1 64
1 ""
0 
rfl1 1 1 1000000000 -1000000000 0 4 1 1 1 64
1 -6060.40183245 
0 
rof2 6 1 13 13 13 2 1 8194 1 64
1 33 
0 
rof1 6 1 13 13 13 2 1 8194 1 64
1 10 
0 
rfp1 1 1 1000000000 -1000000000 0 4 1 1 1 64
1 0 
0 
rp 1 1 3600 -3600 0.1 4 1 3 1 64
1 -39.9677019999 
0 
sb 1 1 1000 -1000 0.001 3 1 0 1 64
1 -0.085 
0 
sar 1 1 9.99999984307e+17 -9.99999984307e+17 0 2 1 256 1 64
2 0 0 
0 
samplename 2 2 8 0 0 2 1 8 1 64
1 ""
0 
sample 2 2 8 0 0 2 1 0 1 64
1 ""
0 
sa 7 1 10000000 0 0 3 1 1 0 64
1 1024 
0 
sample_noise 1 1 9.99999984307e+17 -9.99999984307e+17 0 2 1 0 1 64
1 0 
0 
sampling 2 2 8 0 0 2 1 0 1 64
1 "s"
0 
sampleowner 2 2 8 0 0 2 1 0 1 64
1 ""
0 
sampwt 1 1 9.99999984307e+17 -9.99999984307e+17 0 2 1 0 1 64
1 0 
0 
satfrq 5 1 1000000000 -1000000000 0 2 1 0 1 64
1 -9970 
0 
sas 7 1 10000000 0 0 3 1 1 0 64
1 0 
0 
satdly 3 1 14 14 14 2 1 8192 1 64
1 0 
0 
satpwr 1 1 9.99999984307e+17 -9.99999984307e+17 0 2 1 0 1 64
1 12 
0 
satmode 4 2 4 0 0 2 1 0 1 64
1 "n"
0 
saveshapes 2 2 8 0 0 2 1 256 1 64
1 ""
0 
sbs1 1 1 1000 -1000 0.001 3 1 1 1 64
1 -0.205 
0 
sbs 1 1 1000 -1000 0.001 3 1 1 1 64
1 -0.085 
0 
sb1 1 1 1000 -1000 0.001 3 1 1 1 64
1 -0.205 
0 
sc2 1 1 3 3 3 4 1 8195 1 64
1 0 
0 
sc 1 1 1 1 1 4 1 8195 1 64
1 3.125 
0 
scoutinfo 2 2 8 0 0 2 1 256 1 64
1 ""
0 
scans 2 2 8 0 0 3 1 0 1 64
1 ""
0 
sdirtmplt 2 2 8 0 0 2 1 0 1 64
1 ""
0 
ssntaps 7 1 2500 0 1 3 1 0 1 64
1 200 
0 
solvfactor 1 1 9.99999984307e+17 -9.99999984307e+17 0 2 1 0 1 64
1 -3.3e-07 
0 
shims 2 2 8 0 0 2 1 0 1 64
1 ""
0 
sf1 1 1 9.99999984307e+17 -9.99999984307e+17 0 4 1 0 1 64
1 0 
0 
sf 1 1 8190 0 1e-07 4 1 3 1 64
1 0 
0 
setup_nus_cmd 2 2 8 0 0 2 1 0 1 64
1 "BPexpress_setup_nus"
0 
sfrq 1 1 1000000000 0 0 2 1 11 1 64
1 499.924761 
0 
sn 1 1 1e+18 -1e+18 0 3 1 1 1 64
1 0 
0 
shp_sl 2 2 8 0 0 2 1 0 1 64
1 "H2Osinc"
0 
solvent 2 2 6 0 0 2 1 11 1 64
1 "d2o"
0 
ss 7 1 32767 -32768 0 2 1 0 1 64
1 4 
0 
sp1 1 1 1000000000 -1000000000 0 4 1 3 1 64
1 6314.30808245 
0 
sp 1 1 1000000000 -1000000000 0 4 1 3 1 64
1 -3227.09136853 
0 
srate 7 1 32767 0 1 2 1 0 1 64
1 25 
0 
spin 1 1 39 0 1 2 1 0 0 64
1 0 
0 
sreffrq 1 1 9.99999984307e+17 -9.99999984307e+17 0 2 1 0 1 64
1 499.922475824 
0 
sslsfrq 1 1 9.99999984307e+17 -9.99999984307e+17 0 3 1 0 0 64
1 0 
0 
ssfilter 1 1 50000 10 0.1 3 1 0 1 64
1 200 
0 
time_exp 2 2 8 0 0 2 1 0 1 64
1 ""
0 
sw 1 1 5 5 5 2 4 8203 1 64
1 12019.2307692 
0 
strtlp1 7 1 1000000 1 1 3 1 0 1 64
1 128 
0 
strtext1 7 1 1000000 1 1 3 1 0 1 64
1 129 
0 
sspul 2 2 8 0 0 2 1 0 1 64
1 "n"
0 
ssorder 7 1 20 1 1 3 1 0 0 64
1 7 
0 
strtext 7 1 1000000 1 1 3 1 0 1 64
1 1 
0 
strtlp 7 1 1000000 1 1 3 1 0 1 64
1 2 
0 
studyowner 2 2 8 0 0 2 1 0 1 64
1 "et"
0 
study 2 2 8 0 0 3 1 0 1 64
1 ""
0 
strtpar 2 2 8 0 0 2 1 0 1 64
1 ""
0 
svfopt 4 2 4 0 0 2 1 0 1 64
1 "y"
0 
studystatus 2 2 8 0 0 2 1 0 1 64
1 ""
0 
svftmplt 2 2 8 0 0 2 1 0 1 64
1 ""
0 
temp 1 1 200 -150 0.1 2 1 8 1 64
1 25 
0 
taua 3 1 14 14 14 2 1 8192 1 64
1 0.00235 
0 
sw1 1 1 5000000 1 -2.5e-08 2 6 0 1 64
1 2249.3 
0 
taub 3 1 14 14 14 2 1 8192 1 64
1 0.002677 
0 
time_T2 3 1 14 14 14 2 1 8192 1 64
1 0.03 
0 
th 1 1 1000000000 0 0 4 1 1 1 64
1 1 
0 
text_string 2 2 8 0 0 4 1 256 1 64
1 ""
0 
th2d 1 1 1 1e-18 0 4 1 17 1 64
1 0.8 
0 
time_complete 2 2 8 0 0 2 1 0 1 64
1 "20071129T163051"
0 
tin 2 2 1 0 0 2 1 2 1 64
1 "n"
3 "n" "w" "y" 
time_saved 2 2 8 0 0 2 1 0 1 64
1 "20140403T164955"
0 
time_processed 2 2 8 0 0 3 1 0 1 64
1 ""
0 
time_plotted 2 2 8 0 0 3 1 0 1 64
1 ""
0 
time_run 2 2 8 0 0 2 1 0 1 64
1 "20071129T163051"
0 
time_submitted_local 2 2 8 0 0 2 1 0 1 64
1 "20071129T163051X04PMThuNov"
0 
time_submitted 2 2 8 0 0 2 1 0 1 64
1 "20071129T163051"
0 
time_svfdate 2 2 8 0 0 2 1 0 1 64
1 "20071129T163051"
0 
tnsat 4 2 4 0 0 2 1 0 1 64
1 "y"
0 
tn 2 2 4 0 0 2 1 8 1 64
1 "H1"
0 
tlt 1 1 1000000000 -1000000000 0 4 1 1 1 64
1 0 
0 
tnref 2 2 8 0 0 4 1 1 1 64
1 ""
0 
tof 5 1 7 7 7 2 1 8202 1 64
1 -214.4 
0 
tnshapes 2 2 8 0 0 2 1 256 1 64
3 ""
""
""
0 
tofps 5 1 1000000000 -1000000000 0 2 1 0 1 64
1 -214.4 
0 
x3 7 1 19 19 19 2 1 8192 1 64
1 -3988 
0 
wdone 2 2 8 0 0 3 1 0 1 64
1 "acqdone"
0 
username 2 2 8 0 0 2 1 0 1 64
1 "georgeg"
0 
tpwrsf_t 1 1 9.99999984307e+17 -9.99999984307e+17 0 2 1 0 1 64
1 2888 
0 
tpwrsf_a 1 1 9.99999984307e+17 -9.99999984307e+17 0 2 1 0 1 64
1 2400 
0 
tpwrf 1 1 4095 0 1 2 1 2 0 64
1 4095 
0 
tpwr_cf 1 1 9.99999984307e+17 -9.99999984307e+17 0 2 1 0 1 64
1 1 
0 
tpwrsf 1 1 9.99999984307e+17 -9.99999984307e+17 0 2 1 0 1 64
1 2347 
0 
tpwrsf_i 1 1 9.99999984307e+17 -9.99999984307e+17 0 2 1 0 1 64
1 2347 
0 
tpwrsf_d 1 1 9.99999984307e+17 -9.99999984307e+17 0 2 1 0 1 64
1 3036 
0 
tpwrsf_n 1 1 9.99999984307e+17 -9.99999984307e+17 0 2 1 0 1 64
1 2258 
0 
trace 2 2 2 0 0 4 1 3 1 64
1 "f1"
2 "f1" "f2" 
tpwrsl 1 1 17 17 17 2 1 8192 1 64
1 10 
0 
tpwrsf_u 1 1 9.99999984307e+17 -9.99999984307e+17 0 2 1 0 1 64
1 2325 
0 
tsatpwr 1 1 17 17 17 2 1 8192 1 64
1 -16 
0 
trise 1 1 9.99999984307e+17 -9.99999984307e+17 0 2 1 0 1 64
1 1e-05 
0 
tunemethod 2 2 8 0 0 2 1 0 1 64
1 "lohi"
0 
vs2d 1 1 1000000000 1e-06 0 4 1 3 1 64
1 1500 
0 
vo 1 1 500 -500 0 4 1 1 1 64
1 0 
0 
vjDebugString 2 2 8 0 0 2 1 0 1 64
1 ",cryocmd,"
0 
userprocess 2 2 8 0 0 2 1 0 1 64
1 "return"
0 
userplotter 2 2 8 0 0 4 1 0 1 64
1 ""
0 
vf 1 1 1000000000 0 0 4 1 3 1 64
1 32204771954.2 
0 
vjdialogarg 2 2 8 0 0 4 1 256 1 64
1 ""
0 
vjdialog 2 2 8 0 0 4 1 256 1 64
1 ""
0 
vp 7 1 500 -500 0.1 4 1 3 1 64
1 54.7058808185 
0 
volume 1 1 9.99999984307e+17 -9.99999984307e+17 0 2 1 0 1 64
1 0 
0 
vpfi 1 1 500 -500 0 4 1 0 1 64
1 0 
0 
vpf 1 1 500 -500 0 4 1 0 1 64
1 16.1448614824 
0 
vs 1 1 1000000000 1e-06 0 4 1 3 1 64
1 9668.55825078 
0 
wbs 2 2 6 0 0 3 1 3 1 64
1 ""
0 
vtc 1 1 255 0 1 2 1 2 1 64
1 0 
0 
vsproj 1 1 1000000000 1e-06 0 4 1 3 1 64
1 8956.44763679 
0 
vtwait 3 1 14 14 14 2 1 8194 1 64
1 300 
0 
wc2 1 1 4 4 4 4 1 8195 1 64
1 154.5 
0 
wc 1 1 2 2 2 4 1 8203 1 64
1 237.5 
0 
wp1 1 1 100000 0 0 4 1 3 1 64
1 1718.75 
0 
wf 1 1 8190 0 1e-07 4 1 3 1 64
1 0.0851968 
0 
werr 2 2 6 0 0 3 1 3 1 64
1 "return"
0 
weight 1 1 9.9e+17 0 0.001 3 1 0 1 64
1 0 
0 
wds 2 2 8 0 0 3 1 0 1 64
1 ""
0 
wexp 2 2 6 0 0 3 1 3 1 64
1 ""
0 
wnt 2 2 6 0 0 3 1 3 1 64
1 ""
0 
wf1 1 1 9.99999984307e+17 -9.99999984307e+17 0 4 1 0 1 64
1 0.4096 
0 
wp 1 1 5000000 0 0 4 1 11 1 64
1 12019.2307692 
0 
wtfile1 2 2 15 0 0 3 2 1 1 64
1 ""
0 
wstart 2 2 8 0 0 3 1 0 1 64
1 ""
0 
wrtp 2 2 8 0 0 3 1 0 1 64
1 ""
0 
wqinit 2 2 8 0 0 4 1 0 1 64
1 ""
0 
wshim 4 2 4 0 0 2 1 1 1 64
1 "n"
15 "e" "f" "g" "n" "s" "0" "1" "2" "3" "4" "5" "6" "7" "8" "9" 
wtfile 2 2 15 0 0 3 1 1 1 64
1 ""
0 
x1 7 1 19 19 19 2 1 8192 1 64
1 -3557 
0 
wtune 4 2 4 0 0 2 1 0 1 64
1 "n"
11 "s" "t" "e" "i" "n" "o" "v" "1" "2" "3" "4" 
x2y2 7 1 19 19 19 2 1 8192 1 64
1 2915 
0 
z3x3 7 1 19 19 19 2 1 8192 1 64
1 0 
0 
z2x3 7 1 19 19 19 2 1 8192 1 64
1 0 
0 
y4 7 1 19 19 19 2 1 8192 1 64
1 0 
0 
xz 7 1 19 19 19 2 1 8192 1 64
1 -507 
0 
xdiag 1 1 1e+18 0 0 4 1 17 1 64
1 0 
0 
x4 7 1 19 19 19 2 1 8192 1 64
1 0 
0 
xy 7 1 19 19 19 2 1 8192 1 64
1 -1064 
0 
y1 7 1 19 19 19 2 1 8192 1 64
1 817 
0 
xz2 7 1 19 19 19 2 1 8192 1 64
1 3227 
0 
y3 7 1 19 19 19 2 1 8192 1 64
1 -5274 
0 
z1c 7 1 19 19 19 2 1 8192 1 64
1 -1044 
0 
yz2 7 1 19 19 19 2 1 8192 1 64
1 -4552 
0 
yz 7 1 19 19 19 2 1 8192 1 64
1 631 
0 
z1 7 1 19 19 19 2 1 8192 1 64
1 9286 
0 
z2c 7 1 19 19 19 2 1 8192 1 64
1 196 
0 
z2 7 1 19 19 19 2 1 8192 1 64
1 1322 
0 
z2x2y2 7 1 19 19 19 2 1 8192 1 64
1 546 
0 
z3 7 1 19 19 19 2 1 8192 1 64
1 -508 
0 
z2y3 7 1 19 19 19 2 1 8192 1 64
1 0 
0 
z2xy 7 1 19 19 19 2 1 8192 1 64
1 2544 
0 
z3x 7 1 19 19 19 2 1 8192 1 64
1 -1646 
0 
z3c 7 1 19 19 19 2 1 8192 1 64
1 0 
0 
z3x2y2 7 1 19 19 19 2 1 8192 1 64
1 0 
0 
z4xy 7 1 19 19 19 2 1 8192 1 64
1 0 
0 
z4 7 1 19 19 19 2 1 8192 1 64
1 3981 
0 
z3y 7 1 19 19 19 2 1 8192 1 64
1 -64 
0 
z3xy 7 1 19 19 19 2 1 8192 1 64
1 0 
0 
z3y3 7 1 19 19 19 2 1 8192 1 64
1 0 
0 
z4x 7 1 19 19 19 2 1 8192 1 64
1 88 
0 
z4c 7 1 19 19 19 2 1 8192 1 64
1 0 
0 
z4x2y2 7 1 19 19 19 2 1 8192 1 64
1 0 
0 
z7 7 1 19 19 19 2 1 8192 1 64
1 5546 
0 
z5y 7 1 19 19 19 2 1 8192 1 64
1 0 
0 
z5 7 1 19 19 19 2 1 8192 1 64
1 5959 
0 
z4y 7 1 19 19 19 2 1 8192 1 64
1 -802 
0 
z5x 7 1 19 19 19 2 1 8192 1 64
1 0 
0 
z6 7 1 19 19 19 2 1 8192 1 64
1 10042 
0 
zx2y2 7 1 19 19 19 2 1 8192 1 64
1 -1564 
0 
z8 7 1 19 19 19 2 1 8192 1 64
1 0 
0 
zoom 7 1 32767 0 0 4 1 0 1 64
1 0 
0 
zxy 7 1 19 19 19 2 1 8192 1 64
1 -3453 
0 
zx3 7 1 19 19 19 2 1 8192 1 64
1 -2108 
0 
zy3 7 1 19 19 19 2 1 8192 1 64
1 1290 
0 
