r1 1 1 1e+17 -1e+17 0 3 1 0 1 64
1 936.549492387 
0 
gfs1 1 1 10000 -10000 1e-06 3 1 1 1 64
1 0 
0 
dm 4 2 4 0 0 2 1 0 1 64
1 "nnn"
4 "a" "n" "s" "y" 
cp 2 2 1 0 0 2 1 0 1 64
1 "y"
2 "y" "n" 
array 2 2 256 0 0 2 1 1 1 64
1 ""
0 
adjgcrush 2 2 8 0 0 2 1 0 1 64
1 "y"
0 
acqdim 7 1 32767 0 0 2 1 0 1 64
1 2 
0 
B0 1 1 1000000 -1000000 0 2 1 0 1 64
1 93976 
0 
acqcycles 1 1 9.99999984307e+17 -9.99999984307e+17 0 2 1 0 1 64
1 1 
0 
acqtype 2 2 0 0 0 2 1 1 1 64
1 ""
0 
acqstatus 7 1 32767 0 0 2 1 0 1 64
2 101 0 
0 
acqpath 2 2 8 0 0 2 1 0 1 64
1 ""
0 
actionid 2 2 8 0 0 2 1 0 1 64
1 "null"
0 
alfa 6 1 13 13 13 2 1 8194 1 64
1 19.9999923706 
0 
aig 2 2 2 0 0 4 1 1 1 64
1 "ai"
2 "nm" "ai" 
age 1 1 9.9e+17 0 0.001 3 1 0 1 64
1 0 
0 
anatomy 2 2 8 0 0 2 1 0 1 64
1 ""
0 
alock 2 2 8 0 0 2 1 0 1 64
1 "n"
5 "a" "n" "s" "u" "y" 
apptype 2 2 0 0 0 2 1 1 1 64
1 "im2D"
0 
awc1 1 1 10000 -10000 1e-06 3 1 1 0 64
1 0 
0 
arrayelemts 1 1 9.99999984307e+17 -9.99999984307e+17 0 2 1 0 1 64
1 0 
0 
arraydim 7 1 32768 1 1 2 1 5 1 64
1 1 
0 
autooffset 4 2 0 0 0 2 1 0 1 64
1 "y"
0 
at 1 1 14 14 14 2 1 8203 1 64
1 0.0043008 
0 
awc 1 1 10000 -10000 1e-06 3 1 1 0 64
1 0 
0 
bs 7 1 32767 0 1 2 1 0 1 64
1 16 
0 
axisf 4 2 4 0 0 4 1 0 1 64
1 "s"
4 "m" "n" "s" "u" 
awc3 1 1 10000 -10000 1e-06 3 1 1 1 64
1 0 
0 
awc2 1 1 10000 -10000 1e-06 3 1 1 1 64
1 0 
0 
axis 4 2 4 0 0 4 1 0 1 64
1 "c"
11 "c" "d" "1" "2" "3" "h" "k" "m" "n" "p" "u" 
boresize 1 1 1000000 -1000000 0 2 1 0 1 64
1 12 
0 
birthday 2 2 8 0 0 3 1 0 1 64
4 ""
""
""
""
0 
chessfrq 5 1 8 8 8 2 1 8192 1 64
1 0 
0 
cf 7 1 1000000 0 1 3 1 1 1 64
1 4 
0 
celem 1 1 9.99999984307e+17 -9.99999984307e+17 0 2 1 0 1 64
1 1 
0 
comment 2 2 8 0 0 3 1 0 1 64
1 ""
0 
console 2 2 8 0 0 2 1 0 1 64
1 "vnmrs"
0 
dconi 2 2 0 0 0 4 1 0 1 64
1 "dcon,gray,linear"
0 
d2 3 1 14 14 14 2 1 8192 1 64
1 0 
0 
ct 7 1 1000000000 0 1 2 1 6 1 64
1 1 
0 
cr1 1 1 1000000000 -1000000000 0 4 1 3 1 64
1 710.631040364 
0 
cr 1 1 1000000000 -1000000000 0 4 1 1 1 64
1 29804.1952717 
0 
crf 1 1 9.99999984307e+17 -9.99999984307e+17 0 4 1 0 1 64
1 0.00254888421053 
0 
cutoff 1 1 9.99999984307e+17 -9.99999984307e+17 0 4 1 0 0 64
1 200 
0 
d1 3 1 14 14 14 2 1 8192 1 64
1 0 
0 
d5 3 1 14 14 14 2 1 8192 1 64
1 0 
0 
d4 3 1 14 14 14 2 1 8192 1 64
1 0 
0 
d3 3 1 14 14 14 2 1 8192 1 64
1 0 
0 
date 2 2 9 0 0 2 1 1 1 64
1 "Apr 23 2008"
0 
dataProcessed 1 1 9.99999984307e+17 -9.99999984307e+17 0 3 1 0 1 64
1 0 
0 
dataID 2 2 8 0 0 2 1 0 1 64
1 ""
0 
dataid 2 2 8 0 0 2 1 0 1 64
1 ""
0 
dcg 2 2 3 0 0 4 1 1 1 64
1 "cdc"
2 "dc" "cdc" 
datname 2 2 8 0 0 3 1 0 1 64
1 ""
0 
delta 1 1 2000000 0 0 4 1 1 1 64
1 2204.13208008 
0 
decpat3 2 2 0 0 0 2 1 0 1 64
1 ""
0 
decpat1 2 2 0 0 0 2 1 0 1 64
1 ""
0 
decpat 2 2 0 0 0 2 1 0 1 64
1 ""
0 
dcrmv 2 2 0 0 0 4 1 0 1 64
1 "y"
0 
decpat2 2 2 0 0 0 2 1 0 1 64
1 ""
0 
decpat4 2 2 0 0 0 2 1 0 1 64
1 ""
0 
decpat5 2 2 0 0 0 2 1 0 1 64
1 ""
0 
dimX 2 2 8 0 0 2 1 0 1 64
1 "lpe"
0 
dfrq2 1 1 1000000000 0 0 2 1 9 1 64
1 0 
0 
deltaf 1 1 100 0 0 4 1 0 1 64
1 1.35826086957e-05 
0 
delta1 1 1 2000000 0 0 4 1 3 1 64
1 110.971121679 
0 
dfrq 5 1 1000000000 -1000000000 0 2 1 8 1 64
1 100.6945539 
0 
dg1 2 2 0 0 0 4 1 6 1 64
12 "1:DISPLAY:sp:1,wp:1,sp1:1,wp1:1,vs:0,th:0;"
"1:REFERENCE:rfl:1,rfp:1,rfl1:1,rfp1:1;"
"1:PHASE:rp:1,lp:1,rp1:1,lp1:1;"
"2:PLOT SIZE:sc:1,wc:1,sc2:1,wc2:1;"
"2:PLOT OFFSETS:vp:1,vo:2,ho:2;"
"2:AXIS DISPLAY:axis,trace;"
"2:CURSORS:cr:1,delta:1,cr1:1,delta1:1;"
"3:INTEGRAL:intmod,is:0,ins:3,io:0,,lvl:3,tlt:3;"
"3:GRAY SCALE:graysl:3,grayctr:0;"
"3:FLAGS:aig*,dcg*,dmg*;"
"4:FID DISPLAY:sf:3,wf:3,vf:0,vpf:0,vpfi:0,lsfid:0,phfid:1,dotflag;"
"4:FID CURSORS:crf:3,deltaf:3;"
0 
dfrq4 1 1 1000000000 0 0 2 1 9 1 64
1 0 
0 
dfrq3 1 1 1000000000 0 0 2 1 9 1 64
1 0 
0 
dg 2 2 0 0 0 4 1 6 1 64
7 "1:NUCLEUS:tn,sfrq:3,resto:1,;"
"1:ACQUISITION:sw:1,at:3,np:0,nv:0,nt:0,dp,;"
"1:DELAYS:tr:4,te:4,tcrush:4;"
"2:RF PULSES:rfcoil,,p1:1,p1pat,tpwr1:0,,p2:1,p2pat,tpwr2:0,tspoil:4;"
"3:GRADIENTS:gcoil,pilot,,gro:3,gpe:3,gss:3,gcrush:3,,gror(pilot='n'):3,gssr(pilot='n'):3;"
"4:FIELD OF VIEW:orient,lro:2,lpe:2,pro:2,;"
"4:SLICE SELECTION:ne:0,ns:0,thk:2,pss:2;"
0 
dgs 2 2 1023 0 0 4 1 6 1 64
4 "1:AXIAL SHIMS:z1c:0,z2c:0;"
"2:NON AXIAL SHIMS:x1:0,y1:0,xz:0,yz:0,xy:0,x2y2:0;"
"4:AUTOMATION:method,wshim,load,,spin:0,gain:0,alock,loc:0;"
"4:SPECIAL:temp;"
0 
dhp 1 1 9 9 9 2 1 8192 0 64
1 20 
0 
dimZ 2 2 8 0 0 2 1 0 1 64
1 "lpe2"
0 
dimY 2 2 8 0 0 2 1 0 1 64
1 "lro"
0 
displaymode 4 2 9.99999984307e+17 -9.99999984307e+17 0 4 1 0 1 64
1 "r"
6 "r" "i" "a" "e" "z" "s" 
disCmd 2 2 8 0 0 4 1 0 1 64
1 ""
0 
dlp 7 1 10 10 10 2 1 8194 0 64
1 20 
0 
echo 1 1 1000000 0 1 3 1 9 1 64
1 1 
0 
dof3 5 1 20 20 20 2 1 8202 1 64
1 0 
0 
dmm2 4 2 4 0 0 2 1 0 1 64
1 "c"
9 "c" "f" "g" "m" "p" "r" "u" "w" "x" 
dmf3 7 1 2000000 1 0 2 1 2 1 64
1 200 
0 
dmf 7 1 11 11 11 2 1 8194 1 64
1 200 
0 
dm3 4 2 4 0 0 2 1 0 1 64
1 "n"
4 "a" "n" "s" "y" 
dm2 4 2 4 0 0 2 1 0 1 64
1 "n"
4 "a" "n" "s" "y" 
dm4 4 2 4 0 0 2 1 0 1 64
1 "n"
4 "a" "n" "s" "y" 
dmf2 7 1 2000000 1 0 2 1 2 1 64
1 200 
0 
dmg1 2 2 8 0 0 4 1 0 1 64
1 "av1"
4 "" "av1" "ph1" "pwr1" 
dmg 2 2 2 0 0 4 1 3 1 64
1 "av"
0 
dmf4 7 1 2000000 1 0 2 1 2 1 64
1 200 
0 
dmm 4 2 4 0 0 2 1 0 1 64
1 "c"
9 "c" "f" "g" "m" "p" "r" "u" "w" "x" 
dn 2 2 4 0 0 2 1 8 1 64
1 "C13"
0 
dmm3 4 2 4 0 0 2 1 0 1 64
1 "c"
9 "c" "f" "g" "m" "p" "r" "u" "w" "x" 
dmm4 4 2 4 0 0 2 1 0 1 64
1 "c"
5 "c" "f" "n" "p" "w" 
dod 3 1 14 14 14 2 1 8194 1 64
1 0.00999999977648 
0 
dn3 2 2 8 0 0 2 1 8 1 64
1 ""
0 
dn2 2 2 8 0 0 2 1 8 1 64
1 ""
0 
dn4 2 2 8 0 0 2 1 8 1 64
1 ""
0 
dof 5 1 8 8 8 2 1 8202 1 64
1 0 
0 
dof2 5 1 16 16 16 2 1 8202 1 64
1 0 
0 
dpwr4 1 1 9 9 9 2 1 8192 1 64
1 0 
0 
dpwr 7 1 9 9 9 2 1 8192 1 64
1 30 
0 
dotflag 2 2 8 0 0 4 1 0 1 64
1 "n"
2 "n" "y" 
dorient 2 2 8 0 0 2 1 8 1 64
1 "orient"
8 "trans" "cor" "sag" "x" "y" "z" "orient" "oblique" 
dof4 5 1 22 22 22 2 1 8202 1 64
1 0 
0 
dphi 1 1 1000000 -1000000 0 2 1 8 1 64
1 0 
0 
dp 2 2 1 0 0 2 1 0 1 64
1 "y"
2 "y" "n" 
dpsi 1 1 1000000 -1000000 0 2 1 8 1 64
1 0 
0 
dpwr2 1 1 9 9 9 2 1 8192 1 64
1 0 
0 
dpwr1 1 1 9 9 9 2 1 8192 1 64
1 0 
0 
dpwr3 1 1 9 9 9 2 1 8192 1 64
1 0 
0 
dres3 7 1 360 1 0 2 1 0 1 64
1 1 
0 
dres 7 1 360 1 0 2 1 0 1 64
1 1 
0 
dpwr5 1 1 9 9 9 2 1 8192 1 64
1 0 
0 
dres2 7 1 360 1 0 2 1 0 1 64
1 1 
0 
dseq2 2 2 8 0 0 2 1 0 1 64
1 ""
0 
dseq 2 2 8 0 0 2 1 0 1 64
1 ""
0 
dres4 7 1 360 1 0 2 1 0 1 64
1 1 
0 
dseq4 2 2 8 0 0 2 1 0 1 64
1 ""
0 
dseq3 2 2 8 0 0 2 1 0 1 64
1 ""
0 
dtheta 1 1 1000000 -1000000 0 2 1 8 1 64
1 0 
0 
fpmult 1 1 1000000000 0 0 3 1 0 0 64
1 1 
0 
fc 4 2 0 0 0 2 1 0 1 64
1 "n"
0 
execprocess 2 2 8 0 0 4 1 0 1 64
1 "im2D('proc')"
0 
execprep 2 2 8 0 0 4 1 0 1 64
1 "im2D('prep') imprep"
0 
element 1 1 1000000 0 1 3 1 1 1 64
1 0 
0 
execplot 2 2 8 0 0 4 1 0 1 64
1 ""
0 
execprescan 2 2 8 0 0 4 1 0 1 64
1 "im2D('prescan')"
0 
exptype 2 2 0 0 0 2 1 1 1 64
1 ""
0 
exppath 2 2 8 0 0 2 1 0 1 64
1 "/home/alan/vnmrsys/exp1/acqfil"
0 
execsetup 2 2 8 0 0 4 1 0 1 64
1 "im2D('prep') imprep"
0 
fb 7 1 6 6 6 2 1 8203 1 64
1 32000 
0 
f1coef 2 2 8 0 0 3 1 1 1 64
1 ""
0 
filter 7 1 1000000000 0 1 2 1 2 1 64
1 54.0999984741 
0 
fidid 2 2 8 0 0 2 1 0 1 64
1 ""
0 
fdffile 2 2 8 0 0 3 1 0 1 64
1 ""
0 
fdfdir 2 2 8 0 0 3 1 0 1 64
1 ""
0 
fidID 2 2 8 0 0 2 1 0 1 64
1 ""
0 
file 2 2 6 0 0 2 1 3 1 64
1 "exp"
0 
fn1 7 1 524288 64 -2 3 1 1 0 64
1 512 
0 
fliplist 1 1 1000000 -1000000 0 3 1 0 1 64
6 90 180 1200 90 90 180 
0 
fn 7 1 524288 64 -2 3 1 1 0 64
1 512 
0 
fovtitle 2 2 0 0 0 4 1 3 1 64
1 ""
0 
fovcon 1 1 1000000 -1000000 0 2 1 0 1 64
1 0 
0 
fovunit 2 2 0 0 0 2 1 8 1 64
1 ""
0 
gain 1 1 60 0 2 2 1 0 1 64
1 4 
0 
ftproc 1 1 9.99999984307e+17 -9.99999984307e+17 0 3 1 256 1 64
2 1 0 
0 
fsatfrq 5 1 8 8 8 2 1 8192 1 64
1 -220 
0 
fsat 4 2 0 0 0 2 1 0 1 64
1 "n"
0 
fpmult1 1 1 1000000000 0 0 3 2 0 0 64
1 0.5 
0 
fsatpat 2 2 0 0 0 2 1 0 1 64
1 "gauss"
0 
g3 1 1 1000 -1000 0 2 1 0 1 64
1 0 
0 
g1 1 1 1000 -1000 0 2 1 0 1 64
1 0 
0 
g0 1 1 1000 -1000 0 2 1 0 1 64
1 0 
0 
g2 1 1 1000 -1000 0 2 1 0 1 64
1 0 
0 
g4 1 1 1000 -1000 0 2 1 0 1 64
1 0 
0 
g5 1 1 1000 -1000 0 2 1 0 1 64
1 0 
0 
gdiff 1 1 1000 -1000 0 2 1 0 1 64
1 0 
0 
gcoil 2 2 0 0 0 2 1 9 1 64
1 "205_120_HD"
0 
gap 1 1 9.99999984307e+17 -9.99999984307e+17 0 2 1 0 1 64
1 0 
0 
gcrushfs 1 1 1000 -1000 0 2 1 0 1 64
1 1 
0 
gcrush 1 1 1000 -1000 0 2 1 0 1 64
1 1.3 
0 
gcrushmt 1 1 1000 -1000 0 2 1 0 1 64
1 1 
0 
gf1 1 1 10000 -10000 1e-06 3 1 1 1 64
1 0 
0 
gf 1 1 1000 0 1e-05 3 1 1 1 64
1 0.00129 
0 
gender 2 2 8 0 0 3 1 0 1 64
1 ""
0 
gf3 1 1 10000 -10000 1e-06 3 1 1 1 64
1 0 
0 
gf2 1 1 10000 -10000 1e-06 3 1 1 1 64
1 0 
0 
gflow 1 1 1000 -1000 0 2 1 0 1 64
1 0 
0 
gfs 1 1 1000 -1000 1e-05 3 1 1 1 64
1 0.00215 
0 
llfrq 1 1 1000000000 -1000000000 0 4 1 0 0 64
1 0 
0 
gvox2 1 1 1000 -1000 0 2 1 0 1 64
1 0 
0 
gradunit 2 2 0 0 0 2 1 8 1 64
1 ""
0 
gpe2 1 1 1000 -1000 0 2 1 0 1 64
1 0 
0 
glim 1 1 100 10 1 2 1 0 1 64
1 30 
0 
gfs3 1 1 10000 -10000 1e-06 3 1 1 1 64
1 0 
0 
gfs2 1 1 10000 -10000 1e-06 3 1 1 1 64
1 0 
0 
gpat1 2 2 0 0 0 2 1 0 1 64
1 ""
0 
gpat 2 2 0 0 0 2 1 0 1 64
1 ""
0 
gmax 1 1 1000 -1000 0 2 1 0 1 64
1 40 
0 
gpat3 2 2 0 0 0 2 1 0 1 64
1 ""
0 
gpat2 2 2 0 0 0 2 1 0 1 64
1 ""
0 
gpe 1 1 1000 -1000 0 2 1 0 1 64
1 0.030519509476 
0 
gradcon 1 1 1000 -1000 0 2 1 0 1 64
1 0 
0 
gpemult 1 1 1 0 0 2 1 0 1 64
1 0 
0 
gpe3 1 1 1000 -1000 0 2 1 0 1 64
1 0 
0 
gpepat 2 2 0 0 0 2 1 0 1 64
1 ""
0 
gpropdelay 6 1 13 13 13 2 1 8192 1 64
1 45 
0 
gradtitle 2 2 0 0 0 4 1 3 1 64
1 ""
0 
gradstepsz 1 1 9.99999984307e+17 -9.99999984307e+17 0 2 1 0 1 64
1 32767 
0 
gror 1 1 1000 -1000 0 2 1 0 1 64
1 11.7739899759 
0 
gro 1 1 1000 -1000 0 2 1 0 1 64
1 0.8737654899 
0 
graysl 1 1 100 -100 0.01 4 1 3 1 64
1 1 
0 
grayctr 1 1 64 0 1 4 1 3 1 64
1 32 
0 
grocalc_mm 1 1 9.99999984307e+17 -9.99999984307e+17 0 2 1 0 1 64
1 3 
0 
grocalc_min 1 1 9.99999984307e+17 -9.99999984307e+17 0 2 1 0 1 64
1 1 
0 
grocalc 2 2 8 0 0 2 1 0 1 64
1 "sw"
0 
grof 1 1 9.99999984307e+17 -9.99999984307e+17 0 2 1 0 1 64
1 1 
0 
grocalc_ppm 1 1 9.99999984307e+17 -9.99999984307e+17 0 2 1 0 1 64
1 3.3 
0 
gropat 2 2 0 0 0 2 1 0 1 64
1 ""
0 
gssr 1 1 1000 -1000 0 2 1 0 1 64
1 10.8788889172 
0 
gss 1 1 1000 -1000 0 2 1 0 1 64
1 1.3 
0 
gspoil 1 1 1000 -1000 0 2 1 0 1 64
1 2.375 
0 
gsat 1 1 1000 -1000 0 2 1 256 1 64
1 1 
0 
gssf 1 1 9.99999984307e+17 -9.99999984307e+17 0 2 1 0 1 64
1 1 
0 
gss2 1 1 1000 -1000 0 2 1 0 1 64
1 0.525714222512 
0 
gsspat 2 2 0 0 0 2 1 0 1 64
1 ""
0 
gvox1 1 1 1000 -1000 0 2 1 0 1 64
1 0 
0 
gtrim 1 1 1000 -1000 0 2 1 0 1 64
1 0 
0 
hst 3 1 0.02 0 2.5e-08 2 1 2 1 64
1 0.00800000037998 
0 
ho 1 1 500 -500 0 4 1 1 1 64
1 -18.3181818182 
0 
gy 1 1 1000 -1000 0 2 1 0 1 64
1 0 
0 
gx 1 1 1000 -1000 0 2 1 0 1 64
1 0 
0 
gvox3 1 1 1000 -1000 0 2 1 0 1 64
1 0 
0 
gxmax 1 1 9.99999984307e+17 -9.99999984307e+17 0 2 1 0 1 64
1 40 
0 
gzmax 1 1 9.99999984307e+17 -9.99999984307e+17 0 2 1 0 1 64
1 40 
0 
gz 1 1 1000 -1000 0 2 1 0 1 64
1 0 
0 
gymax 1 1 9.99999984307e+17 -9.99999984307e+17 0 2 1 0 1 64
1 40 
0 
hdpwr 7 1 49 -16 1 2 1 2 1 64
1 1 
0 
hdof 5 1 7 7 7 2 1 8194 1 64
1 0 
0 
height 1 1 9.9e+17 0 0.001 3 1 0 1 64
1 0 
0 
homo2 4 2 4 0 0 2 1 0 1 64
1 "n"
2 "n" "y" 
homo 2 2 8 0 0 2 1 8 1 64
1 "n"
2 "n" "y" 
hold 3 1 14 14 14 2 1 8192 1 64
1 0 
0 
homo4 4 2 4 0 0 2 1 0 1 64
1 "n"
2 "n" "y" 
homo3 4 2 4 0 0 2 1 0 1 64
1 "n"
2 "n" "y" 
hs 4 2 4 0 0 2 1 0 1 64
1 "nn"
2 "n" "y" 
io 1 1 500 -500 0.1 4 1 1 1 64
1 20 
0 
in 4 2 1 0 0 2 1 0 1 64
1 "n"
3 "n" "w" "y" 
ident 2 2 8 0 0 2 1 0 1 64
1 ""
0 
hzmm 1 1 1000000000 -1000000000 0 4 1 11 1 64
1 276.052449965 
0 
il 2 2 1 0 0 2 1 0 1 64
1 "n"
2 "y" "n" 
imprep 2 2 8 0 0 2 1 0 1 64
1 "s"
0 
insref 1 1 9.99999984307e+17 -9.99999984307e+17 0 4 1 0 1 64
1 1 
0 
ins2 1 1 9.99999984307e+17 -9.99999984307e+17 0 4 1 0 1 64
1 1 
0 
ins 3 1 8190 0 1e-07 4 1 3 1 64
1 1 
0 
ins2ref 1 1 9.99999984307e+17 -9.99999984307e+17 0 4 1 0 0 64
1 1 
0 
intmod 2 2 8 0 0 4 1 0 1 64
1 "off"
3 "off" "partial" "full" 
investigator 2 2 8 0 0 2 1 0 1 64
1 ""
0 
lb1 1 1 10000 -10000 1e-06 3 1 1 1 64
1 0.318309992552 
0 
ir 4 2 0 0 0 2 1 0 1 64
1 "n"
0 
iplanDefaultType 1 1 9.99999984307e+17 -9.99999984307e+17 0 2 1 0 1 64
1 0 
0 
iplanDefaultSize 1 1 9.99999984307e+17 -9.99999984307e+17 0 2 1 0 1 64
1 5 
0 
iplanDefaultNs 1 1 9.99999984307e+17 -9.99999984307e+17 0 2 1 0 1 64
1 5 
0 
iplanDefaultThk 1 1 9.99999984307e+17 -9.99999984307e+17 0 2 1 0 1 64
1 4 
0 
iplanMarking 1 1 9.99999984307e+17 -9.99999984307e+17 0 4 1 0 1 64
1 0 
0 
iplanDefaultVoxSize 1 1 9.99999984307e+17 -9.99999984307e+17 0 2 1 0 1 64
1 10 
0 
iplanType 1 1 9.99999984307e+17 -9.99999984307e+17 0 2 1 0 1 64
1 0 
0 
irpwr 1 1 17 17 17 2 1 8192 1 64
1 0 
0 
irpat 2 2 0 0 0 2 1 0 1 64
1 ""
0 
irfrq 5 1 8 8 8 2 1 8192 1 64
1 0 
0 
layout 2 2 8 0 0 4 1 0 1 64
1 "profile1d"
0 
is 1 1 1000000000 1e-06 0 4 1 3 1 64
1 500 
0 
lb 1 1 10000 -10000 1e-06 3 1 1 0 64
1 10 
0 
liamp 1 1 1000000000 0 0 4 1 0 0 64
1 0 
0 
lb3 1 1 10000 -10000 1e-06 3 1 1 1 64
1 0 
0 
lb2 1 1 10000 -10000 1e-06 3 1 1 1 64
1 0 
0 
lcpeak_ 7 1 32767 0 0 2 1 32768 1 64
1 0 
0 
lifrq 1 1 1000000000 -1000000000 0 4 1 0 0 64
1 0 
0 
llamp 1 1 1000000000 0 0 4 1 0 0 64
1 0 
0 
p2 6 1 13 13 13 2 1 8192 1 64
1 4000 
0 
mintr 4 2 0 0 0 2 1 0 1 64
1 "n"
0 
math 2 2 1 0 0 3 1 3 1 64
1 "i"
3 "d" "f" "i" 
lpe3 1 1 1000000 -1000000 0 2 1 0 1 64
1 0 
0 
lp1 1 1 1000000 -1000000 0 3 1 3 1 64
1 0 
0 
lockgain_ 1 1 48 0 1 2 1 65552 1 64
1 0 
0 
loc_ 7 1 12 12 12 2 1 8201 0 64
1 0 
0 
load 2 2 4 0 0 2 1 3 1 64
1 "n"
2 "y" "n" 
lockfreq_ 5 1 160 0 1e-07 2 1 9 1 64
1 61.4668 
0 
lockpower_ 1 1 68 0 1 2 1 65552 1 64
1 0 
0 
lockphase_ 1 1 360 0 1 2 1 65552 1 64
1 0 
0 
lp 1 1 1000000 -1000000 0 3 1 3 1 64
1 -63.9999961853 
0 
lpe 1 1 100 2 0 2 1 0 1 64
1 25 
0 
lpe2 1 1 1000000 -1000000 0 2 1 0 1 64
1 0 
0 
lsfrq 1 1 9.99999984307e+17 -9.99999984307e+17 0 3 1 0 0 64
1 0 
0 
lsfid 7 1 64000 -64000 1 3 1 0 0 64
1 0 
0 
lro 1 1 1000000 2 0 2 1 0 1 64
1 16 
0 
lss 1 1 1000000 -1000000 0 2 1 0 1 64
1 0 
0 
lsfrq1 1 1 9.99999984307e+17 -9.99999984307e+17 0 3 1 0 0 64
1 0 
0 
lvl 1 1 1000000000 -1000000000 0 4 1 1 1 64
1 0 
0 
macro 2 2 6 0 0 3 1 3 1 64
1 ""
0 
method 2 2 6 0 0 2 1 3 1 64
1 "z1z2"
0 
me2 4 2 4 0 0 2 1 0 1 64
1 "y"
0 
me 4 2 4 0 0 2 1 0 1 64
1 "y"
0 
mcoil 1 1 9.99999984307e+17 -9.99999984307e+17 0 4 1 0 1 64
1 1 
0 
me1 4 2 4 0 0 2 1 0 1 64
1 "y"
0 
me3 4 2 4 0 0 2 1 0 1 64
1 ""
0 
minte 4 2 0 0 0 2 1 0 1 64
1 "n"
0 
minesp 4 2 0 0 0 2 1 0 1 64
1 "n"
0 
ne 1 1 1000000 0 1 2 1 9 1 64
1 1 
0 
mtfrq 5 1 8 8 8 2 1 8192 1 64
1 2000 
0 
mpro 1 1 9.99999984307e+17 -9.99999984307e+17 0 2 1 256 1 64
1 0 
0 
mphi 2 2 8 0 0 4 1 0 1 64
1 ""
0 
mlpe2 1 1 9.99999984307e+17 -9.99999984307e+17 0 4 1 0 1 64
1 0 
0 
mlpe 1 1 9.99999984307e+17 -9.99999984307e+17 0 4 1 0 1 64
1 0 
0 
mlro 1 1 9.99999984307e+17 -9.99999984307e+17 0 4 1 0 1 64
1 0 
0 
mppe 1 1 9.99999984307e+17 -9.99999984307e+17 0 2 1 256 1 64
1 0 
0 
mrfb 1 1 256000 1000 1000 2 1 256 0 64
1 0 
0 
mpss 1 1 9.99999984307e+17 -9.99999984307e+17 0 2 1 256 1 64
1 0 
0 
mpsi 2 2 8 0 0 4 1 0 1 64
1 ""
0 
mstack 1 1 9.99999984307e+17 -9.99999984307e+17 0 4 1 0 1 64
1 0 
0 
mrgain 1 1 60 0 2 2 1 256 0 64
1 0 
0 
mt 4 2 0 0 0 2 1 0 1 64
1 "n"
0 
mtpat 2 2 0 0 0 2 1 0 1 64
1 "sinc"
0 
mtheta 2 2 8 0 0 4 1 0 1 64
1 ""
0 
mthk 1 1 9.99999984307e+17 -9.99999984307e+17 0 4 1 0 1 64
1 0 
0 
n2 2 2 0 0 0 3 1 0 1 64
1 ""
0 
mtpwrf 7 1 0 4095 1 2 1 8192 1 64
1 3924 
0 
mtpwr 1 1 17 17 17 2 1 8192 1 64
1 60 
0 
n1 2 2 0 0 0 3 1 0 1 64
1 ""
0 
nD 1 1 1000000 0 1 2 1 9 1 64
1 2 
0 
n3 2 2 0 0 0 3 1 0 1 64
1 ""
0 
name 2 2 8 0 0 2 1 0 1 64
1 ""
0 
nt 7 1 1000000000 1 1 2 1 2 1 64
1 1 
0 
notebook 2 2 8 0 0 2 1 0 1 64
1 ""
0 
ni 1 1 1000000 0 1 2 1 1 1 64
1 1 
0 
nf 1 1 1000000 0 1 2 1 1 1 64
1 1 
0 
ni2 7 1 32767 0 0 2 1 0 1 64
1 1 
0 
ni3 7 1 32767 0 0 2 1 0 1 64
1 1 
0 
ns 1 1 1000000 0 1 2 1 9 1 64
1 1 
0 
np 7 1 524288 32 2 2 1 11 1 64
1 512 
0 
nsat 1 1 1000000 0 1 2 1 1 1 64
1 1 
0 
orient 2 2 0 0 0 2 1 8 1 64
1 "sag"
14 "trans" "sag" "cor" "oblique" "3orthogonal" "xyz" "xzy" "yxz" "yzx" "zxy" "zyx" "sag90" "cor90" "trans90" 
nv2 1 1 1000000 0 1 2 1 9 1 64
1 0 
0 
nv 1 1 1000000 0 1 2 1 9 1 64
1 0 
0 
nv_1 1 1 9.99999984307e+17 -9.99999984307e+17 0 2 1 0 1 64
1 128 
0 
nv3 1 1 1000000 0 1 2 1 9 1 64
1 0 
0 
operator_ 2 2 128 0 0 2 1 4 1 64
1 "alan"
0 
p1 6 1 13 13 13 2 1 8192 1 64
1 4000 
0 
orient2 2 2 0 0 0 2 1 0 1 64
1 ""
0 
p1pat 2 2 0 0 0 2 1 0 1 64
1 "sinc"
0 
pltmod 2 2 8 0 0 4 1 0 1 64
1 "off"
5 "off" "fixed" "full" "variable" "user" 
phfid1 1 1 3600 -3600 0.1 3 1 0 0 64
1 0 
0 
parversion 1 1 9.99999984307e+17 -9.99999984307e+17 0 2 1 4 1 64
1 5.1 
0 
p5 6 1 13 13 13 2 1 8192 1 64
1 0 
0 
p4 6 1 13 13 13 2 1 8192 1 64
1 0 
0 
p3 6 1 13 13 13 2 1 8192 1 64
1 0 
0 
p2pat 2 2 0 0 0 2 1 0 1 64
1 "sinc"
0 
p3pat 2 2 0 0 0 2 1 0 1 64
1 ""
0 
p4pat 2 2 0 0 0 2 1 0 1 64
1 ""
0 
pad 3 1 14 14 14 2 1 8194 1 64
1 0 
0 
p5pat 2 2 0 0 0 2 1 0 1 64
1 ""
0 
paramChanged 1 1 9.99999984307e+17 -9.99999984307e+17 0 2 1 0 1 64
1 0 
0 
page 2 2 8 0 0 2 1 0 1 64
1 ""
0 
parstyle_ 2 2 8 0 0 4 1 0 1 64
1 "ppa"
0 
petable 2 2 0 0 0 2 1 1 1 64
1 ""
0 
patlist 2 2 0 0 0 3 1 0 1 64
6 "p1pat"
"p2pat"
"mtpat"
"satpat"
"fsatpat"
"pipat"
0 
pc 4 2 4 0 0 2 1 0 1 64
1 "n"
0 
phase 7 1 4 0 1 2 1 0 1 64
1 0 
0 
pfsat 6 1 20000 0 13 2 1 0 1 64
1 2000 
0 
phfid 1 1 3600 -3600 0.1 3 1 0 0 64
1 0 
0 
pipat 2 2 0 0 0 2 1 0 1 64
1 "sinc"
0 
pi 6 1 13 13 13 2 1 8192 1 64
1 2000 
0 
phi 1 1 1000000 -1000000 0 2 1 8 1 64
1 0 
0 
phi2 1 1 1000000 -1000000 0 2 1 0 1 64
1 0 
0 
pilot 4 2 0 0 0 2 1 0 1 64
1 "y"
0 
planSs 1 1 9.99999984307e+17 -9.99999984307e+17 0 4 1 0 1 64
1 0 
0 
pir 6 1 13 13 13 2 1 8192 1 64
1 0 
0 
pkpick_ 2 2 8 0 0 4 1 0 1 64
1 ""
0 
planValue 2 2 8 0 0 2 1 0 1 64
1 "standard getCurrentStacks"
0 
plist 2 2 0 0 0 3 1 0 1 64
6 "p1"
"p2"
"pmt"
"psat"
"pfsat"
"pi"
0 
priority 7 1 32768 0 1 2 1 0 1 64
1 5 
0 
ppe 1 1 1000000 -1000000 0 2 1 0 1 64
1 0 
0 
pos3 1 1 1000000 -1000000 0 2 1 0 1 64
1 0 
0 
pos1 1 1 1000000 -1000000 0 2 1 0 1 64
1 0 
0 
pmode 2 2 8 0 0 3 1 0 1 64
1 "partial"
0 
pmt 6 1 20000 0 0 2 1 0 1 64
1 10000 
0 
pos2 1 1 1000000 -1000000 0 2 1 0 1 64
1 0 
0 
posY 2 2 8 0 0 2 1 0 1 64
1 "pro"
0 
posX 2 2 8 0 0 2 1 0 1 64
1 "ppe"
0 
position1 2 2 8 0 0 3 1 0 1 64
1 ""
0 
posZ 2 2 8 0 0 2 1 0 1 64
1 "pss0"
0 
position2 2 2 8 0 0 3 1 0 1 64
1 ""
0 
preacq 6 1 13 13 13 2 1 8192 0 64
1 0 
0 
ppe3 1 1 1000000 -1000000 0 2 1 0 1 64
1 0 
0 
ppe2 1 1 1000000 -1000000 0 2 1 0 1 64
1 0 
0 
prescribed 2 2 8 0 0 2 1 0 1 64
1 "n"
0 
prescan 2 2 8 0 0 3 1 0 1 64
8 ""
"Complete"
"Not done"
"Not done"
"n"
"y"
"y"
"y"
0 
presig 4 2 0 0 0 2 1 0 1 64
1 "l"
3 "h" "l" "n" 
psat 6 1 13 13 13 2 1 8192 1 64
1 2000 
0 
proc1 2 2 10 0 0 3 2 1 1 64
1 "ft"
0 
probe_ 2 2 8 0 0 2 1 8 1 64
1 ""
0 
pro 1 1 1000000 -1000000 0 2 1 0 1 64
1 0 
0 
proc 2 2 10 0 0 3 1 1 1 64
1 "ft"
0 
processID 1 1 9.99999984307e+17 -9.99999984307e+17 0 2 1 0 1 64
1 0 
0 
procdim 7 1 32767 0 0 3 1 0 1 64
1 1 
0 
profile 4 2 4 0 0 2 1 0 1 64
1 "y"
0 
processid 1 1 9.99999984307e+17 -9.99999984307e+17 0 2 1 0 1 64
1 0 
0 
protocols 2 2 8 0 0 3 1 0 1 64
1 ""
0 
pw 6 1 13 13 13 2 1 8192 1 64
1 0 
0 
pss 1 1 1000000 -1000000 0 2 1 264 1 64
1 0 
0 
psi2 1 1 1000000 -1000000 0 2 1 0 1 64
1 0 
0 
psi 1 1 1000000 -1000000 0 2 1 8 1 64
1 90 
0 
pslabel 2 2 8 0 0 2 1 11 1 64
1 "profile1d"
0 
pss0 1 1 9.99999984307e+17 -9.99999984307e+17 0 2 1 0 1 64
1 0 
0 
pwpat 2 2 0 0 0 2 1 0 1 64
1 ""
0 
pw90 6 1 13 13 13 2 1 8194 1 64
1 19.9999866486 
0 
pwrlimit 1 1 63 -17 1 2 1 0 1 64
1 50 
0 
pwrflist 2 2 0 0 0 3 1 0 1 64
6 "tpwr1f"
"tpwr2f"
"mtpwrf"
"satpwrf"
"tpwrfsatf"
"tpwrif"
0 
pwrlist 2 2 0 0 0 3 1 0 1 64
6 "tpwr1"
"tpwr2"
"mtpwr"
"satpwr"
"tpwrfsat"
"tpwri"
0 
t_pos1 1 1 1000000 -1000000 0 3 1 0 1 64
1 0 
0 
satpos 1 1 1000000 -1000000 0 2 1 264 1 64
1 0 
0 
resto 5 1 8 8 8 2 1 8192 1 64
1 -503.5 
0 
ref 5 1 1000000000 -1000000000 0 3 1 0 1 64
1 0 
0 
r7 1 1 1e+17 -1e+17 0 3 1 0 1 64
1 0 
0 
r5 1 1 1e+17 -1e+17 0 3 1 0 1 64
1 0 
0 
r3 1 1 1e+17 -1e+17 0 3 1 0 1 64
1 0 
0 
r2 1 1 1e+17 -1e+17 0 3 1 0 1 64
1 0 
0 
r4 1 1 1e+17 -1e+17 0 3 1 0 1 64
1 0 
0 
r6 1 1 1e+17 -1e+17 0 3 1 0 1 64
1 0 
0 
rcvrs 4 2 4 0 0 2 1 1 1 64
1 "y"
2 "n" "y" 
radialAngles 1 1 9.99999984307e+17 -9.99999984307e+17 0 4 1 0 1 64
1 361 
0 
radialShift 1 1 9.99999984307e+17 -9.99999984307e+17 0 4 1 0 1 64
1 0 
0 
rcvrwt 1 1 9.99999984307e+17 -9.99999984307e+17 0 2 1 256 1 64
1 1 
0 
refpos 1 1 9.99999984307e+17 -9.99999984307e+17 0 4 1 0 1 64
1 0 
0 
reffrq 1 1 9.99999984307e+17 -9.99999984307e+17 0 4 1 0 1 64
1 400.392486853 
0 
ref1 5 1 1000000000 -1000000000 0 3 1 0 1 64
1 0 
0 
reffrq1 1 1 9.99999984307e+17 -9.99999984307e+17 0 4 1 0 1 64
1 200.5001963 
0 
refsource1 2 2 8 0 0 4 1 0 1 64
1 "sfrq"
0 
refpos1 1 1 9.99999984307e+17 -9.99999984307e+17 0 4 1 0 0 64
1 0 
0 
rfp 1 1 1000000000 -1000000000 0 4 1 1 1 64
1 0 
0 
rfl 1 1 1000000000 -1000000000 0 4 1 1 1 64
1 116.257440498 
0 
rfband 4 2 4 0 0 2 1 0 1 64
1 "ccccc"
3 "c" "h" "l" 
rewind 2 2 8 0 0 2 1 0 1 64
1 "y"
0 
rfcoil 2 2 0 0 0 2 1 1 1 64
1 "quad63"
0 
rfl1 1 1 1000000000 -1000000000 0 4 1 1 1 64
1 0 
0 
rfl2 1 1 10000 -10000 1e-06 3 1 1 1 64
1 0 
0 
rof2 6 1 13 13 13 2 1 8194 1 64
1 10 
0 
rollout 1 1 1 0 1 2 1 1 1 64
1 1 
0 
rfphase 1 1 1000000 -1000000 0 2 1 0 1 64
1 117 
0 
rfp2 1 1 10000 -10000 1e-06 3 1 1 1 64
1 0 
0 
rfp1 1 1 1000000000 -1000000000 0 4 1 1 1 64
1 0 
0 
rfupdate 4 2 4 0 0 2 1 0 1 64
1 "n"
0 
rfspoil 4 2 0 0 0 2 1 0 1 64
1 "n"
0 
rof1 6 1 13 13 13 2 1 8194 1 64
1 10 
0 
sar 1 1 9.99999984307e+17 -9.99999984307e+17 0 2 1 256 1 64
2 0 0 
0 
rp1 1 1 3600 -3600 0.1 4 1 3 1 64
1 0 
0 
rp 1 1 3600 -3600 0.1 4 1 3 1 64
1 109.999992371 
0 
samplename 2 2 8 0 0 2 1 0 1 64
1 ""
0 
satfrq 5 1 8 8 8 2 1 8192 1 64
1 0 
0 
sat 4 2 0 0 0 2 1 0 1 64
1 "n"
0 
satpat 2 2 0 0 0 2 1 0 1 64
1 "sinc"
0 
slice 1 1 1000000 0 1 3 1 9 1 64
1 1 
0 
sc2 1 1 3 3 3 4 1 8195 1 64
1 0 
0 
sb2 1 1 10000 -10000 1e-06 3 1 1 1 64
1 0 
0 
satthk 1 1 1000000 -1000000 0 2 1 264 1 64
1 5 
0 
satpwrf 7 1 0 4095 1 2 1 8192 1 64
1 3697 
0 
satpwr 1 1 17 17 17 2 1 8192 1 64
1 52 
0 
sb 1 1 10000 -10000 1e-06 3 1 1 0 64
1 0 
0 
saveglobal_ 2 2 8 0 0 3 1 0 1 64
17 "probe"
"lcpeak"
"loc"
"lockpower"
"lockgain"
"lockphase"
"lockfreq"
"z0"
"lkof"
"vloc"
"vrack"
"vzone"
"vproto"
"pkpick"
"parstyle"
"operator"
"studyid"
0 
sb1 1 1 10000 -10000 1e-06 3 1 1 0 64
1 0 
0 
sbs1 1 1 10000 -10000 1e-06 3 1 1 0 64
1 0 
0 
sb3 1 1 10000 -10000 1e-06 3 1 1 1 64
1 0 
0 
sbs 1 1 10000 -10000 1e-06 3 1 1 0 64
1 0 
0 
sbs3 1 1 10000 -10000 1e-06 3 1 1 1 64
1 0 
0 
sbs2 1 1 10000 -10000 1e-06 3 1 1 1 64
1 0 
0 
sc 1 1 1 1 1 4 1 8195 1 64
1 5 
0 
sf 1 1 8190 0 1e-07 4 1 3 1 64
1 0 
0 
scoutpaths 2 2 8 0 0 2 1 0 1 64
1 "data/gems_01.img"
0 
scoutnodes 2 2 8 0 0 2 1 0 1 64
1 ""
0 
scans 2 2 8 0 0 3 1 0 1 64
1 ""
0 
scoutpath 2 2 8 0 0 2 1 0 1 64
1 ""
0 
seqcon 2 2 0 0 0 2 1 9 1 64
1 "ccsnn"
0 
seqfil 2 2 8 0 0 2 1 11 1 64
1 "profile1d"
0 
sfrq 1 1 1000000000 0 0 2 1 11 1 64
1 400.4195264 
0 
sf1 1 1 9.99999984307e+17 -9.99999984307e+17 0 4 1 0 1 64
1 0 
0 
show_adv 7 1 32767 0 0 2 1 0 1 64
1 1 
0 
shims 2 2 8 0 0 2 1 0 1 64
1 ""
0 
showps 4 2 4 0 0 4 1 0 1 64
1 ""
0 
ss 7 1 32767 -32768 0 2 1 0 1 64
1 0 
0 
sp1 1 1 1000000000 -1000000000 0 4 1 3 1 64
1 0 
0 
solvent 2 2 6 0 0 2 1 11 1 64
1 "none"
0 
slprofile 4 2 4 0 0 2 1 0 1 64
1 ""
0 
slice_select 2 2 1 0 0 2 1 0 1 64
1 "y"
2 "y" "n" 
sn 1 1 1e+18 -1e+18 0 3 1 1 1 64
1 0 
0 
sorient 2 2 0 0 0 2 1 0 1 64
1 "trans"
0 
sp 1 1 1000000000 -1000000000 0 4 1 3 1 64
1 116.257440454 
0 
spinecho 4 2 4 0 0 2 1 0 1 64
1 "y"
0 
spin 1 1 39 0 1 2 1 0 0 64
1 0 
0 
sphi 1 1 1000000 -1000000 0 2 1 256 1 64
1 0 
0 
spostitle 2 2 0 0 0 4 1 3 1 64
1 ""
0 
spsi 1 1 1000000 -1000000 0 2 1 256 1 64
1 0 
0 
sw 1 1 5 5 5 2 1 8203 1 64
1 59523.8095238 
0 
sslist 2 2 0 0 0 3 1 0 1 64
6 "gss"
"gss2"
"n"
"gsat"
"n"
"gss2"
0 
ssc 1 1 1000000 0 1 2 1 1 1 64
1 0 
0 
ss_o 7 1 32767 0 0 2 1 0 1 64
1 0 
0 
study 2 2 8 0 0 3 1 0 1 64
1 ""
0 
stheta 1 1 1000000 -1000000 0 2 1 256 1 64
1 0 
0 
studyid_ 2 2 8 0 0 2 1 0 1 64
1 "s_20080423_01"
0 
t_lpe 1 1 1000000 -1000000 0 3 1 0 1 64
1 0 
0 
tDELTA 3 1 14 14 14 2 1 8192 1 64
1 0 
0 
sw2 1 1 2000000 0 0 2 1 0 1 64
1 0 
0 
sw1 1 1 2000000 0 0 2 1 0 1 64
1 3256.13578086 
0 
sw3 1 1 2000000 0 0 2 1 0 1 64
1 0 
0 
t_dgvox 2 2 0 0 0 4 1 0 1 64
1 ""
0 
t_array 2 2 0 0 0 3 1 1 1 64
1 ""
0 
t_gap 1 1 1000000 -1000000 0 3 1 0 1 64
1 0 
0 
t_lro 1 1 1000000 -1000000 0 3 1 0 1 64
1 0 
0 
t_lpe3 1 1 1000000 -1000000 0 3 1 0 1 64
1 0 
0 
t_lpe2 1 1 1000000 -1000000 0 3 1 0 1 64
1 0 
0 
t_ns 1 1 1000000 0 1 3 1 1 1 64
1 1 
0 
t_mark 1 1 1000000 -1000000 0 3 1 0 1 64
1 0 
0 
t_phi 1 1 1000000 -1000000 0 3 1 0 1 64
1 0 
0 
tof 5 1 7 7 7 2 1 8202 1 64
1 218.2 
0 
temp 1 1 200 -150 0.1 2 1 8 0 64
1 29 
0 
t_vox1 1 1 1000000 -1000000 0 3 1 0 1 64
1 0 
0 
t_pss 1 1 1000000 -1000000 0 3 1 0 1 64
1 0 
0 
t_ppe2 1 1 1000000 -1000000 0 3 1 0 1 64
1 0 
0 
t_pos3 1 1 1000000 -1000000 0 3 1 0 1 64
1 0 
0 
t_pos2 1 1 1000000 -1000000 0 3 1 0 1 64
1 0 
0 
t_ppe 1 1 1000000 -1000000 0 3 1 0 1 64
1 0 
0 
t_pro 1 1 1000000 -1000000 0 3 1 0 1 64
1 0 
0 
t_ppe3 1 1 1000000 -1000000 0 3 1 0 1 64
1 0 
0 
t_psi 1 1 1000000 -1000000 0 3 1 0 1 64
1 0 
0 
t_thk 1 1 1000000 -1000000 0 3 1 0 1 64
1 0 
0 
t_theta 1 1 1000000 -1000000 0 3 1 0 1 64
1 0 
0 
t_vtheta 1 1 1000000 -1000000 0 3 1 0 1 64
1 0 
0 
t_vphi 1 1 1000000 -1000000 0 3 1 0 1 64
1 0 
0 
t_vox3 1 1 1000000 -1000000 0 3 1 0 1 64
1 0 
0 
t_vox2 1 1 1000000 -1000000 0 3 1 0 1 64
1 0 
0 
t_vpsi 1 1 1000000 -1000000 0 3 1 0 1 64
1 0 
0 
tcrushfs 3 1 14 14 14 2 1 8192 1 64
1 0.004 
0 
tau2 3 1 14 14 14 2 1 8192 1 64
1 0.006589 
0 
tau1 3 1 14 14 14 2 1 8192 1 64
1 0 
0 
tau 3 1 14 14 14 2 1 8192 1 64
1 0 
0 
tcrush 3 1 14 14 14 2 1 8192 1 64
1 0.002 
0 
tdelta 3 1 14 14 14 2 1 8192 1 64
1 0 
0 
tcrushmt 3 1 14 14 14 2 1 8192 1 64
1 0.004 
0 
tcrushread 3 1 14 14 14 2 1 8192 1 64
1 0.001 
0 
te 3 1 14 14 14 2 1 8192 1 64
1 0.02 
0 
te2 3 1 9.99999984307e+17 -9.99999984307e+17 0 2 1 256 1 64
3 0.06 0.09 0.12 
0 
thkunit 2 2 0 0 0 2 1 8 1 64
1 ""
0 
theta2 1 1 1000000 -1000000 0 2 1 0 1 64
1 0 
0 
th 1 1 1000000000 0 0 4 1 1 1 64
1 14 
0 
tflow 3 1 14 14 14 2 1 8192 1 64
1 0.001 
0 
theta 1 1 1000000 -1000000 0 2 1 8 1 64
1 90 
0 
th2d 1 1 1 1e-18 0 4 1 17 1 64
1 0.8 
0 
thkcon 1 1 1000000 -1000000 0 2 1 0 1 64
1 0 
0 
thk2 1 1 1000000 -1000000 0 2 1 0 1 64
1 5 
0 
thk 1 1 1000000 -1000000 0 2 1 0 1 64
1 4.01 
0 
thk2fact 1 1 1000000 -1000000 0 2 1 0 1 64
1 1 
0 
thktitle 2 2 0 0 0 4 1 3 1 64
1 ""
0 
time_processed 2 2 8 0 0 3 1 0 1 64
1 "20080423T135148"
0 
time_complete 2 2 8 0 0 2 1 0 1 64
1 "20080423T135148"
0 
ticks 1 1 1000000 0 1 2 1 1 1 64
1 0 
0 
ti 3 1 14 14 14 2 1 8192 1 64
1 0.06 
0 
time_plotted 2 2 8 0 0 3 1 0 1 64
1 ""
0 
time_exp 2 2 8 0 0 2 1 0 1 64
1 ""
0 
time_submitted 2 2 8 0 0 2 1 0 1 64
1 "20080423T135145"
0 
time_saved 2 2 8 0 0 2 1 0 1 64
1 "20080423T135229"
0 
time_run 2 2 8 0 0 2 1 0 1 64
1 "20080423T135146"
0 
tlt 1 1 1000000000 -1000000000 0 4 1 1 1 64
1 0 
0 
time_svfdate 2 2 8 0 0 2 1 0 1 64
1 "20080423T135145"
0 
time_submitted_local 2 2 8 0 0 2 1 0 1 64
1 "20080423T135145X01PMWedApr"
0 
tin 2 2 1 0 0 2 1 2 1 64
1 "n"
3 "n" "w" "y" 
tm 3 1 14 14 14 2 1 8192 1 64
1 0 
0 
tn 2 2 4 0 0 2 1 8 1 64
1 "H1"
0 
vtc 1 1 255 0 1 2 1 2 1 64
1 25 
0 
trise 3 1 14 14 14 2 1 8192 1 64
1 0.0002 
0 
tpwr4 1 1 17 17 17 2 1 8192 1 64
1 0 
0 
tpwr1 1 1 17 17 17 2 1 8192 1 64
1 46 
0 
tpe3 3 1 14 14 14 2 1 8192 1 64
1 0 
0 
tpe2 3 1 14 14 14 2 1 8192 1 64
1 0 
0 
tpe 3 1 14 14 14 2 1 8192 1 64
1 0.0003071125 
0 
tpwr 7 1 17 17 17 2 1 8192 1 64
1 55 
0 
tpwr2f 7 1 0 4095 1 2 1 8192 1 64
1 3697 
0 
tpwr2 1 1 17 17 17 2 1 8192 1 64
1 52 
0 
tpwr1f 7 1 0 4095 1 2 1 8192 1 64
1 3688 
0 
tpwr3 1 1 17 17 17 2 1 8192 1 64
1 0 
0 
tpwrfsat 1 1 17 17 17 2 1 8192 1 64
1 35 
0 
tpwr5 1 1 17 17 17 2 1 8192 1 64
1 0 
0 
tpwrf 7 1 0 4095 1 2 1 8192 1 64
1 4095 
0 
tr 3 1 14 14 14 2 1 8192 1 64
1 2 
0 
tpwri 1 1 17 17 17 2 1 8192 1 64
1 58 
0 
tpwrfsatf 7 1 0 4095 1 2 1 8192 1 64
1 3772 
0 
tpwrif 7 1 0 4095 1 2 1 8192 1 64
1 3705 
0 
trace 2 2 2 0 0 4 1 3 1 64
1 "f1"
2 "f1" "f2" 
trelax 3 1 14 14 14 2 1 8192 1 64
1 0 
0 
vp 7 1 500 -500 0.1 4 1 3 1 64
1 0 
0 
vf 1 1 1000000000 0 0 4 1 3 1 64
1 38722.7846242 
0 
use_finepower 2 2 1 0 0 2 1 0 1 64
1 "y"
2 "y" "n" 
tspoil 3 1 14 14 14 2 1 8192 1 64
1 0.001 
0 
uniform_esp 4 2 0 0 0 2 1 0 1 64
1 "n"
0 
verbose 4 2 0 0 0 2 1 0 1 64
1 "n"
0 
username 2 2 8 0 0 2 1 0 1 64
1 "vnmr1"
0 
vox1 1 1 1000000 -1000000 0 2 1 0 1 64
1 0 
0 
volnv2 1 1 1000000 0 1 2 1 9 1 64
1 0 
0 
vo 1 1 500 -500 0 4 1 1 1 64
1 0 
0 
vloc_ 2 2 8 0 0 2 1 8 1 64
1 "C7"
0 
volumexmt 2 2 8 0 0 2 1 0 1 64
1 "y"
0 
volumercv 2 2 8 0 0 2 1 0 1 64
1 "y"
0 
vorient 2 2 0 0 0 2 1 0 1 64
1 "trans"
0 
vox3 1 1 1000000 -1000000 0 2 1 0 1 64
1 0 
0 
vox2 1 1 1000000 -1000000 0 2 1 0 1 64
1 0 
0 
voxtitle 2 2 0 0 0 4 1 3 1 64
1 ""
0 
vpostitle 2 2 0 0 0 4 1 3 1 64
1 ""
0 
vpfi 1 1 500 -500 0 4 1 0 1 64
1 0 
0 
vpf 1 1 500 -500 0 4 1 0 1 64
1 0 
0 
vphi 1 1 1000000 -1000000 0 2 1 0 1 64
1 0 
0 
vs 1 1 1000000000 1e-06 0 4 1 3 1 64
1 2214.82784832 
0 
vpsi 1 1 1000000 -1000000 0 2 1 0 1 64
1 0 
0 
vproto_ 2 2 8 0 0 2 1 0 1 64
1 ""
0 
vrack_ 7 1 5 1 0 2 1 0 1 64
1 1 
0 
vs2d 1 1 1000000000 1e-06 0 4 1 3 1 64
1 802.010455906 
0 
vsproj 1 1 9.99999984307e+17 -9.99999984307e+17 0 4 1 3 1 64
1 257.728627752 
0 
y1 7 1 19 19 19 2 1 8192 1 64
1 1802 
0 
wsfrq 5 1 8 8 8 2 1 8192 1 64
1 0 
0 
werr 2 2 6 0 0 3 1 3 1 64
1 ""
0 
wc2 1 1 4 4 4 4 1 8195 1 64
1 65 
0 
wbs 2 2 6 0 0 3 1 3 1 64
1 ""
0 
vtwait 3 1 14 14 14 2 1 8194 1 64
1 300 
0 
vtheta 1 1 1000000 -1000000 0 2 1 0 1 64
1 0 
0 
vzone_ 7 1 15 1 0 2 1 0 1 64
1 1 
0 
wc 1 1 2 2 2 4 1 8203 1 64
1 180 
0 
wdone 2 2 8 0 0 3 1 0 1 64
1 ""
0 
weight 1 1 9.9e+17 0 0.001 3 1 0 1 64
1 0 
0 
wnt 2 2 6 0 0 3 1 3 1 64
1 ""
0 
wf 1 1 8190 0 1e-07 4 1 3 1 64
1 0.0043008 
0 
wexp 2 2 6 0 0 3 1 3 1 64
1 "im2D(`proc`,`profile`)"
0 
wf1 1 1 9.99999984307e+17 -9.99999984307e+17 0 4 1 0 1 64
1 0.0786208 
0 
wp1 1 1 100000 0 0 4 1 3 1 64
1 3256.13578086 
0 
wp 1 1 5000000 0 0 4 1 11 1 64
1 59291.2946429 
0 
ws 4 2 0 0 0 2 1 0 1 64
1 ""
0 
x1 7 1 19 19 19 2 1 8192 1 64
1 -385 
0 
wtfile 2 2 15 0 0 3 1 1 1 64
1 ""
0 
wshim 4 2 4 0 0 2 1 1 1 64
1 "n"
15 "e" "f" "g" "n" "s" "0" "1" "2" "3" "4" "5" "6" "7" "8" "9" 
wtfile1 2 2 15 0 0 3 2 1 1 64
1 ""
0 
xdiag 1 1 1e+18 0 0 4 1 17 1 64
1 0 
0 
x3 7 1 19 19 19 2 1 8192 1 64
1 0 
0 
x2y2 7 1 19 19 19 2 1 8192 1 64
1 -526 
0 
x4 7 1 19 19 19 2 1 8192 1 64
1 0 
0 
xz 7 1 19 19 19 2 1 8192 1 64
1 -795 
0 
xy 7 1 19 19 19 2 1 8192 1 64
1 -27 
0 
xz2 7 1 19 19 19 2 1 8192 1 64
1 0 
0 
z3c 7 1 19 19 19 2 1 8192 1 64
1 0 
0 
z2c 7 1 19 19 19 2 1 8192 1 64
1 2893 
0 
yz2 7 1 19 19 19 2 1 8192 1 64
1 0 
0 
y4 7 1 19 19 19 2 1 8192 1 64
1 0 
0 
y3 7 1 19 19 19 2 1 8192 1 64
1 0 
0 
yz 7 1 19 19 19 2 1 8192 1 64
1 122 
0 
z1c 7 1 19 19 19 2 1 8192 1 64
1 -2130 
0 
z1 7 1 19 19 19 2 1 8192 1 64
1 0 
0 
z0_ 1 1 19 19 19 2 1 73744 1 64
1 0 
0 
z2 7 1 19 19 19 2 1 8192 1 64
1 0 
0 
z2xy 7 1 19 19 19 2 1 8192 1 64
1 0 
0 
z2x2y2 7 1 19 19 19 2 1 8192 1 64
1 0 
0 
z2x3 7 1 19 19 19 2 1 8192 1 64
1 0 
0 
z3 7 1 19 19 19 2 1 8192 1 64
1 -323 
0 
z2y3 7 1 19 19 19 2 1 8192 1 64
1 0 
0 
z4y 7 1 19 19 19 2 1 8192 1 64
1 0 
0 
z4 7 1 19 19 19 2 1 8192 1 64
1 165 
0 
z3x3 7 1 19 19 19 2 1 8192 1 64
1 0 
0 
z3x2y2 7 1 19 19 19 2 1 8192 1 64
1 0 
0 
z3x 7 1 19 19 19 2 1 8192 1 64
1 0 
0 
z3y 7 1 19 19 19 2 1 8192 1 64
1 0 
0 
z3xy 7 1 19 19 19 2 1 8192 1 64
1 0 
0 
z3y3 7 1 19 19 19 2 1 8192 1 64
1 0 
0 
z4x 7 1 19 19 19 2 1 8192 1 64
1 0 
0 
z4c 7 1 19 19 19 2 1 8192 1 64
1 0 
0 
z4x2y2 7 1 19 19 19 2 1 8192 1 64
1 0 
0 
z4xy 7 1 19 19 19 2 1 8192 1 64
1 0 
0 
z7 7 1 19 19 19 2 1 8192 1 64
1 0 
0 
z5x 7 1 19 19 19 2 1 8192 1 64
1 0 
0 
z5 7 1 19 19 19 2 1 8192 1 64
1 -4 
0 
z6 7 1 19 19 19 2 1 8192 1 64
1 0 
0 
z5y 7 1 19 19 19 2 1 8192 1 64
1 0 
0 
zx2y2 7 1 19 19 19 2 1 8192 1 64
1 0 
0 
z8 7 1 19 19 19 2 1 8192 1 64
1 0 
0 
zero 1 1 1e+17 -1e+17 0 3 1 39 1 64
1 0 
0 
zxy 7 1 19 19 19 2 1 8192 1 64
1 0 
0 
zx3 7 1 19 19 19 2 1 8192 1 64
1 0 
0 
zy3 7 1 19 19 19 2 1 8192 1 64
1 0 
0 
