gzlvl4 1 1 9.99999984307e+17 -9.99999984307e+17 0 2 1 0 1 64
1 3917.72771792 
0 
dn3 2 2 8 0 0 2 1 8 1 64
1 ""
0 
dataid 2 2 8 0 0 2 1 0 1 64
1 ""
0 
alfa 6 1 8192 -8192 0.1 2 1 2 1 64
1 7 
0 
CSwp 7 1 32767 0 0 3 1 0 1 64
1 0 
0 
CSlines 7 1 32767 0 0 2 1 0 1 64
1 4 
0 
CSdensity 1 1 100 0 0 2 1 0 1 64
1 50 
0 
CS_cln 4 2 4 0 0 3 1 0 1 64
1 "y"
0 
Archive2 2 2 8 0 0 2 1 0 1 64
1 ""
0 
Archive1 2 2 8 0 0 2 1 0 1 64
1 ""
0 
ACQtime 7 1 100000000 0 1 2 1 256 1 64
1 0 
0 
BPexpress_gui 7 1 32767 0 0 2 1 0 1 64
1 0 
0 
CS_inf 4 2 4 0 0 3 1 0 1 64
1 "y"
0 
CS_dpars 4 2 4 0 0 3 1 0 1 64
1 "y"
0 
CS_se 4 2 4 0 0 3 1 0 1 64
1 "n"
0 
CSdnoise 4 2 4 0 0 3 1 0 1 64
1 "y"
0 
CSdensity2 1 1 100 0 0 2 1 0 1 64
1 50 
0 
CSdomain 7 1 32767 0 0 2 1 0 1 64
1 1 
0 
CSinp 2 2 8 0 0 2 1 0 1 64
1 ""
0 
CSseed 1 1 9.99999984307e+17 -9.99999984307e+17 0 2 1 0 1 64
1 169 
0 
CSprofile 2 2 8 0 0 2 1 256 1 64
3 ""
""
""
0 
CSniIndex 7 1 32767 0 0 2 1 256 1 64
1 0 
0 
CSni2Index 7 1 32767 0 0 2 1 256 1 64
1 0 
0 
CSpars 2 2 8 0 0 2 1 256 1 64
1 ""
0 
CSprosize 7 1 32767 0 0 2 1 256 1 64
3 0 0 0 
0 
CSreconmethod 2 2 8 0 0 2 1 0 1 64
1 "CLEAN"
0 
CSsp 7 1 32767 0 0 3 1 0 1 64
1 0 
0 
CSshowpro 4 2 4 0 0 2 1 0 1 64
1 "y"
0 
CSshape 2 2 8 0 0 2 1 0 1 64
1 "gexp"
0 
CSshowsch 4 2 4 0 0 2 1 0 1 64
1 "y"
0 
CSthr 1 1 100 1 0.1 3 1 0 1 64
1 2 
0 
CStype 4 2 4 0 0 2 1 0 1 64
1 "a"
0 
acqdim 7 1 32767 0 0 2 1 0 1 64
1 1 
0 
H1reffrq 1 1 9.99999984307e+17 -9.99999984307e+17 0 2 1 0 1 64
1 499.922475824 
0 
Gmap 2 2 8 0 0 2 1 1 1 64
1 "no"
0 
CSwt 4 2 4 0 0 2 1 0 1 64
1 "n"
0 
Gmapname 2 2 8 0 0 2 1 1 1 64
1 ""
0 
PFGflg 4 2 4 0 0 2 1 0 1 64
1 "n"
0 
MinSW 2 2 8 0 0 3 1 0 1 64
1 "off"
4 "off" "auto" "manual" "skip" 
IPrunid 2 2 8 0 0 2 1 0 1 64
1 ""
0 
SPARSE 4 2 4 0 0 2 1 0 1 64
1 "n"
0 
REQexp 2 2 8 0 0 4 1 256 1 64
2 ""
"ignore"
0 
acqcycles 1 1 9.99999984307e+17 -9.99999984307e+17 0 2 1 0 1 64
1 1 
0 
actemp 1 1 9.99999984307e+17 -9.99999984307e+17 0 2 1 0 1 64
1 21.8 
0 
acqpath 2 2 8 0 0 2 1 0 1 64
1 ""
0 
acqstatus 7 1 32767 0 0 2 1 0 1 64
2 11 0 
0 
adirtmplt 2 2 8 0 0 2 1 0 1 64
1 ""
0 
adir2tmplt 2 2 8 0 0 2 1 0 1 64
1 ""
0 
actionid 2 2 8 0 0 4 1 0 1 64
1 "null"
0 
aig 2 2 2 0 0 4 1 1 1 64
1 "ai"
2 "nm" "ai" 
celem 1 1 9.99999984307e+17 -9.99999984307e+17 0 2 1 0 1 64
1 7 
0 
autocal 4 2 4 0 0 2 1 0 1 64
1 "y"
0 
arraydim 7 1 32768 1 1 2 1 5 1 64
1 1 
0 
ap 2 2 1023 0 0 4 1 6 1 64
13 "1:SAMPLE:date,solvent,file;"
"1:ACQUISITION:sfrq:3,tn:2,at:3,np,sw:1,fb,bs(bs),ss(ss),tpwr(tpwr),pw:1,p1(p1):1,d1:3,d2(d2):3,tof:1,nt,ct,alock,gain;"
"1:FLAGS:co_dec,dec_15n,satmode,il,in,dp,hs;"
"1(ni):2D ACQUISITION:sw1:1,ni,phase;"
"1(ni2):3D ACQUISITION:d3,sw2:1,ni2,phase2;"
"1(ni):2D DISPLAY:sp1:1,wp1:1,sc2,wc2,rfl1:1,rfp1:1;"
"1(satmode='y'):PRESAT:satfrq:1,satdly:4,satpwr;"
"1(co_dec='y'):CARBONYL DEC.:co_dec,offco,dpwr_cod,dpwrf_cod;"
"1:DELAYS:mix:4,tauch:4,taunh:4,tauxh:4;"
"1:C13:pwC:1,pwClvl,dof_t1:1;"
"1:N15:pwN:1,pwNlvl;"
"2:GRADIENTS:gt1:6,gzlvl1,gt2:6,gzlvl2,gt3:6,gzlvl3,gt4:6,gzlvl4,gt5:6,gzlvl5,gt6:6,gzlvl6,gt7:6,gzlvl7,gt8:6,gzlvl8,gt9:6,gzlvl9,gt10:6,gzlvl10,gt11:6,gzlvl11,gzcal:6,gstab:6;"
"2:DEC. & VT:dfrq:3,dn,dpwr,dof:1,dm,dmm,dmf,dseq,dres:1,homo,temp(temp):1;"
5 "2(numrfch > 2):DEC2:dfrq2:3,dn2,dpwr2,dof2:1,dm2,dmm2,dmf2,dseq2,dres2:1,homo2;" "2(numrfch > 3):DEC3:dfrq3:3,dn3,dpwr3,dof3:1,dm3,dmm3,dmf3,dseq3,dres3:1,homo3;" "2:PROCESSING:cf(nf),lb(lb):2,sb(sb):3,sbs(sb):3,gf(gf):3,gfs(gf):3,awc(awc):3,lsfid(lsfid),phfid(phfid):1,wtfile,proc,fn,math,,werr,wexp,wbs,wnt;" "2(ni):2D PROCESSING:lb1(lb1):3,sb1(sb1):3,sbs1(sb1):3,gf1(gf1):3,gfs1(gf1):3,awc1(awc1):3,wtfile1,proc1,fn1;" "2(ni2):3D PROCESSING:lb2(lb2):2,sb2(sb2):3,sbs2(sb2):3,gf2(gf2):3,gfs2(gf2):3,awc2(awc2):3,wtfile2,proc2,fn2;" 
alock 2 2 8 0 0 2 1 0 1 64
1 "n"
5 "a" "n" "s" "u" "y" 
archivedir 2 2 8 0 0 2 1 0 1 64
1 ""
0 
apptype 2 2 8 0 0 2 1 1 1 64
1 "mr_f13c_noe_hsqc_s13c"
0 
array 2 2 256 0 0 2 1 1 1 64
1 ""
0 
at_ni 1 1 9.99999984307e+17 -9.99999984307e+17 0 2 1 0 1 64
1 0.001 
0 
at 1 1 14 14 14 2 1 8203 1 64
1 0.0851968 
0 
arrayelemts 1 1 9.99999984307e+17 -9.99999984307e+17 0 2 1 0 1 64
1 0 
0 
at_ni3 1 1 9.99999984307e+17 -9.99999984307e+17 0 2 1 0 1 64
1 0.001 
0 
at_ni2 1 1 9.99999984307e+17 -9.99999984307e+17 0 2 1 0 1 64
1 0.001 
0 
at_obs 1 1 9.99999984307e+17 -9.99999984307e+17 0 2 1 0 1 64
1 0.001 
0 
awc2 1 1 1 -1 0.001 3 1 1 0 64
1 0 
0 
awc 1 1 1 -1 0.001 3 1 1 0 64
1 0 
0 
avwdir 2 2 8 0 0 3 1 0 1 64
1 ""
0 
awc1 1 1 1 -1 0.001 3 1 1 0 64
1 0 
0 
axisf 4 2 4 0 0 4 1 0 1 64
1 "s"
4 "m" "n" "s" "u" 
axis 4 2 4 0 0 4 1 0 1 64
1 "ppd"
11 "c" "d" "1" "2" "3" "h" "k" "m" "n" "p" "u" 
c180_flg 4 2 4 0 0 2 1 0 1 64
1 "y"
0 
bs 7 1 32767 0 1 2 1 0 0 64
1 16 
0 
cr1 1 1 1000000000 -1000000000 0 4 1 3 1 64
1 5680.93794592 
0 
compH 1 1 9.99999984307e+17 -9.99999984307e+17 0 2 1 0 1 64
1 0.863 
0 
comment 2 2 8 0 0 3 1 0 1 64
1 ""
0 
co_dec 2 2 8 0 0 2 1 0 1 64
1 "mr_s_19865"
0 
cf 7 1 32767 0 1 3 1 1 0 64
1 1 
0 
compC 1 1 9.99999984307e+17 -9.99999984307e+17 0 2 1 0 1 64
1 0.981 
0 
compD 1 1 9.99999984307e+17 -9.99999984307e+17 0 2 1 0 1 64
1 1 
0 
console 2 2 8 0 0 2 1 0 1 64
1 "vnmrs"
0 
compN 1 1 9.99999984307e+17 -9.99999984307e+17 0 2 1 0 1 64
1 1.02 
0 
concentration 1 1 9.99e+17 -9.99e+17 0 2 1 0 1 64
1 0 
0 
cppauseflg 4 2 4 0 0 4 1 0 1 64
1 "n"
0 
cp 2 2 1 0 0 2 1 0 1 64
1 "y"
2 "y" "n" 
cr 1 1 1000000000 -1000000000 0 4 1 1 1 64
1 6167.60557627 
0 
cutoff 1 1 9.99999984307e+17 -9.99999984307e+17 0 4 1 0 0 64
1 200 
0 
crf 1 1 9.99999984307e+17 -9.99999984307e+17 0 4 1 0 1 64
1 0 
0 
cr2 1 1 9.99999984307e+17 -9.99999984307e+17 0 4 1 0 1 64
1 -1.22276753387 
0 
ct 7 1 1000000000 0 1 2 1 6 1 64
1 0 
0 
customflag 4 2 4 0 0 4 1 0 1 64
1 "n"
0 
d3 3 1 14 14 14 2 1 8192 1 64
1 0 
0 
d1 3 1 14 14 14 2 1 8194 1 64
1 1 
0 
d0 3 1 14 14 14 2 1 8192 1 64
1 0.05 
0 
d2 3 1 14 14 14 2 1 8194 1 64
1 0 
0 
dataProcessed 1 1 9.99999984307e+17 -9.99999984307e+17 0 3 1 0 1 64
1 0 
0 
dlp 7 1 10 10 10 2 1 8194 0 64
1 10 
0 
deltaf 1 1 100 0 0 4 1 0 1 64
1 0.01354478125 
0 
dec_co 4 2 4 0 0 2 1 0 1 64
1 "n"
0 
dcg 2 2 3 0 0 4 1 1 1 64
1 "cdc"
2 "dc" "cdc" 
date 2 2 9 0 0 2 1 1 1 64
1 "Oct 23 2008"
0 
datname 2 2 8 0 0 3 1 0 1 64
1 ""
0 
ddrtc 6 1 13 13 13 2 1 8192 1 64
1 7 
0 
dcrmv 4 2 9.99999984307e+17 -9.99999984307e+17 0 4 1 0 1 64
1 "n"
2 "y" "n" 
ddrpm 2 2 8 0 0 2 1 0 1 64
1 "e"
0 
dec3wave 2 2 8 0 0 2 1 0 1 64
1 "g"
0 
dec2wave 2 2 8 0 0 2 1 0 1 64
1 "g"
0 
dec_15n 4 2 4 0 0 2 1 0 1 64
1 "n"
0 
delta1 1 1 5000000 0 0 2 1 0 1 64
1 6450.20297954 
0 
delta 1 1 5000000 0 0 4 1 1 1 64
1 6474.95480301 
0 
decwave 2 2 8 0 0 2 1 0 1 64
1 "g"
0 
delta2 1 1 9.99999984307e+17 -9.99999984307e+17 0 4 1 0 1 64
1 2893.82187684 
0 
dgg 2 2 8 0 0 2 1 0 1 64
3 "1:Grad Pulses:gt1,gt2,gt3,gt4,gt5,gt6,gt7,gt8,gt9,gt10,gt11;"
"2:Grad Amplitudes:gzlvl1,gzlvl2,gzlvl3,gzlvl4,gzlvl5,gzlvl6,gzlvl7,gzlvl8,gzlvl9,gzlvl10,gzlvl11;"
"3:Grad Calibration:pfgon,gcalz:7,grcdelay:1;"
0 
dg 2 2 1023 0 0 4 1 6 1 64
4 "1:OBS Channel:sfrq:7,tn,tof:1,tpwr(tpwr):0,tpwrf(tpwrf):0,satfrq:1,satpwr;1:RF Channel 2:dfrq:7,dn,dof:1,dof_t1:1,dm,dmm,dmf,dpwr(dpwr):0,dpwrf(dpwrf):0,pwC:1,pwClvl;"
"2:Pulses:pw,pwco180,pwN:1,pwNlvl,;2:Delays:d0,d1,d2,d3,tauxh,tauch,taunh,mix;2:Offset:offco;"
"3:Acquisition:seqfil,sw,fb,np,at,ss,nt,ct,bs,gain,dsp,oversamp,rof2:1,alfa:1;"
"4:3D Acquisition:sw1,ni,phase,sw2,ni2,phase2,array;4:Flags:satmode,dec_co,dec_15n,;4:Sample:date,temp:1,actemp:1,solvent,file;"
0 
dfrq2 1 1 1000000000 0 0 2 1 9 1 64
1 50.6630061 
0 
dfrq 5 1 1000000000 -1000000000 0 2 1 8 1 64
1 125.7096769 
0 
density 1 1 9.99999984307e+17 -9.99999984307e+17 0 2 1 0 1 64
1 1 
0 
dfrq3 1 1 1000000000 0 0 2 1 9 1 64
1 0 
0 
dg1 2 2 8 0 0 4 1 0 1 64
1 "1:DISPLAY:sp:1,wp:1,sp1(ni):1,wp1(ni):1,sp2(ni2):1,wp2(ni2):1;1:FID:sf:3,wf:3,vf:0;1:FLAGS:aig*,dcg*,pmode*(ni),dmg*,dmg1*(ni),dmg2*(ni2);2:REFERENCING:rfl:1,rfp:1,cr:1,delta:1,,rfl1(ni):1,rfp1(ni):1,cr1(ni):1,delta1(ni):1,,rfl2(ni2):1,rfp2(ni2):1,cr2(ni2):1,delta2(ni2):1;3:CHART:sc:0,wc:0,sc2(ni):0,wc2(ni):0,,hzmm:2,vs:1,vp:1,th:1,ho:2,vo:2,axis,,pltmod,rplot;4(ni):DIMENSIONS:trace,plane(ni2);4:INTEGRAL:intmod,is:2,ins:3,io:0,,lvl:3,tlt:3;4(ni2):3D OPTIONS:fiddc3d,specdc3d,ptspec3d,ntype3d;"
0 
dg2 2 2 8 0 0 4 1 4 1 64
4 "1:13C channel:dfrq:7,dn,dof:1,dpwr:0,dpwr_cod,dpwrf_cod,co_dec,,dm,dmm,dmf:0,dseq,dres:1,,homo;"
"2:15N channel:dfrq2:7,dn2,dof2:1,dpwr2:0,,dm2,dmm2,dmf2:0,,dseq2,dres2:1,,homo2;"
"3(numrfch>3):3rd DECOUPLING:dfrq3:7,dn3,dof3:1,dpwr3:0,,dseq3,dres3:1,,homo3;"
"4:Flags:rfchannel,il,in,dp,;4:Lock:lockgain,lockpower,locklvl;"
0 
dhp 1 1 9 9 9 2 1 8192 0 64
1 40 
0 
dgp 2 2 8 0 0 2 1 0 1 64
1 "1:Processing:lb:1,fn;2:FLAGS:rfchannel,il,in,dp,phase;3:Sample:date,solvent,file;"
0 
dglp 2 2 8 0 0 4 1 7 1 64
1 "1(lpfilt):LP:lpalg,lpopt,lpfilt:0,lpnupts:0,strtlp:0,lpext:0,strtext:0;2(lpfilt1):LP 1:lpalg1,lpopt1,lpfilt1:0,lpnupts1:0,strtlp1:0,lpext1:0,strtext1:0;3(lpfilt2):LP 2:lpalg2,lpopt2,lpfilt2:0,lpnupts2:0,strtlp2:0,lpext2:0,strtext2:0;4:LP OUTPUT:lpprint(lpfilt):0,lptrace(lpfilt):0,lpprint1(lpfilt1):0,lptrace1(lpfilt1):0,lpprint2(lpfilt2):0,lptrace2(lpfilt2):0;"
0 
dgs 2 2 1023 0 0 4 1 6 1 64
5 "1:AXIAL SHIMS:z1:0,z2:0,z3:0,z4:0,z5:0,z6:0,z7:0;"
"2:NON AXIAL SHIMS:x1:0,y1:0,xz:0,yz:0,xy:0,x2y2:0,x3:0,y3:0,xz2:0,yz2:0,zxy:0,zx2y2:0,z3x:0,z3y:0;"
"3:NON AXIAL SHIMS:z2x2y2:0,z2xy:0,zx3:0,zy3:0,z4x:0,z4y:0;"
"4:AUTOMATION:method,wshim,load,,spin:0,gain:0,alock,loc:0;"
"4:SPECIAL:temp;"
0 
dgproc 2 2 8 0 0 4 1 0 1 64
1 "1:PROCESSING:lb:3,sb:3,sbs:3,gf:3,gfs2:3,awc2:3,wtfile,proc,fn:0;2:2D PROCESSING:lb1:3,sb1:3,sbs1:3,gf1:3,gfs1:3,awc1:3,wtfile1,proc1,fn1:0,f1coef;3:3D PROCESSING:lb2:3,sb2:3,sbs2(sb2):3,gf2:3,gfs2(gf2):3,awc2:3,wtfile2,proc2,fn2:0,f2coef;"
0 
disCmd 2 2 8 0 0 4 1 0 1 64
1 ""
0 
dimension 2 2 8 0 0 2 1 0 1 64
1 ""
0 
displaymode 4 2 9.99999984307e+17 -9.99999984307e+17 0 4 1 0 1 64
1 "r"
0 
dmg 2 2 2 0 0 4 1 3 1 64
1 "ph"
0 
dmf 7 1 11 11 11 2 1 8194 1 64
1 14562 
0 
dm2 4 2 4 0 0 2 1 0 1 64
1 "nnny"
4 "a" "n" "s" "y" 
dm 4 2 4 0 0 2 1 0 1 64
1 "nnnn"
4 "a" "n" "s" "y" 
dm3 4 2 4 0 0 2 1 0 1 64
1 "n"
4 "a" "n" "s" "y" 
dmf2 7 1 2000000 1 0 2 1 2 1 64
1 12903 
0 
dmf3 7 1 2000000 1 0 2 1 2 1 64
1 200 
0 
dmm3 4 2 4 0 0 2 1 0 1 64
1 "c"
9 "c" "f" "g" "m" "p" "r" "u" "w" "x" 
dmm 4 2 4 0 0 2 1 0 1 64
1 "cccc"
9 "c" "f" "g" "m" "p" "r" "u" "w" "x" 
dmg1 2 2 8 0 0 4 1 0 1 64
1 ""
4 "" "av1" "ph1" "pwr1" 
dmg2 2 2 8 0 0 2 1 0 1 64
1 ""
0 
dmm2 4 2 4 0 0 2 1 0 1 64
1 "cccp"
9 "c" "f" "g" "m" "p" "r" "u" "w" "x" 
dn2 2 2 8 0 0 2 1 8 1 64
1 "N15"
0 
dn 2 2 4 0 0 2 1 8 1 64
1 "C13"
0 
dn2ref 2 2 8 0 0 4 1 1 1 64
1 ""
0 
dn2shapes 2 2 8 0 0 2 1 256 1 64
3 ""
""
""
0 
fidid 2 2 8 0 0 2 1 0 1 64
1 ""
0 
dseq2 2 2 8 0 0 2 1 0 1 64
1 "wurst40N"
0 
dpwrh 7 1 32767 0 0 2 1 0 1 64
1 61 
0 
dp 2 2 1 0 0 2 1 0 1 64
1 "y"
2 "y" "n" 
dof 5 1 8 8 8 2 1 8202 1 64
1 -7843.1 
0 
dnref 2 2 8 0 0 4 1 1 1 64
1 ""
0 
dn3shapes 2 2 8 0 0 2 1 256 1 64
3 ""
""
""
0 
dn3ref 2 2 8 0 0 4 1 1 1 64
1 ""
0 
dn4ref 2 2 8 0 0 4 1 1 1 64
1 ""
0 
dnshapes 2 2 8 0 0 2 1 256 1 64
3 ""
""
""
0 
dod 3 1 14 14 14 2 1 8194 1 64
1 0.00999999977648 
0 
dof3 5 1 20 20 20 2 1 8202 1 64
1 0 
0 
dof2 5 1 16 16 16 2 1 8202 1 64
1 1336.9 
0 
dotflag 2 2 8 0 0 4 1 0 1 64
1 "n"
2 "n" "y" 
dof_t1 1 1 9.99999984307e+17 -9.99999984307e+17 0 2 1 0 1 64
1 -8587.1 
0 
downsamp 7 1 999 1 1 3 1 1 0 64
1 0 
0 
dpwr3 1 1 21 21 21 2 1 8194 1 64
1 1 
0 
dpwr2 1 1 18 18 18 2 1 8194 1 64
1 35 
0 
dpwr 1 1 43 -16 1 2 1 2 1 64
1 43 
0 
dpf_wc2 1 1 9.99999984307e+17 -9.99999984307e+17 0 4 1 0 1 64
1 155 
0 
dpwr2h 1 1 9.99999984307e+17 -9.99999984307e+17 0 2 1 0 1 64
1 56 
0 
dpwrf_cod 7 1 32767 0 0 2 1 0 1 64
1 3814 
0 
dpwr_cod 7 1 32767 0 0 2 1 0 1 64
1 55 
0 
dres3 7 1 360 1 0 2 1 0 1 64
1 90 
0 
dreffrq2 1 1 9.99999984307e+17 -9.99999984307e+17 0 2 1 0 1 64
1 50.6567045435 
0 
dreffrq 1 1 9.99999984307e+17 -9.99999984307e+17 0 2 1 0 1 64
1 125.705271583 
0 
dpwrhf 7 1 32767 0 0 2 1 0 1 64
1 4095 
0 
dres 7 1 360 1 0 2 1 0 1 64
1 90 
0 
dreffrq3 1 1 9.99999984307e+17 -9.99999984307e+17 0 2 1 0 1 64
1 0 
0 
dres2 7 1 360 1 0 2 1 0 1 64
1 9 
0 
dseq 2 2 8 0 0 2 1 0 1 64
1 "wurst80"
0 
dscoef 7 1 49999 3 2 3 1 1 1 64
1 62 
0 
f1180 4 2 4 0 0 2 1 0 1 64
1 "n"
0 
dss_wc 1 1 9.99999984307e+17 -9.99999984307e+17 0 4 1 0 1 64
1 237.5 
0 
dslsfrq 1 1 9.99999984307e+17 -9.99999984307e+17 0 3 1 1 0 64
1 0 
0 
dsfb 1 1 9.99999984307e+17 -9.99999984307e+17 0 3 1 1 0 64
1 0 
0 
dseq3 2 2 8 0 0 2 1 0 1 64
1 ""
0 
dss_sc2 1 1 9.99999984307e+17 -9.99999984307e+17 0 4 1 0 1 64
1 0 
0 
dss_sc 1 1 9.99999984307e+17 -9.99999984307e+17 0 4 1 0 1 64
1 0 
0 
emailwhen 2 2 8 0 0 2 1 0 1 64
1 ""
0 
dutyc 1 1 9.99999984307e+17 -9.99999984307e+17 0 2 1 0 1 64
1 0.1 
0 
dss_wc2 1 1 9.99999984307e+17 -9.99999984307e+17 0 4 1 0 1 64
1 154.5 
0 
emailaddr 2 2 8 0 0 4 1 0 1 64
1 ""
0 
eOptions 2 2 8 0 0 4 1 264 1 64
1 ""
0 
explabel 2 2 8 0 0 2 1 0 1 64
1 "gChmqcnoesy_Cfilt"
0 
empty_noise 1 1 9.99999984307e+17 -9.99999984307e+17 0 2 1 0 1 64
1 0 
0 
emessage 4 2 4 0 0 2 1 0 1 64
1 "n"
0 
execprocess 2 2 8 0 0 2 1 0 1 64
1 " return "
0 
explist 2 2 8 0 0 2 1 256 1 64
1 ""
0 
exppath 2 2 8 0 0 2 1 0 1 64
1 "/home/georgeg/vnmrsys/exp36/acqfil"
0 
f2coef 2 2 8 0 0 3 1 1 1 64
1 ""
0 
f2180 4 2 4 0 0 2 1 0 1 64
1 "n"
0 
f1coef 2 2 8 0 0 3 1 1 1 64
1 ""
0 
f1SW 2 2 8 0 0 2 1 1 1 64
1 ""
0 
f2SW 2 2 8 0 0 2 1 1 1 64
1 ""
0 
fdfdir 2 2 8 0 0 3 1 0 1 64
1 ""
0 
fadflg 4 2 4 0 0 2 1 0 1 64
1 "n"
0 
faculty 2 2 8 0 0 2 1 0 1 64
1 ""
0 
fb 7 1 6 6 6 2 1 8203 1 64
1 2000 
0 
fiddc3d 4 2 4 0 0 3 1 0 1 64
1 "nnn"
0 
fdffile 2 2 8 0 0 3 1 0 1 64
1 ""
0 
gfs1 1 1 1000 -1000 0.001 3 1 1 0 64
1 0 
0 
fpmult1 1 1 1000000000 0 0 3 2 0 1 64
1 0.5 
0 
fn1 7 1 524288 64 -2 3 1 1 1 64
1 256 
0 
filtfile 2 2 8 0 0 2 1 0 1 64
1 ""
0 
filename 2 2 8 0 0 2 1 1 1 64
1 ""
0 
file 2 2 6 0 0 2 1 3 1 64
1 "/rpdnmr/applab/data/etishche/et_biopack_update/parlib_src//gChmqcnoesy_Cfilt.par"
0 
filter 7 1 1000000000 0 1 2 1 2 1 64
1 54.0999984741 
0 
fn 7 1 524288 64 -2 3 1 1 1 64
1 4096 
0 
fn_ni2 7 1 32767 0 0 2 1 0 1 64
1 512 
0 
fn_ni 7 1 32767 0 0 2 1 0 1 64
1 1024 
0 
fn2 7 1 524288 64 -2 3 1 1 1 64
1 512 
0 
fn_obs 7 1 32767 0 0 2 1 0 1 64
1 4096 
0 
fn_ni3 7 1 32767 0 0 2 1 0 1 64
1 256 
0 
fpmult 1 1 1000000000 0 0 3 1 0 1 64
1 0.5 
0 
gain 1 1 60 0 2 2 1 0 1 64
1 24 
0 
ftproc 1 1 9.99999984307e+17 -9.99999984307e+17 0 3 1 256 1 64
2 1 1 
0 
fpmult2 1 1 1000000000 0 0 3 1 0 1 64
1 0.5 
0 
fzoom 7 1 32767 0 0 4 1 0 1 64
1 0 
0 
gf1 1 1 100000 0 0 3 1 1 0 64
1 0.068022094667 
0 
gcalz 1 1 9.99999984307e+17 -9.99999984307e+17 0 2 1 0 1 64
1 0.0021693 
0 
gain2 1 1 60 0 2 2 1 1 1 64
1 30 
0 
gf 1 1 100000 0 0 3 1 1 0 64
1 0.113339826465 
0 
gfs 1 1 1000 -1000 0.001 3 1 1 0 64
1 0 
0 
gf2 1 1 100000 0 0 3 1 1 0 64
1 0 
0 
gt4 3 1 14 14 14 2 1 8192 1 64
1 0.0004 
0 
gt10 3 1 14 14 14 2 1 8192 1 64
1 0 
0 
gscale 1 1 9.99999984307e+17 -9.99999984307e+17 0 2 1 0 1 64
1 1 
0 
gradalt 1 1 9.99999984307e+17 -9.99999984307e+17 0 2 1 0 1 64
1 1 
0 
gfs2 1 1 1000 -1000 0.001 3 1 1 0 64
1 0 
0 
grcdelay 3 1 14 14 14 2 1 8192 1 64
1 500 
0 
gstab 3 1 14 14 14 2 1 8192 1 64
1 0.0001 
0 
gt1 3 1 14 14 14 2 1 8192 1 64
1 0.0001 
0 
gt13 3 1 14 14 14 2 1 8192 1 64
1 0 
0 
gt11 3 1 14 14 14 2 1 8192 1 64
1 0 
0 
gt2 3 1 14 14 14 2 1 8192 1 64
1 0.0001 
0 
gt3 3 1 14 14 14 2 1 8192 1 64
1 0.001 
0 
gzcal 1 1 9.99999984307e+17 -9.99999984307e+17 0 2 1 0 1 64
1 0.002183 
0 
gt8 3 1 14 14 14 2 1 8192 1 64
1 0 
0 
gt6 3 1 14 14 14 2 1 8192 1 64
1 0 
0 
gt5 3 1 14 14 14 2 1 8192 1 64
1 0.001 
0 
gt7 3 1 14 14 14 2 1 8192 1 64
1 0 
0 
gt9 3 1 14 14 14 2 1 8192 1 64
1 0 
0 
gxppars 2 2 8 0 0 2 1 0 1 64
1 ""
0 
gzlvl10 1 1 9.99999984307e+17 -9.99999984307e+17 0 2 1 0 1 64
1 -9207.16112532 
0 
gzlvl1 1 1 9.99999984307e+17 -9.99999984307e+17 0 2 1 0 1 64
1 4897.1596474 
0 
gzlvl2 1 1 9.99999984307e+17 -9.99999984307e+17 0 2 1 0 1 64
1 3428.01175318 
0 
gzlvl11 1 1 9.99999984307e+17 -9.99999984307e+17 0 2 1 0 1 64
1 2000 
0 
gzlvl3 1 1 9.99999984307e+17 -9.99999984307e+17 0 2 1 0 1 64
1 2448.5798237 
0 
ref 5 1 1000000000 -1000000000 0 3 4 0 1 64
1 0 
0 
nt 7 1 1000000000 1 1 2 1 2 1 64
1 16 
0 
liamp 1 1 1000000000 0 0 4 1 0 0 64
1 0 
0 
ins2 1 1 9.99999984307e+17 -9.99999984307e+17 0 4 1 0 1 64
1 100 
0 
hdseq 2 2 8 0 0 2 1 0 1 64
1 ""
0 
gzsize 1 1 9.99999984307e+17 -9.99999984307e+17 0 2 1 0 1 64
1 0 
0 
gzlvl7 1 1 9.99999984307e+17 -9.99999984307e+17 0 2 1 0 1 64
1 3580.56265985 
0 
gzlvl6 1 1 9.99999984307e+17 -9.99999984307e+17 0 2 1 0 1 64
1 7672.6342711 
0 
gzlvl5 1 1 9.99999984307e+17 -9.99999984307e+17 0 2 1 0 1 64
1 3672.86973555 
0 
gzlvl9 1 1 9.99999984307e+17 -9.99999984307e+17 0 2 1 0 1 64
1 5115.08951407 
0 
gzlvl8 1 1 9.99999984307e+17 -9.99999984307e+17 0 2 1 0 1 64
1 3580.56265985 
0 
hdpwr 7 1 49 -16 1 2 1 2 1 64
1 1 
0 
hdmf 1 1 9.99999984307e+17 -9.99999984307e+17 0 2 1 0 1 64
1 1000 
0 
hdfrqc 5 1 1000000000 -1000000000 0 2 1 256 0 64
1 0 
0 
gzwin 1 1 9.99999984307e+17 -9.99999984307e+17 0 2 1 0 1 64
1 0 
0 
hdfrqw 1 1 9.99999984307e+17 -9.99999984307e+17 0 2 1 256 0 64
1 10 
0 
hdof 5 1 7 7 7 2 1 8194 1 64
1 0 
0 
hdpsmode 4 2 4 0 0 2 1 0 1 64
1 "n"
0 
hdres 1 1 9.99999984307e+17 -9.99999984307e+17 0 2 1 0 1 64
1 0.9 
0 
hdpwrf 1 1 9.99999984307e+17 -9.99999984307e+17 0 2 1 0 1 64
1 4095 
0 
hs 4 2 4 0 0 2 1 0 1 64
1 "nn"
2 "n" "y" 
homo3 4 2 4 0 0 2 1 0 1 64
1 "n"
2 "n" "y" 
homo 2 2 8 0 0 2 1 8 1 64
1 "n"
2 "n" "y" 
hdwshimlist 2 2 8 0 0 2 1 0 1 64
1 ""
0 
hdwave 2 2 8 0 0 2 1 0 1 64
1 "SEDUCE1"
0 
ho 1 1 500 -500 0 4 1 1 1 64
1 -0 
0 
homo2 4 2 4 0 0 2 1 0 1 64
1 "n"
2 "n" "y" 
homorof2 6 1 13 13 13 2 1 8192 1 64
1 2 
0 
homorof1 6 1 13 13 13 2 1 8192 1 64
1 2 
0 
homorof3 6 1 13 13 13 2 1 8192 1 64
1 2 
0 
il 2 2 1 0 0 2 1 0 1 64
1 "n"
2 "y" "n" 
hzmm 1 1 1000000000 -1000000000 0 4 1 11 1 64
1 50.6072874494 
0 
hst 3 1 0.02 0 2.5e-08 2 1 2 1 64
1 0.00800000037998 
0 
ident 2 2 8 0 0 3 1 0 1 64
1 ""
0 
ins 3 1 8190 0 1e-07 4 1 3 1 64
1 100 
0 
in 4 2 1 0 0 2 1 0 1 64
1 "n"
3 "n" "w" "y" 
jhc1 1 1 9.99999984307e+17 -9.99999984307e+17 0 2 1 0 1 64
1 120 
0 
investigator 2 2 8 0 0 4 1 0 1 64
1 "George"
0 
insref 1 1 9.99999984307e+17 -9.99999984307e+17 0 4 1 0 0 64
1 1 
0 
ins2ref 1 1 9.99999984307e+17 -9.99999984307e+17 0 4 1 0 0 64
1 1 
0 
intmod 2 2 8 0 0 4 1 0 1 64
1 "off"
3 "off" "partial" "full" 
intstd 2 2 8 0 0 2 1 0 1 64
1 ""
0 
is 1 1 1000000000 1e-06 0 4 1 3 1 64
1 55204.2735854 
0 
io 1 1 500 -500 0.1 4 1 1 1 64
1 10 
0 
iswt 1 1 9.99999984307e+17 -9.99999984307e+17 0 2 1 0 1 64
1 0 
0 
lb1 1 1 100000 -100000 0 3 1 1 0 64
1 11.3801414302 
0 
layout 2 2 8 0 0 4 1 0 1 64
1 "gChmqcnoesy_Cfilt"
0 
jhc2 1 1 9.99999984307e+17 -9.99999984307e+17 0 2 1 0 1 64
1 150 
0 
lb 1 1 100000 -100000 0 3 1 1 0 64
1 1.46771329004 
0 
lb2 1 1 100000 -100000 0 3 1 1 0 64
1 0 
0 
lpopt2 2 2 8 0 0 3 1 0 1 64
1 "f"
0 
lpalg2 2 2 8 0 0 3 1 0 1 64
1 "lpfft"
0 
locklvl 1 1 9.99999984307e+17 -9.99999984307e+17 0 2 1 0 1 64
1 97 
0 
llfrq 1 1 1000000000 -1000000000 0 4 1 0 0 64
1 0 
0 
llamp 1 1 1000000000 0 0 4 1 0 0 64
1 0 
0 
lifrq 1 1 1000000000 -1000000000 0 4 1 0 0 64
1 0 
0 
load 2 2 4 0 0 2 1 3 1 64
1 "n"
2 "y" "n" 
lllabel 2 2 8 0 0 3 1 0 1 64
1 ""
0 
locdir 2 2 8 0 0 2 1 0 1 64
1 ""
0 
lp1 1 1 3600 -3600 0.1 4 1 3 1 64
1 0 
0 
lot 2 2 8 0 0 2 1 0 1 64
1 ""
0 
longlist 2 2 8 0 0 2 1 256 1 64
1 ""
0 
lp 1 1 3600 -3600 0.1 4 1 3 1 64
1 0 
0 
lpalg 2 2 8 0 0 3 1 0 1 64
1 "lpfft"
0 
lp2 1 1 3600 -3600 0.1 4 1 3 1 64
1 0 
0 
lpalg1 2 2 8 0 0 3 1 0 1 64
1 "lpfft"
0 
lpfilt2 7 1 32767 1 1 3 1 0 1 64
1 8 
0 
lpext2 7 1 1000000 0 1 3 1 0 1 64
1 102 
0 
lpext1 7 1 1000000 0 1 3 1 0 1 64
1 45 
0 
lpext 7 1 1000000 0 1 3 1 0 1 64
1 1 
0 
lpfilt1 7 1 32767 1 1 3 1 0 1 64
1 8 
0 
lpfilt 7 1 32767 1 1 3 1 0 1 64
1 32 
0 
lpnupts2 7 1 1000000 1 1 3 1 0 1 64
1 26 
0 
lpnupts1 7 1 1000000 1 1 3 1 0 1 64
1 19 
0 
lpnupts 7 1 1000000 1 1 3 1 0 1 64
1 64 
0 
lpopt1 2 2 8 0 0 3 1 0 1 64
1 "f"
0 
lpopt 2 2 8 0 0 3 1 0 1 64
1 "b"
0 
macro 2 2 6 0 0 4 1 3 1 64
1 ""
0 
lsfid 7 1 64000 -64000 1 3 1 0 0 64
1 0 
0 
lptrace 7 1 32767 0 1 3 1 0 1 64
1 0 
0 
lpprint1 7 1 63 0 1 3 1 0 1 64
1 0 
0 
lpprint 7 1 63 0 1 3 1 0 1 64
1 0 
0 
lpprint2 7 1 63 0 1 3 1 0 1 64
1 0 
0 
lptrace1 7 1 32767 0 1 3 1 0 1 64
1 0 
0 
lptrace2 7 1 32767 0 1 3 1 0 1 64
1 0 
0 
lsfrq 1 1 9.99999984307e+17 -9.99999984307e+17 0 3 1 0 0 64
1 0 
0 
lsfid2 7 1 64000 -64000 1 3 1 0 0 64
1 0 
0 
lsfrq2 1 1 9.99999984307e+17 -9.99999984307e+17 0 3 1 0 0 64
1 0 
0 
lsfrq1 1 1 9.99999984307e+17 -9.99999984307e+17 0 3 1 0 0 64
1 0 
0 
lvl 1 1 1000000000 -1000000000 0 4 1 1 1 64
1 0 
0 
n1 2 2 6 0 0 4 1 3 1 64
1 "pitx2_dl_3d_noesyhsqc_f13c_s13c_032104"
0 
method 2 2 6 0 0 2 1 3 1 64
1 "z1z2"
0 
maxplen 6 1 13 13 13 2 1 8192 1 64
1 164 
0 
math 2 2 1 0 0 3 1 3 1 64
1 "f"
3 "d" "f" "i" 
mix 3 1 14 14 14 2 1 8192 1 64
1 0.1 
0 
mfsat 4 2 4 0 0 2 1 0 1 64
1 "y"
0 
mfslp 4 2 4 0 0 2 1 0 1 64
1 "n"
0 
modules 2 2 8 0 0 2 1 1 1 64
1 " par2D par3D"
0 
ni 7 1 32767 0 0 2 1 0 1 64
1 1 
0 
n3 2 2 6 0 0 4 1 3 1 64
1 "mix"
0 
n2 2 2 6 0 0 4 1 3 1 64
1 "n"
0 
nameprefix 2 2 8 0 0 2 1 9 1 64
1 ""
0 
name 2 2 8 0 0 3 1 0 1 64
1 ""
0 
newmodules 2 2 8 0 0 2 1 1 1 64
1 ""
0 
notebook 2 2 8 0 0 2 1 0 1 64
1 ""
0 
ni2 7 1 32767 0 0 2 1 0 1 64
1 0 
0 
np 7 1 524288 32 2 2 1 11 1 64
1 2048 
0 
presat 3 1 14 14 14 2 1 8192 1 64
1 1.24 
0 
parversion 1 1 9.99999984307e+17 -9.99999984307e+17 0 2 1 4 1 64
1 5.1 
0 
oslsfrq 1 1 9.99999984307e+17 -9.99999984307e+17 0 2 1 1 0 64
1 0 
0 
obsSW 2 2 8 0 0 2 1 1 1 64
1 ""
0 
nuc_ni2 2 2 8 0 0 2 1 0 1 64
1 "N/A!"
0 
nuc_ni 2 2 8 0 0 2 1 0 1 64
1 "N/A!"
0 
ntype3d 4 2 4 0 0 3 1 0 1 64
1 "nn"
0 
nuc_obs 2 2 8 0 0 2 1 0 1 64
1 "N/A!"
0 
nuc_ni3 2 2 8 0 0 2 1 0 1 64
1 "CO"
0 
operator_ 2 2 8 0 0 2 1 0 1 64
1 "georgeg"
0 
offco 5 1 1000000000 -1000000000 0 2 1 0 1 64
1 19894.0745388 
0 
osfb 1 1 100000 0 0 2 1 1 0 64
1 0 
0 
oscoef 7 1 49999 3 2 2 1 1 0 64
1 233 
0 
osfilt 2 2 8 0 0 2 1 0 1 64
1 "a"
5 "a" "A" "b" "B" "" 
pad 3 1 14 14 14 2 1 8194 1 64
1 0.5 
0 
p1 6 1 13 13 13 2 1 8194 1 64
1 0 
0 
oversamp 7 1 68 0 1 2 1 9 1 64
1 1 
0 
paramChanged 1 1 9.99999984307e+17 -9.99999984307e+17 0 2 1 0 1 64
1 0 
0 
page 2 2 8 0 0 2 1 0 1 64
1 ""
0 
parlabel 2 2 8 0 0 2 1 5 1 64
1 ""
0 
parver 2 2 8 0 0 2 1 0 1 64
1 "VnmrJ VERSION 4.2 REVISION devel"
0 
plane 2 2 8 0 0 4 1 0 1 64
1 "f1f3"
6 "f1f3" "f3f1" "f2f3" "f3f2" "f1f2" "f2f1" 
phfid2 1 1 3600 -3600 0.1 3 1 0 0 64
1 0 
0 
phfid 1 1 3600 -3600 0.1 3 1 0 0 64
1 0 
0 
phase 7 1 20 0 1 2 1 0 1 64
1 1 
0 
path3d 2 2 8 0 0 4 1 0 1 64
1 "/home/georgeg/vnmrsys/exp103/datadir3d"
0 
phase2 7 1 32767 0 0 2 1 0 1 64
1 0 
0 
phfid1 1 1 3600 -3600 0.1 3 1 0 0 64
1 0 
0 
pipeQ1 2 2 8 0 0 3 1 0 1 64
2 "0"
"0"
0 
pipeGLB 2 2 8 0 0 3 1 0 1 64
2 "4"
"4"
0 
pipeELB 2 2 8 0 0 3 1 0 1 64
2 "0"
"0"
0 
pipeGOFF 2 2 8 0 0 3 1 0 1 64
2 "0"
"0"
0 
pipeistCMult 2 2 8 0 0 3 1 0 1 64
1 "0.3"
0 
pipeQ3 2 2 8 0 0 3 1 0 1 64
2 "0"
"0"
0 
pipeQ2 2 2 8 0 0 3 1 0 1 64
2 "0"
"0"
0 
pipeistMaxRes 2 2 8 0 0 3 1 0 1 64
1 "1"
0 
pipeistIter 2 2 8 0 0 3 1 0 1 64
1 "1024"
0 
pipeistTMult 2 2 8 0 0 3 1 0 1 64
1 "0.7"
0 
position1 2 2 8 0 0 3 1 0 1 64
1 ""
0 
pltmod 2 2 8 0 0 4 1 0 1 64
1 "fixed"
5 "off" "fixed" "full" "variable" "user" 
plotoption 2 2 8 0 0 4 1 0 1 64
1 ""
0 
plocklist 2 2 8 0 0 2 1 1 1 64
1 ""
0 
plt2Darg 2 2 8 0 0 4 1 272 1 64
8 "both"
"20"
"1.3"
"f2"
"f1"
""
""
""
0 
pmode 2 2 8 0 0 3 1 0 1 64
1 "full"
0 
pltopt 4 2 4 0 0 2 1 0 1 64
1 "y"
0 
pplvl_cf 1 1 9.99999984307e+17 -9.99999984307e+17 0 2 1 0 1 64
1 1 
0 
pp 6 1 13 13 13 2 1 8192 1 64
1 15 
0 
position2 2 2 8 0 0 3 1 0 1 64
1 ""
0 
pplvl 1 1 9 9 9 2 1 8192 1 64
1 55 
0 
preacq 6 1 13 13 13 2 1 8192 0 64
1 0 
0 
prcopt 4 2 4 0 0 2 1 0 1 64
1 "y"
0 
pwClvl 1 1 63 -37 0.5 2 1 0 1 64
1 60 
0 
processid 1 1 9.99999984307e+17 -9.99999984307e+17 0 2 1 0 1 64
1 0 
0 
proc2 2 2 8 0 0 3 1 1 1 64
1 "ft"
0 
proc 2 2 10 0 0 3 1 1 1 64
1 "ft"
0 
priority 7 1 32768 0 1 2 1 0 1 64
1 5 
0 
prescan 2 2 8 0 0 3 1 256 1 64
11 "Not done"
"Not done"
"off"
"off"
"off"
"off"
"off"
"on"
"on"
""
""
0 
proc1 2 2 10 0 0 3 2 1 1 64
1 "ft"
0 
proc_ni2 2 2 8 0 0 2 1 0 1 64
1 "BPexpress_setup_proc('ni2')"
0 
proc_ni 2 2 8 0 0 2 1 0 1 64
1 "BPexpress_setup_proc('ni')"
0 
proc_3d 2 2 8 0 0 2 1 0 1 64
1 "BPexpress_setup_proc('3d')"
0 
proc_obs 2 2 8 0 0 2 1 0 1 64
1 "BPexpress_setup_proc('obs')"
0 
proc_nus_cmd 2 2 8 0 0 2 1 0 1 64
1 "BPexpress_setup_proc('nus')"
0 
procdim 7 1 32767 0 0 3 1 0 1 64
1 0 
0 
ptspec3d 4 2 4 0 0 3 1 0 1 64
1 "nnn"
0 
pslabel 2 2 8 0 0 2 1 11 1 64
1 "gChmqcnoesy_Cfilt"
0 
protocols 2 2 8 0 0 3 1 0 1 64
1 ""
0 
pw90 6 1 13 13 13 2 1 8194 1 64
1 8.1 
0 
pw 6 1 13 13 13 2 1 8194 1 64
1 10.6 
0 
pwC 6 1 13 13 13 2 1 8192 1 64
1 12.5 
0 
r1 1 1 1e+18 -1e+18 0 4 1 1 1 64
1 0 
0 
pwx 6 1 13 13 13 2 1 8192 1 64
1 160 
0 
pwco180 6 1 13 13 13 2 1 8192 1 64
1 84.2 
0 
pwNlvl 1 1 63 -37 0.5 2 1 0 1 64
1 60 
0 
pwN 6 1 13 13 13 2 1 8192 1 64
1 25 
0 
pwc 6 1 13 13 13 2 1 8192 1 64
1 14 
0 
pwn 6 1 13 13 13 2 1 8192 1 64
1 42.5 
0 
pwx2lvl 1 1 18 18 18 2 1 8192 1 64
1 55 
0 
pwx2 6 1 13 13 13 2 1 8192 1 64
1 15 
0 
pwxlvl 1 1 9 9 9 2 1 8192 1 64
1 55 
0 
pwx2lvl_cf 1 1 9.99999984307e+17 -9.99999984307e+17 0 2 1 0 1 64
1 1 
0 
pwxlvl_cf 1 1 9.99999984307e+17 -9.99999984307e+17 0 2 1 0 1 64
1 1 
0 
r4 1 1 1e+18 -1e+18 0 4 1 1 1 64
1 0 
0 
r3 1 1 1e+18 -1e+18 0 4 1 1 1 64
1 0 
0 
r2 1 1 1e+18 -1e+18 0 4 1 1 1 64
1 0 
0 
r6 1 1 1e+18 -1e+18 0 4 1 1 1 64
1 0 
0 
r5 1 1 1e+18 -1e+18 0 4 1 1 1 64
1 0 
0 
r7 1 1 1e+18 -1e+18 0 4 1 1 1 64
1 19 
0 
rcvrs 4 2 4 0 0 2 1 1 1 64
1 "y"
2 "n" "y" 
tof 5 1 7 7 7 2 1 8202 1 64
1 -212.4 
0 
sf1 1 1 9.99999984307e+17 -9.99999984307e+17 0 4 1 0 1 64
1 0 
0 
rof2 6 1 8192 0 0.1 2 1 2 1 64
1 33 
0 
refsource2 2 2 8 0 0 4 1 0 1 64
1 "dfrq2"
0 
refpos 1 1 9.99999984307e+17 -9.99999984307e+17 0 4 1 0 1 64
1 0 
0 
reffrq 1 1 9.99999984307e+17 -9.99999984307e+17 0 4 1 0 1 64
1 599.374095576 
0 
ref_pw90 6 1 13 13 13 3 1 8192 1 64
1 6.99 
0 
ref1 5 1 1000000000 -1000000000 0 3 5 0 1 64
1 0 
0 
ref_pwr 7 1 32767 0 0 3 1 0 1 64
1 63 
0 
reffrq2 1 1 9.99999984307e+17 -9.99999984307e+17 0 4 1 0 1 64
1 -0.00527892118363 
0 
reffrq1 1 1 9.99999984307e+17 -9.99999984307e+17 0 4 1 0 1 64
1 599.869187647 
0 
refpos2 1 1 9.99999984307e+17 -9.99999984307e+17 0 4 1 0 0 64
1 0 
0 
refpos1 1 1 9.99999984307e+17 -9.99999984307e+17 0 4 1 0 0 64
1 0 
0 
refsource1 2 2 8 0 0 4 1 0 1 64
1 "dfrq"
0 
rfl2 1 1 9.99999984307e+17 -9.99999984307e+17 0 4 1 0 1 64
1 1500 
0 
rfband 4 2 4 0 0 2 1 0 1 64
1 "cccc"
3 "c" "h" "l" 
researchgroup 2 2 8 0 0 2 1 0 1 64
1 ""
0 
repflg 4 2 4 0 0 2 1 0 1 64
1 "n"
0 
retentiontime_ 2 2 8 0 0 2 1 0 1 64
1 ""
0 
rfl 1 1 1000000000 -1000000000 0 4 1 1 1 64
1 3225.09136854 
0 
rfl1 1 1 1000000000 -1000000000 0 4 1 1 1 64
1 1412.1312456 
0 
rfp2 1 1 9.99999984307e+17 -9.99999984307e+17 0 4 1 0 1 64
1 5270.56188563 
0 
rfp1 1 1 1000000000 -1000000000 0 4 1 1 1 64
1 0 
0 
rfp 1 1 1000000000 -1000000000 0 4 1 1 1 64
1 0 
0 
rof1 6 1 13 13 13 2 1 8194 1 64
1 10 
0 
satmode 2 2 8 0 0 2 1 0 1 64
1 "yy"
0 
sample 2 2 8 0 0 2 1 1 1 64
1 ""
0 
rp2 1 1 3600 -3600 0.1 4 1 3 1 64
1 0 
0 
rp 1 1 3600 -3600 0.1 4 1 3 1 64
1 -188.584210526 
0 
rp1 1 1 3600 -3600 0.1 4 1 3 1 64
1 0 
0 
sa 7 1 10000000 0 0 3 1 1 0 64
1 1024 
0 
sas 7 1 10000000 0 0 3 1 1 0 64
1 0 
0 
sampleowner 2 2 8 0 0 2 1 0 1 64
1 ""
0 
samplename 2 2 8 0 0 2 1 8 1 64
1 ""
0 
sample_noise 1 1 9.99999984307e+17 -9.99999984307e+17 0 2 1 0 1 64
1 0 
0 
sampwt 1 1 9.99999984307e+17 -9.99999984307e+17 0 2 1 0 1 64
1 0 
0 
sampling 2 2 8 0 0 2 1 0 1 64
1 "s"
0 
satdly 3 1 14 14 14 2 1 8192 1 64
1 1.5 
0 
satfrq 5 1 1000000000 -1000000000 0 2 1 0 1 64
1 -214 
0 
sbs1 1 1 1000 -1000 0.001 3 1 1 1 64
1 -0.008 
0 
sb 1 1 1000 -1000 0.001 3 1 0 1 64
1 -0.085 
0 
satpwr 1 1 9.99999984307e+17 -9.99999984307e+17 0 2 1 0 1 64
1 6 
0 
saveshapes 2 2 8 0 0 2 1 256 1 64
1 ""
0 
sb2 1 1 1000 -1000 0.001 3 1 1 1 64
1 0.0046255053021 
0 
sb1 1 1 1000 -1000 0.001 3 1 1 1 64
1 -0.008 
0 
sbs 1 1 1000 -1000 0.001 3 1 1 1 64
1 -0.085 
0 
sc2 1 1 3 3 3 4 1 8195 1 64
1 0 
0 
sc 1 1 1 1 1 4 1 8195 1 64
1 3.125 
0 
sbs2 1 1 1000 -1000 0.001 3 1 1 1 64
1 -0.00365171470912 
0 
seqfil 2 2 8 0 0 2 1 11 1 64
1 "gChmqcnoesy_Cfilt"
0 
scoutinfo 2 2 8 0 0 2 1 256 1 64
1 ""
0 
scans 2 2 8 0 0 3 1 0 1 64
1 ""
0 
sdirtmplt 2 2 8 0 0 2 1 0 1 64
1 ""
0 
sf 1 1 8190 0 1e-07 4 1 3 1 64
1 0 
0 
setup_nus_cmd 2 2 8 0 0 2 1 0 1 64
1 "BPexpress_setup_nus"
0 
sw1 5 1 1000000000 -1000000000 0 2 4 0 1 64
1 8398.16862706 
0 
ssntaps 7 1 2500 0 1 3 1 0 1 64
1 200 
0 
sp1 1 1 1000000000 -1000000000 0 4 1 3 1 64
1 -1346.5205532 
0 
shims 2 2 8 0 0 2 1 0 1 64
1 ""
0 
sfrq 1 1 1000000000 0 0 2 1 11 1 64
1 499.924763 
0 
sf2 1 1 9.99999984307e+17 -9.99999984307e+17 0 4 1 0 1 64
1 0 
0 
shared 4 2 4 0 0 2 1 0 1 64
1 "n"
0 
solvent 2 2 6 0 0 2 1 11 1 64
1 "D2O"
0 
sn 1 1 1e+18 -1e+18 0 3 1 1 1 64
1 0 
0 
sp 1 1 1000000000 -1000000000 0 4 1 3 1 64
1 -3225.09136854 
0 
ss 7 1 32767 -32768 0 2 1 0 1 64
1 4 
0 
specdc3d 4 2 4 0 0 3 1 0 1 64
1 "nnn"
0 
sp2 1 1 9.99999984307e+17 -9.99999984307e+17 0 4 1 0 1 64
1 3770.56188563 
0 
srate 7 1 32767 0 1 2 1 0 1 64
1 25 
0 
spin 1 1 39 0 1 2 1 0 0 64
1 0 
0 
sreffrq 1 1 9.99999984307e+17 -9.99999984307e+17 0 2 1 0 1 64
1 499.922475824 
0 
sslsfrq 1 1 9.99999984307e+17 -9.99999984307e+17 0 3 1 0 1 64
1 0 
0 
ssfilter 1 1 50000 10 0.1 3 1 0 1 64
1 200 
0 
strtlp1 7 1 1000000 1 1 3 1 0 1 64
1 19 
0 
strtext1 7 1 1000000 1 1 3 1 0 1 64
1 20 
0 
sspul 4 2 4 0 0 2 1 0 1 64
1 "n"
0 
ssorder 7 1 20 1 1 3 1 0 0 64
1 7 
0 
strtext 7 1 1000000 1 1 3 1 0 1 64
1 1 
0 
strtext2 7 1 1000000 1 1 3 1 0 1 64
1 27 
0 
strtlp 7 1 1000000 1 1 3 1 0 1 64
1 2 
0 
study 2 2 8 0 0 3 1 0 1 64
1 ""
0 
strtlp2 7 1 1000000 1 1 3 1 0 1 64
1 26 
0 
strtpar 2 2 8 0 0 2 1 0 1 64
1 ""
0 
svftmplt 2 2 8 0 0 2 1 0 1 64
1 ""
0 
studystatus 2 2 8 0 0 2 1 0 1 64
1 ""
0 
studyowner 2 2 8 0 0 2 1 0 1 64
1 "et"
0 
svfopt 4 2 4 0 0 2 1 0 1 64
1 "y"
0 
sw 1 1 5 5 5 2 4 8203 1 64
1 12019.2307692 
0 
th 1 1 1000000000 0 0 4 1 1 1 64
1 3 
0 
taum 1 1 9.99999984307e+17 -9.99999984307e+17 0 2 1 0 1 64
1 150 
0 
taua 3 1 14 14 14 2 1 8192 1 64
1 0.0036 
0 
sw2 1 1 9.99999984307e+17 -9.99999984307e+17 0 2 5 0 1 64
1 12068.959357 
0 
tauch 1 1 9.99999984307e+17 -9.99999984307e+17 0 2 1 0 1 64
1 0.00357 
0 
tauxh 3 1 14 14 14 2 1 8192 1 64
1 0.0016 
0 
taunh 1 1 9.99999984307e+17 -9.99999984307e+17 0 2 1 0 1 64
1 0.005425 
0 
temp 1 1 200 -150 0.1 2 1 8 1 64
1 25 
0 
text_string 2 2 8 0 0 4 1 256 1 64
1 ""
0 
time_run 2 2 8 0 0 2 1 0 1 64
1 "20081023T152220"
0 
time_plotted 2 2 8 0 0 3 1 0 1 64
1 ""
0 
time_complete 2 2 8 0 0 4 1 0 1 64
1 "20081023T152220"
0 
th2d 1 1 1 1e-18 0 4 1 17 1 64
1 0.8 
0 
time_exp 2 2 8 0 0 2 1 0 1 64
1 "452 hr, 41 min"
0 
time_processed 2 2 8 0 0 3 1 0 1 64
1 "20081023T154019"
0 
time_svfdate 2 2 8 0 0 2 1 0 1 64
1 "20081023T152220"
0 
time_submitted 2 2 8 0 0 2 1 0 1 64
1 "20081023T152220"
0 
time_saved 2 2 8 0 0 4 1 0 1 64
1 "20140403T165000"
0 
time_submitted_local 2 2 8 0 0 2 1 0 1 64
1 "20081023T152220X03PMThuOct"
0 
tlt 1 1 1000000000 -1000000000 0 4 1 1 1 64
1 0 
0 
tin 2 2 1 0 0 2 1 2 1 64
1 "n"
3 "n" "w" "y" 
tnref 2 2 8 0 0 4 1 1 1 64
1 ""
0 
tn 2 2 4 0 0 2 1 8 1 64
1 "H1"
0 
tnshapes 2 2 8 0 0 2 1 256 1 64
3 ""
""
""
0 
xdiag 1 1 1e+18 0 0 4 1 17 1 64
1 0 
0 
wf 1 1 8190 0 1e-07 4 1 3 1 64
1 0.0851968 
0 
vp 7 1 500 -500 0.1 4 1 3 1 64
1 3.06569347334 
0 
tpwrsf_u 1 1 9.99999984307e+17 -9.99999984307e+17 0 2 1 0 1 64
1 1640 
0 
tpwrsf_d 1 1 9.99999984307e+17 -9.99999984307e+17 0 2 1 0 1 64
1 2354 
0 
tpwr 1 1 63 -37 0.5 2 1 2 1 64
1 63 
0 
tofsat 1 1 9.99999984307e+17 -9.99999984307e+17 0 2 1 0 1 64
1 -224.5 
0 
tpwrsf_a 1 1 9.99999984307e+17 -9.99999984307e+17 0 2 1 0 1 64
1 2400 
0 
tpwr_cf 1 1 9.99999984307e+17 -9.99999984307e+17 0 2 1 0 1 64
1 1 
0 
tpwrsf_n 1 1 9.99999984307e+17 -9.99999984307e+17 0 2 1 0 1 64
1 1788 
0 
tpwrsf_i 1 1 9.99999984307e+17 -9.99999984307e+17 0 2 1 0 1 64
1 1738 
0 
tpwrsf_t 1 1 9.99999984307e+17 -9.99999984307e+17 0 2 1 0 1 64
1 2354 
0 
vf 1 1 1000000000 0 0 4 1 3 1 64
1 45406375685.9 
0 
username 2 2 8 0 0 2 1 0 1 64
1 "georgeg"
0 
tunemethod 2 2 8 0 0 2 1 0 1 64
1 "lohi"
0 
trace 2 2 2 0 0 4 1 3 1 64
1 "f2"
3 "f1" "f2" "f3" 
user 2 2 9 0 0 2 1 1 1 64
1 " 1-15-87"
0 
userplotter 2 2 8 0 0 4 1 0 1 64
1 ""
0 
userprocess 2 2 8 0 0 2 1 0 1 64
1 "return"
0 
vjdialogarg 2 2 8 0 0 4 1 256 1 64
1 ""
0 
vjdialog 2 2 8 0 0 4 1 256 1 64
1 ""
0 
vo 1 1 500 -500 0 4 1 1 1 64
1 88.4671532633 
0 
volume 1 1 9.99999984307e+17 -9.99999984307e+17 0 2 1 0 1 64
1 0 
0 
vtwait 3 1 14 14 14 2 1 8194 1 64
1 300 
0 
vs 1 1 1000000000 1e-06 0 4 1 3 1 64
1 672581.350227 
0 
vpfi 1 1 500 -500 0 4 1 0 1 64
1 0 
0 
vpf 1 1 500 -500 0 4 1 0 1 64
1 0 
0 
vsproj 1 1 1000000000 1e-06 0 4 1 3 1 64
1 19869.6733499 
0 
vs2d 1 1 1000000000 1e-06 0 4 1 3 1 64
1 50848.6871818 
0 
vtc 1 1 255 0 1 2 1 2 1 64
1 25 
0 
wc2 1 1 4 4 4 4 1 8195 1 64
1 154.5 
0 
wbs 2 2 6 0 0 3 1 3 1 64
1 ""
0 
wc 1 1 2 2 2 4 1 8203 1 64
1 237.5 
0 
werr 2 2 6 0 0 3 1 3 1 64
1 "return"
0 
wdone 2 2 8 0 0 3 1 0 1 64
1 ""
0 
wds 2 2 8 0 0 3 1 0 1 64
1 ""
0 
wexp 2 2 6 0 0 3 1 3 1 64
1 ""
0 
wtfile 2 2 15 0 0 3 1 1 1 64
1 ""
0 
wp 1 1 5000000 0 0 4 1 11 1 64
1 12019.2307692 
0 
wf2 1 1 9.99999984307e+17 -9.99999984307e+17 0 4 1 0 1 64
1 0.0212114393982 
0 
wf1 1 1 9.99999984307e+17 -9.99999984307e+17 0 4 1 0 1 64
1 0.0152414181811 
0 
wnt 2 2 6 0 0 3 1 3 1 64
1 ""
0 
wrtp 2 2 8 0 0 3 1 0 1 64
1 ""
0 
wp2 1 1 9.99999984307e+17 -9.99999984307e+17 0 4 1 0 1 64
1 12068.959357 
0 
wp1 1 1 100000 0 0 4 1 3 1 64
1 8332.55793466 
0 
wqinit 2 2 8 0 0 4 1 0 1 64
1 ""
0 
wshim 4 2 4 0 0 2 1 1 1 64
1 "n"
15 "e" "f" "g" "n" "s" "0" "1" "2" "3" "4" "5" "6" "7" "8" "9" 
wstart 2 2 8 0 0 3 1 0 1 64
1 ""
0 
x1 7 1 19 19 19 2 1 8192 1 64
1 -3557 
0 
wtfile2 2 2 8 0 0 3 1 1 1 64
1 ""
0 
wtfile1 2 2 15 0 0 3 2 1 1 64
1 ""
0 
wtune 4 2 4 0 0 2 1 0 1 64
1 "n"
11 "s" "t" "e" "i" "n" "o" "v" "1" "2" "3" "4" 
x3 7 1 19 19 19 2 1 8192 1 64
1 -3988 
0 
x2y2 7 1 19 19 19 2 1 8192 1 64
1 2915 
0 
x4 7 1 19 19 19 2 1 8192 1 64
1 0 
0 
z3y 7 1 19 19 19 2 1 8192 1 64
1 -64 
0 
z2xy 7 1 19 19 19 2 1 8192 1 64
1 2544 
0 
yz2 7 1 19 19 19 2 1 8192 1 64
1 -4552 
0 
y1 7 1 19 19 19 2 1 8192 1 64
1 817 
0 
xz 7 1 19 19 19 2 1 8192 1 64
1 -507 
0 
xy 7 1 19 19 19 2 1 8192 1 64
1 -1064 
0 
xz2 7 1 19 19 19 2 1 8192 1 64
1 3227 
0 
y4 7 1 19 19 19 2 1 8192 1 64
1 0 
0 
y3 7 1 19 19 19 2 1 8192 1 64
1 -5274 
0 
yz 7 1 19 19 19 2 1 8192 1 64
1 631 
0 
z2 7 1 19 19 19 2 1 8192 1 64
1 1322 
0 
z1 7 1 19 19 19 2 1 8192 1 64
1 9286 
0 
z1c 7 1 19 19 19 2 1 8192 1 64
1 -1044 
0 
z2x2y2 7 1 19 19 19 2 1 8192 1 64
1 546 
0 
z2c 7 1 19 19 19 2 1 8192 1 64
1 196 
0 
z2x3 7 1 19 19 19 2 1 8192 1 64
1 0 
0 
z3x 7 1 19 19 19 2 1 8192 1 64
1 -1646 
0 
z3 7 1 19 19 19 2 1 8192 1 64
1 -508 
0 
z2y3 7 1 19 19 19 2 1 8192 1 64
1 0 
0 
z3c 7 1 19 19 19 2 1 8192 1 64
1 0 
0 
z3x3 7 1 19 19 19 2 1 8192 1 64
1 0 
0 
z3x2y2 7 1 19 19 19 2 1 8192 1 64
1 0 
0 
z3xy 7 1 19 19 19 2 1 8192 1 64
1 0 
0 
z5 7 1 19 19 19 2 1 8192 1 64
1 5959 
0 
z4x 7 1 19 19 19 2 1 8192 1 64
1 88 
0 
z4 7 1 19 19 19 2 1 8192 1 64
1 3981 
0 
z3y3 7 1 19 19 19 2 1 8192 1 64
1 0 
0 
z4c 7 1 19 19 19 2 1 8192 1 64
1 0 
0 
z4xy 7 1 19 19 19 2 1 8192 1 64
1 0 
0 
z4x2y2 7 1 19 19 19 2 1 8192 1 64
1 0 
0 
z4y 7 1 19 19 19 2 1 8192 1 64
1 -802 
0 
z7 7 1 19 19 19 2 1 8192 1 64
1 5546 
0 
z5y 7 1 19 19 19 2 1 8192 1 64
1 0 
0 
z5x 7 1 19 19 19 2 1 8192 1 64
1 0 
0 
z6 7 1 19 19 19 2 1 8192 1 64
1 10042 
0 
zx2y2 7 1 19 19 19 2 1 8192 1 64
1 -1564 
0 
z8 7 1 19 19 19 2 1 8192 1 64
1 0 
0 
zoom 7 1 32767 0 0 4 1 0 1 64
1 0 
0 
zxy 7 1 19 19 19 2 1 8192 1 64
1 -3453 
0 
zx3 7 1 19 19 19 2 1 8192 1 64
1 -2108 
0 
zy3 7 1 19 19 19 2 1 8192 1 64
1 1290 
0 
