Gmap 2 2 8 0 0 2 1 1 1 64
1 "lk"
0 
alock 2 2 8 0 0 2 1 0 1 64
1 "s"
5 "a" "n" "s" "u" "y" 
Gmapname 2 2 8 0 0 2 1 1 1 64
1 ""
0 
pltopt 4 2 4 0 0 2 1 0 1 64
1 "n"
0 
pad 3 1 14 14 14 2 1 8194 1 64
1 600 
0 
tin 2 2 1 0 0 2 1 2 1 64
1 "n"
3 "n" "w" "y" 
vtwait 3 1 14 14 14 2 1 8194 1 64
1 300 
0 
tunemethod 2 2 8 0 0 2 1 0 1 64
1 "high-medium"
0 
wtune 4 2 4 0 0 2 1 0 1 64
1 "s"
11 "s" "t" "e" "i" "n" "o" "v" "1" "2" "3" "4" 
wshim 4 2 4 0 0 2 1 1 1 64
1 "e"
15 "e" "f" "g" "n" "s" "0" "1" "2" "3" "4" "5" "6" "7" "8" "9" 
prcopt 4 2 4 0 0 2 1 0 1 64
1 "y"
0 
