liamp 1 1 1000000000 0 0 4 1 0 0 64
2 0 0.284041017294 
0 
dof2 5 1 1000000000 -1000000000 0 2 5 8 1 64
1 1250 
0 
arraydim 7 1 32768 1 1 2 1 5 1 64
1 1 
0 
Gmap 2 2 8 0 0 2 1 1 1 64
1 "no"
0 
BPpipeprocinfo 2 2 8 0 0 2 1 256 1 64
1 ""
0 
BPpipe_strips_script 2 2 8 0 0 3 1 256 1 64
1 "vj_scroll_expert.com"
0 
BPpipe_XYscript 2 2 8 0 0 3 1 256 1 64
1 "vj_ft2_expert.com"
0 
BP_sparse_advanced 2 2 8 0 0 2 1 0 1 64
1 "n"
0 
Archive2 2 2 8 0 0 2 1 0 1 64
1 ""
0 
ACQtime 7 1 100000000 0 1 2 1 256 1 64
1 0 
0 
Archive1 2 2 8 0 0 2 1 0 1 64
1 ""
0 
B0 1 1 9.99999984307e+17 -9.99999984307e+17 0 2 1 0 1 64
1 140964 
0 
BP_SPARSEproc 2 2 8 0 0 3 1 0 1 64
1 "CLEAN"
0 
BPpipeSOL 2 2 8 0 0 3 1 256 1 64
1 "y"
0 
BPexpress_gui 7 1 32767 0 0 2 1 0 1 64
1 1 
0 
BPpipe_3Dscript 2 2 8 0 0 3 1 256 1 64
1 "vj_xyz_expert.com"
0 
BPpipe_4Dscript 2 2 8 0 0 3 1 256 1 64
1 "vj_xyza_user.com"
0 
BPpipe_editor 2 2 8 0 0 3 1 256 1 64
1 "gedit"
0 
BPpipe_controls 2 2 8 0 0 3 1 256 1 64
1 "n"
0 
BPpipe_XZscript 2 2 8 0 0 3 1 256 1 64
1 "vj_ft2_expert.com"
0 
BPpipe_pipeDir 2 2 8 0 0 3 1 256 1 64
1 "pipe"
0 
BPpipe_fidscript 2 2 8 0 0 3 1 256 1 64
1 "vj_fid.com"
0 
BPpipe_fidDir 2 2 8 0 0 3 1 256 1 64
1 "acqfil/fid"
0 
BPpipe_par 2 2 8 0 0 3 1 256 1 64
1 "curpar"
0 
BPpipe_solids 2 2 8 0 0 3 1 256 1 64
1 "n"
0 
BPpipeexp4 1 1 9.99999984307e+17 -9.99999984307e+17 0 2 1 256 1 64
1 4 
0 
BPpipeexp1 1 1 9.99999984307e+17 -9.99999984307e+17 0 2 1 256 1 64
1 1 
0 
BPpipedrawinfo 2 2 8 0 0 2 1 256 1 64
1 ""
0 
BPpipeautoproc 4 2 4 0 0 2 1 256 1 64
1 "n"
0 
BPpipedraw 4 2 4 0 0 2 1 0 1 64
1 "n"
0 
BPpipeexp 2 2 8 0 0 2 1 256 1 64
12 ""
""
""
""
""
""
""
""
""
""
""
""
0 
BPpipeexp2 1 1 9.99999984307e+17 -9.99999984307e+17 0 2 1 256 1 64
1 2 
0 
BPpipeexp11 1 1 9.99999984307e+17 -9.99999984307e+17 0 2 1 256 1 64
1 11 
0 
BPpipeexp10 1 1 9.99999984307e+17 -9.99999984307e+17 0 2 1 256 1 64
1 10 
0 
BPpipeexp12 1 1 9.99999984307e+17 -9.99999984307e+17 0 2 1 256 1 64
1 12 
0 
BPpipeexp3 1 1 9.99999984307e+17 -9.99999984307e+17 0 2 1 256 1 64
1 3 
0 
BPpipeexp8 1 1 9.99999984307e+17 -9.99999984307e+17 0 2 1 256 1 64
1 8 
0 
BPpipeexp6 1 1 9.99999984307e+17 -9.99999984307e+17 0 2 1 256 1 64
1 6 
0 
BPpipeexp5 1 1 9.99999984307e+17 -9.99999984307e+17 0 2 1 256 1 64
1 5 
0 
BPpipeexp7 1 1 9.99999984307e+17 -9.99999984307e+17 0 2 1 256 1 64
1 7 
0 
BPpipeexportexp 2 2 8 0 0 2 1 256 1 64
1 "5"
0 
BPpipeexport 4 2 4 0 0 2 1 256 1 64
1 "n"
0 
BPpipeexp9 1 1 9.99999984307e+17 -9.99999984307e+17 0 2 1 256 1 64
1 9 
0 
BPpipepage 7 1 32767 0 0 2 1 256 1 64
1 1 
0 
BPpipenexp 7 1 32767 0 0 2 1 0 1 64
1 1 
0 
BPpipeproc 1 1 9.99999984307e+17 -9.99999984307e+17 0 2 1 256 1 64
1 1 
0 
CS_inf 4 2 4 0 0 3 1 0 1 64
1 "y"
0 
C13refoc 4 2 4 0 0 2 1 0 1 64
1 "y"
0 
BPpipevjdisp 4 2 4 0 0 2 1 256 1 64
1 "n"
0 
BPpipetype 2 2 8 0 0 2 1 256 1 64
1 "C13-NOE"
0 
BPpiperegion 4 2 4 0 0 2 1 0 1 64
1 "n"
0 
BPpipevjproc 4 2 4 0 0 2 1 0 1 64
1 "n"
0 
COshape 2 2 8 0 0 2 1 0 1 64
1 "CO_offAli_noe"
0 
C180shape 2 2 8 0 0 2 1 0 1 64
1 "CBIP"
0 
CS_dpars 4 2 4 0 0 3 1 0 1 64
1 "y"
0 
CS_cln 4 2 4 0 0 3 1 0 1 64
1 "y"
0 
CSseed 1 1 9.99999984307e+17 -9.99999984307e+17 0 2 1 0 1 64
1 169 
0 
CSlines 7 1 32767 0 0 2 1 0 1 64
1 4 
0 
CSdensity2 1 1 100 0 0 2 1 0 1 64
1 50 
0 
CSdensity 1 1 100 0 0 2 1 0 1 64
1 50 
0 
CS_se 4 2 4 0 0 3 1 0 1 64
1 "n"
0 
CSdomain 7 1 32767 0 0 2 1 0 1 64
1 1 
0 
CSdnoise 4 2 4 0 0 3 1 0 1 64
1 "y"
0 
CSinp 2 2 8 0 0 2 1 0 1 64
1 ""
0 
CSprofile 2 2 8 0 0 2 1 256 1 64
3 ""
""
""
0 
CSniIndex 7 1 32767 0 0 2 1 256 1 64
1 0 
0 
CSni2Index 7 1 32767 0 0 2 1 256 1 64
1 0 
0 
CSpars 2 2 8 0 0 2 1 256 1 64
1 ""
0 
CSprosize 7 1 32767 0 0 2 1 256 1 64
3 0 0 0 
0 
CSreconmethod 2 2 8 0 0 2 1 0 1 64
1 "CLEAN"
0 
CSwp 7 1 32767 0 0 3 1 0 1 64
1 0 
0 
CSsp 7 1 32767 0 0 3 1 0 1 64
1 0 
0 
CSshowpro 4 2 4 0 0 2 1 0 1 64
1 "y"
0 
CSshape 2 2 8 0 0 2 1 0 1 64
1 "gexp"
0 
CSshowsch 4 2 4 0 0 2 1 0 1 64
1 "y"
0 
CSthr 1 1 100 1 0.1 3 1 0 1 64
1 2 
0 
CStype 4 2 4 0 0 2 1 0 1 64
1 "a"
0 
CT 4 2 4 0 0 2 1 0 1 64
1 "n"
0 
CSwt 4 2 4 0 0 2 1 0 1 64
1 "n"
0 
CTdelay 3 1 14 14 14 2 1 8192 1 64
1 0.027 
0 
X180shape 2 2 8 0 0 2 1 0 1 64
1 "et_CBIP"
0 
MinSW 2 2 8 0 0 3 1 0 1 64
1 "off"
4 "off" "auto" "manual" "skip" 
H1refoc 4 2 4 0 0 2 1 0 1 64
1 "y"
0 
H1reffrq 1 1 9.99999984307e+17 -9.99999984307e+17 0 2 1 0 1 64
1 499.922475824 
0 
Gmapname 2 2 8 0 0 2 1 1 1 64
1 ""
0 
JNH 3 1 14 14 14 2 1 8192 1 64
1 93 
0 
IPrunid 2 2 8 0 0 2 1 0 1 64
1 ""
0 
REQexp 2 2 8 0 0 4 1 256 1 64
2 ""
"ignore"
0 
Naro 4 2 4 0 0 2 1 0 1 64
1 "n"
0 
N15refoc 4 2 4 0 0 2 1 0 1 64
1 "y"
0 
N15 2 2 8 0 0 2 1 0 1 64
1 "dg2"
0 
PFGflg 4 2 4 0 0 2 1 0 1 64
1 "n"
0 
SE 4 2 4 0 0 2 1 0 1 64
1 "y"
0 
RMScurrentlimit 1 1 9.99999984307e+17 -9.99999984307e+17 0 2 1 0 1 64
1 0 
0 
SPARSE 4 2 4 0 0 2 1 0 1 64
1 "n"
0 
alock 2 2 8 0 0 2 1 0 1 64
1 "n"
5 "a" "n" "s" "u" "y" 
actionid 2 2 8 0 0 2 1 0 1 64
1 "null"
0 
acqpath 2 2 8 0 0 2 1 0 1 64
1 ""
0 
acqdim 7 1 1000000000 -1000000000 0 2 1 0 1 64
1 1 
0 
acqcycles 1 1 9.99999984307e+17 -9.99999984307e+17 0 2 1 0 1 64
1 1 
0 
acqstatus 7 1 32767 0 0 2 1 256 1 64
2 101 0 
0 
adirtmplt 2 2 8 0 0 2 1 0 1 64
1 "/home/et/data/$samplename$"
0 
adir2tmplt 2 2 8 0 0 2 1 0 1 64
1 ""
0 
aig 2 2 2 0 0 4 1 1 1 64
1 "ai"
2 "nm" "ai" 
age 1 1 9.9e+17 0 0.001 3 1 0 1 64
1 0 
0 
alfa 6 1 8190 0 0.4 2 1 2 1 64
1 20 
0 
apptype 2 2 8 0 0 2 1 1 1 64
1 "WGgNhsqc"
0 
anatomy 2 2 8 0 0 2 1 0 1 64
1 "head"
0 
amino 4 2 4 0 0 2 1 0 1 64
1 "n"
0 
ap 2 2 1023 0 0 4 1 6 1 64
1 "1:ACQUISITION H1:sfrq:3,at:3,np,sw:1,bs,ss,tpwr,compH:2,pw:1,d1:3,tauch:4,tauch1:4,mix:3,tof:1,nt,ct,gain;1:SAMPLE:date,file,solvent,temp:1;1:C13:dfrq:3,dof,pwClvl,pwC:2,compC:2,dm,dmm,dmf,dpwr,dseq,dres:1;1:N15 PULSES:dfrq2:3,dof2,pwN:1,pwNlvl,compN:2,dpwr2,dm2,dmm2,dmf2,dseq2,dres2:1;1:SHAPED PULSES:COshape,pwCO:1,pwCOlvl,C180shape,pwC180:1,pwC180lvl,pwC180lvlF;1:ZQF:shp_zqf,pw_zqf:1,tpwr_zqf;2:3D PARAMETERS:d2:4,sw1:1,ni,f1180,phase,d3:4,sw2:1,ni2,f2180,phase2;2:GRADIENTS:gzlvl0,gzlvl3,gt3:4,gzlvl4,gt4:4,gzlvl5,gt5:4;2:FLAGS ETC:refocN15,refocCO,SE,zqf,d1_lock_only,dp,hs,il,,werr,wbs,wnt,wexp;2:DISPLAY:sp:1,wp:1,vs,sc,wc,hzmm:2,is:2,rfl:1,rfp:1,th,ins:3,aig*,dcg*,dmg*;2:2D DISPLAY:sp1:1,wp1:1,sc2,wc2,rfl1:1,rfp1:1;2:PROCESSING:lb(lb):2,sb(sb):3,sbs(sb):3,gf(gf):3,gfs(gf):3,fn,math;2:2D PROCESSING:lb1(lb1):3,sb1(sb1):3,sbs1(sb1):3,gf1(gf1):3,gfs1(gf1):3,fn1;"
0 
array 2 2 256 0 0 2 1 1 1 64
1 ""
0 
archivedir 2 2 8 0 0 2 1 0 1 64
1 "/home/et/data/ubq_3mm_cp"
0 
arraydelta 7 1 32767 0 0 2 1 0 1 64
1 1 
0 
cryoPanel 2 2 8 0 0 2 1 0 1 64
1 "advanced"
0 
b0delay 6 1 13 13 13 2 1 8192 1 64
1 0 
0 
at_ni 1 1 9.99999984307e+17 -9.99999984307e+17 0 2 1 0 1 64
1 0.015 
0 
arraystart 7 1 32767 0 0 2 1 0 1 64
1 1 
0 
arrayelemts 1 1 9.99999984307e+17 -9.99999984307e+17 0 2 1 0 1 64
1 0 
0 
arraydscale 4 2 4 0 0 2 1 0 1 64
1 "n"
0 
arraydodc 4 2 4 0 0 2 1 0 1 64
1 "n"
0 
arrayflip 4 2 4 0 0 2 1 0 1 64
1 "n"
0 
at 1 1 14 14 14 2 1 8203 1 64
1 0.0851968 
0 
arraystop 7 1 32767 0 0 2 1 0 1 64
1 20 
0 
awc 1 1 1 -1 0.001 3 1 1 0 64
1 0 
0 
at_obs 1 1 9.99999984307e+17 -9.99999984307e+17 0 2 1 0 1 64
1 0.1 
0 
at_ni2 1 1 9.99999984307e+17 -9.99999984307e+17 0 2 1 0 1 64
1 0.005 
0 
at_ni3 1 1 9.99999984307e+17 -9.99999984307e+17 0 2 1 0 1 64
1 0.001 
0 
avwdir 2 2 8 0 0 3 1 0 1 64
1 ""
0 
awc2 1 1 1 -1 0.001 3 1 1 0 64
1 0 
0 
awc1 1 1 1 -1 0.001 3 1 1 0 64
1 0 
0 
axis 4 2 4 0 0 4 1 0 1 64
1 "ppd"
11 "c" "d" "1" "2" "3" "h" "k" "m" "n" "p" "u" 
awc3 1 1 1 -1 0.001 3 1 1 0 64
1 0 
0 
axisf 4 2 4 0 0 4 1 0 1 64
1 "s"
4 "m" "n" "s" "u" 
compD 1 1 9.99999984307e+17 -9.99999984307e+17 0 2 1 0 1 64
1 1 
0 
calN 1 1 9.99999984307e+17 -9.99999984307e+17 0 2 1 0 1 64
1 1 
0 
bs 7 1 32767 0 1 2 1 0 0 64
1 4 
0 
boresize 1 1 9.99999984307e+17 -9.99999984307e+17 0 2 1 0 1 64
1 51 
0 
birthday 2 2 8 0 0 3 1 0 1 64
4 ""
""
""
""
0 
c13reff2 1 1 9.99999984307e+17 -9.99999984307e+17 0 2 1 0 1 64
1 173.97 
0 
c13reff1 1 1 9.99999984307e+17 -9.99999984307e+17 0 2 1 0 1 64
1 0 
0 
cal 1 1 9.99999984307e+17 -9.99999984307e+17 0 2 1 0 1 64
1 4.2 
0 
c13reff3 1 1 9.99999984307e+17 -9.99999984307e+17 0 2 1 0 1 64
1 0 
0 
cf 7 1 32767 0 1 3 1 1 0 64
1 1 
0 
celem 1 1 9.99999984307e+17 -9.99999984307e+17 0 2 1 0 1 64
1 1 
0 
comment 2 2 8 0 0 3 1 0 1 64
1 ""
0 
compC 1 1 9.99999984307e+17 -9.99999984307e+17 0 2 1 0 1 64
1 0.969 
0 
cp 2 2 1 0 0 2 1 0 1 64
1 "y"
2 "y" "n" 
concentration 1 1 9.99e+17 -9.99e+17 0 2 1 0 1 64
1 0 
0 
compN 1 1 9.99999984307e+17 -9.99999984307e+17 0 2 1 0 1 64
1 1.103 
0 
compH 1 1 9.99999984307e+17 -9.99999984307e+17 0 2 1 0 1 64
1 0.931 
0 
console 2 2 8 0 0 2 1 0 1 64
1 "vnmrs"
0 
cr1 1 1 1000000000 -1000000000 0 4 6 3 1 64
1 7488.80903241 
0 
cr 1 1 1000000000 -1000000000 0 4 4 1 1 64
1 3151.6223008 
0 
cppauseflg 4 2 4 0 0 4 1 0 1 64
1 "n"
0 
cr3 1 1 9.99999984307e+17 -9.99999984307e+17 0 4 1 0 1 64
1 0 
0 
cr2 1 1 9.99999984307e+17 -9.99999984307e+17 0 4 1 0 1 64
1 3627.12922267 
0 
cryoConnect 2 2 8 0 0 2 1 0 1 64
1 "true"
0 
dimension2 1 1 9.99999984307e+17 -9.99999984307e+17 0 2 1 0 1 64
1 80 
0 
dec2wave 2 2 8 0 0 2 1 0 1 64
1 "g"
0 
datname 2 2 8 0 0 3 1 0 1 64
1 ""
0 
d1_lock_only 4 2 4 0 0 2 1 0 1 64
1 "n"
0 
cutoff 1 1 9.99999984307e+17 -9.99999984307e+17 0 4 1 0 0 64
1 200 
0 
currentlimit 1 1 9.99999984307e+17 -9.99999984307e+17 0 2 1 0 1 64
1 0 
0 
ct 7 1 1000000000 0 1 2 1 6 1 64
1 0 
0 
customflag 4 2 4 0 0 4 1 0 1 64
1 "n"
0 
d1 3 1 14 14 14 2 1 8194 1 64
1 1 
0 
d4 3 1 14 14 14 2 1 8194 1 64
1 0 
0 
d2 3 1 14 14 14 2 1 8194 1 64
1 0 
0 
d3 3 1 14 14 14 2 1 8194 1 64
1 0 
0 
dataid 2 2 8 0 0 2 1 0 1 64
1 ""
0 
dataProcessed 1 1 9.99999984307e+17 -9.99999984307e+17 0 3 1 0 1 64
1 0 
0 
date 2 2 9 0 0 2 1 1 1 64
1 "Jan  3 2012"
0 
dcrmv 4 2 9.99999984307e+17 -9.99999984307e+17 0 4 1 0 1 64
1 "n"
2 "y" "n" 
dcg 2 2 3 0 0 4 1 1 1 64
1 "cdc"
2 "dc" "cdc" 
dconi 2 2 8 0 0 2 1 0 1 64
1 "dpcon,12,1.3"
0 
ddrtc 6 1 1000 0 0.4 2 1 0 1 64
1 20 
0 
ddrpm 2 2 8 0 0 2 1 0 1 64
1 "e"
0 
dfrq 5 1 1000000000 -1000000000 0 2 1 8 1 64
1 125.7114231 
0 
delta1 1 1 5000000 0 0 4 6 3 1 64
1 7887.01529183 
0 
decBW_ppm 1 1 220 1 0 2 1 0 1 64
1 150 
0 
dec3wave 2 2 8 0 0 2 1 0 1 64
1 "g"
0 
decBW_code 2 2 8 0 0 2 1 0 1 64
1 "aliph"
0 
decwave 2 2 8 0 0 2 1 0 1 64
1 "g"
0 
decoupling 2 2 8 0 0 2 1 0 1 64
1 "dg2"
0 
delta 1 1 5000000 0 0 4 4 1 1 64
1 2912.86370693 
0 
deltaf 1 1 100 0 0 4 1 0 1 64
1 0 
0 
delta2 1 1 9.99999984307e+17 -9.99999984307e+17 0 4 1 0 1 64
1 61.9420732747 
0 
delta3 1 1 9.99999984307e+17 -9.99999984307e+17 0 4 1 0 1 64
1 0 
0 
detailsC13 1 1 9.99999984307e+17 -9.99999984307e+17 0 2 1 0 1 64
1 1 
0 
density 1 1 9.99999984307e+17 -9.99999984307e+17 0 2 1 0 1 64
1 1 
0 
dg2 2 2 1023 0 0 4 1 7 1 64
1 "1:CHANNEL 2:dfrq:3,dn,dpwr:0,dof:1,dm,dmm,dmf:0,dseq,dres:1,;2:CHANNEL 3:dfrq2:3,dn2,dpwr2:0,dof2:1,dm2,dmm2,dmf2:0,dseq2,dres2:1,;2:PULSE SEQ DELAYS:JNH:1,,pwHs:1,pwHs2:1,;3:SEQUENCE:seqfil,sample,;3(dm3='nyn'):CHANNEL 4:dfrq3:3,dn3,dpwr3,dof3:1,dm3,dmm3,dmf3,dseq3,dres3:1;4:GRADIENTS:grecov:5,,gzlvl0:0,,gzlvl3:0,gt3:5,gzlvl4:0,gt4:5,gzlvl5:0,gt5:5,,gzlvlr:0;"
0 
dfrq3 1 1 1000000000 0 0 2 1 9 1 64
1 0 
0 
dfrq2 1 1 1000000000 0 0 2 1 9 1 64
1 50.6629192 
0 
dg 2 2 1023 0 0 4 1 6 1 64
1 "1:ACQUISITION H1:sfrq:3,at:3,np:0,sw:1,nt,bs,ss,d1:2,gain:0;2:H1 :tof:1,tpwr,finepwrf,pw:1,compH:3,grecov:5,grecov1:5;2:CO and N15 dec:refocN15,pwN:1,pwNlvl:0,refocCO,pwCO:1,pwCOlvl:0,COshape;3:X nucleus RF:dn,dfrq:5,dof:0,tauxh:4,tauxh1:4,pwClvl:0,pwC:2,pwC180:1,pwC180lvl:0,pwC180lvlF:0,C180shape,dpwr:0,dseq,dmf:0,dres:1,rfchannel,probeConnect;4:INDIRECT DIMENSION:sw1:1,ni,phase,f1180,;4:SAMPLE:date,solvent,temp:1,vtc:1,;"
0 
dg1 2 2 8 0 0 4 1 0 1 64
1 "1:DISPLAY:sp:1,wp:1,sp1(ni):1,wp1(ni):1,sp2(ni2):1,wp2(ni2):1;1:FID:sf:3,wf:3,vf:0;1:FLAGS:aig*,dcg*,pmode*(ni),dmg*,dmg1*(ni),dmg2*(ni2);2:REFERENCING:rfl:1,rfp:1,cr:1,delta:1,,rfl1(ni):1,rfp1(ni):1,cr1(ni):1,delta1(ni):1,,rfl2(ni2):1,rfp2(ni2):1,cr2(ni2):1,delta2(ni2):1;3:CHART:sc:0,wc:0,sc2(ni):0,wc2(ni):0,,hzmm:2,vs:1,vp:1,th:1,ho:2,vo:2,axis,,pltmod,rplot;4(ni):DIMENSIONS:trace,plane(ni2);4:INTEGRAL:intmod,is:2,ins:3,io:0,,lvl:3,tlt:3;4(ni2):3D OPTIONS:fiddc3d,specdc3d,ptspec3d,ntype3d;"
0 
dgs 2 2 1023 0 0 4 1 6 1 64
5 "1:AXIAL SHIMS:z1:0,z2:0,z3:0,z4:0,z5:0,z6:0,z7:0;"
"2:NON AXIAL SHIMS:x1:0,y1:0,xz:0,yz:0,xy:0,x2y2:0,x3:0,y3:0,xz2:0,yz2:0,zxy:0,zx2y2:0,z3x:0,z3y:0;"
"3:NON AXIAL SHIMS:z2x2y2:0,z2xy:0,zx3:0,zy3:0,z4x:0,z4y:0;"
"4:AUTOMATION:method,wshim,load,,spin:0,gain:0,alock,loc:0;"
"4:SPECIAL:temp;"
0 
dgp 2 2 8 0 0 4 1 0 1 64
1 "1:DOWNSAMPLE:downsamp,dscoef,dsfb,dslsfrq,filtfile;1:OVERSAMPLE:oversamp,oscoef,osfb,oslsfrq,osfilt,fsqd;1:CONDITIONAL:werr,wexp,wbs,wnt;2:WEIGHT:lb:3,sb:3,sbs(sb):3,gf:3,gfs(gf):3,awc:3,ssfilter,ssntaps,ssorder,sslsfrq:1;2:PROCESS:cf(nf),lsfid,phfid:1,lsfrq:1,proc,fn,rp:1,lp:1;3(ni):WEIGHT 1:lb1:3,sb1:3,sbs1(sb1):3,gf1:3,gfs1(gf1):3,awc1:3,wtfile1;3(ni):PROCESS 1:phfid1:1,lsfrq1:1,proc1,f1coef,fn1,rp1:1,lp1:1;4(ni2):WEIGHT 2:lb2:3,sb2:3,sbs2(sb2):3,gf2:3,gfs2(gf2):3,awc2:3,wtfile2;4(ni2):PROCESS 2:phfid2:1,lsfrq2:1,proc2,f2coef,fn2,rp2:1,lp2:1;"
0 
dglp 2 2 8 0 0 4 1 7 1 64
1 "1(lpfilt):LP:lpalg,lpopt,lpfilt:0,lpnupts:0,strtlp:0,lpext:0,strtext:0,,proc,ni,celem;2(lpfilt1):LP 1:lpalg1,lpopt1,lpfilt1:0,lpnupts1:0,strtlp1:0,lpext1:0,strtext1:0,,proc1;3(lpfilt2):LP 2:lpalg2,lpopt2,lpfilt2:0,lpnupts2:0,strtlp2:0,lpext2:0,strtext2:0,,proc2;4:LP OUTPUT:lpprint(lpfilt):0,lptrace(lpfilt):0,lpprint1(lpfilt1):0,lptrace1(lpfilt1):0,lpprint2(lpfilt2):0,lptrace2(lpfilt2):0;"
0 
dgproc 2 2 8 0 0 4 1 0 1 64
1 "1:PROCESSING:lb:3,sb:3,sbs:3,gf:3,gfs2:3,awc2:3,wtfile,proc,fn:0;2:2D PROCESSING:lb1:3,sb1:3,sbs1:3,gf1:3,gfs1:3,awc1:3,wtfile1,proc1,fn1:0,f1coef;3:3D PROCESSING:lb2:3,sb2:3,sbs2(sb2):3,gf2:3,gfs2(gf2):3,awc2:3,wtfile2,proc2,fn2:0,f2coef;"
0 
dimension 2 2 8 0 0 2 1 0 1 64
1 "H1 C13 H1"
0 
dhp 1 1 9 9 9 2 1 8192 0 64
1 40 
0 
dimension1 1 1 9.99999984307e+17 -9.99999984307e+17 0 2 1 0 1 64
1 34 
0 
dmg1 2 2 8 0 0 4 1 0 1 64
1 ""
4 "" "av1" "ph1" "pwr1" 
dmf 7 1 11 11 11 2 1 8194 1 64
1 50000 
0 
dlp 7 1 10 10 10 2 1 8194 0 64
1 10 
0 
disCmd 2 2 8 0 0 4 1 0 1 64
1 "dconi"
0 
dimension3 1 1 9.99999984307e+17 -9.99999984307e+17 0 2 1 0 1 64
1 1302 
0 
displaymode 4 2 9.99999984307e+17 -9.99999984307e+17 0 4 1 0 1 64
1 "ir"
6 "r" "i" "a" "e" "z" "s" 
dm2 4 2 4 0 0 2 1 0 1 64
1 "nnnn"
4 "a" "n" "s" "y" 
dm 4 2 4 0 0 2 1 0 1 64
1 "nny"
4 "a" "n" "s" "y" 
dm3 4 2 4 0 0 2 1 0 1 64
1 "nnn"
4 "a" "n" "s" "y" 
dmf3 7 1 2000000 1 0 2 1 2 1 64
1 1250 
0 
dmf2 7 1 100000 1 0 2 1 2 1 64
1 12903 
0 
dmf140 1 1 9.99999984307e+17 -9.99999984307e+17 0 2 1 0 1 64
1 730.994152047 
0 
dmf80 1 1 9.99999984307e+17 -9.99999984307e+17 0 2 1 0 1 64
1 896.05734767 
0 
dmf30 1 1 9.99999984307e+17 -9.99999984307e+17 0 2 1 0 1 64
1 1262.62626263 
0 
dmg 2 2 2 0 0 4 1 3 1 64
1 "ph"
0 
dn3 2 2 8 0 0 2 1 8 1 64
1 ""
0 
dn 2 2 4 0 0 2 1 8 1 64
1 "C13"
0 
dmm2 2 2 8 0 0 2 1 0 1 64
1 "ccp"
0 
dmm 4 2 4 0 0 2 1 0 1 64
1 "ccp"
9 "c" "f" "g" "m" "p" "r" "u" "w" "x" 
dmg2 2 2 8 0 0 2 1 0 1 64
1 ""
0 
dmm3 4 2 4 0 0 2 1 0 1 64
1 "cwc"
9 "c" "f" "g" "m" "p" "r" "u" "w" "x" 
dn2ref 2 2 8 0 0 4 1 1 1 64
1 ""
0 
dn2 2 2 8 0 0 2 1 8 1 64
1 "N15"
0 
dn2shapes 2 2 8 0 0 2 1 256 1 64
3 ""
""
""
0 
dnref 2 2 8 0 0 4 1 1 1 64
1 ""
0 
dn3shapes 2 2 8 0 0 2 1 256 1 64
3 ""
""
""
0 
dn3ref 2 2 8 0 0 4 1 1 1 64
1 ""
0 
dn4ref 2 2 8 0 0 4 1 1 1 64
1 ""
0 
dod 3 1 14 14 14 2 1 8194 1 64
1 0.00999999977648 
0 
dnshapes 2 2 8 0 0 2 1 256 1 64
3 ""
""
""
0 
dof 5 1 8 8 8 2 5 8202 1 64
1 -6096.9 
0 
gfs1 1 1 1000 -1000 0.001 3 1 1 1 64
1 0.00103621475864 
0 
filtfile 2 2 8 0 0 2 1 0 1 64
1 ""
0 
dutyc 1 1 9.99999984307e+17 -9.99999984307e+17 0 2 1 0 1 64
1 0.1 
0 
dres3 7 1 360 1 0 2 1 0 1 64
1 90 
0 
dpwr3 1 1 21 21 21 2 1 8194 1 64
1 34 
0 
dp 2 2 1 0 0 2 1 0 1 64
1 "y"
2 "y" "n" 
dotflag 2 2 8 0 0 4 1 0 1 64
1 "n"
2 "n" "y" 
dof3 5 1 20 20 20 2 1 8202 1 64
1 2052 
0 
dof_dec 5 1 1000000000 -1000000000 0 2 1 0 1 64
1 -2627.9446788 
0 
downsamp 7 1 999 1 1 3 1 1 0 64
1 0 
0 
dpwr1 7 1 32767 0 0 2 1 0 1 64
1 41 
0 
dpwr 1 1 9 9 9 2 1 8194 1 64
1 41 
0 
dpf_wc2 1 1 9.99999984307e+17 -9.99999984307e+17 0 4 1 0 1 64
1 159 
0 
dpwr2 1 1 18 18 18 2 1 8194 1 64
1 33 
0 
dres 7 1 360 1 0 2 1 0 1 64
1 9 
0 
dreffrq2 1 1 9.99999984307e+17 -9.99999984307e+17 0 2 1 0 1 64
1 50.6567045435 
0 
dreffrq 1 1 9.99999984307e+17 -9.99999984307e+17 0 2 1 0 1 64
1 125.705271583 
0 
dreffrq3 1 1 9.99999984307e+17 -9.99999984307e+17 0 2 1 0 1 64
1 0 
0 
dres2 7 1 360 1 0 2 1 0 1 64
1 9 
0 
dsfb 1 1 9.99999984307e+17 -9.99999984307e+17 0 3 1 1 0 64
1 0 
0 
dseq2 2 2 8 0 0 2 1 0 1 64
1 "wurst40N"
0 
dscoef 7 1 49999 3 2 3 1 1 1 64
1 251 
0 
dsSelect 7 1 32767 0 0 4 1 0 1 64
3 1 2 3 
0 
dseq 2 2 8 0 0 2 1 0 1 64
1 "Cdec_Ali_Aro_noe"
0 
dseq3 2 2 8 0 0 2 1 0 1 64
1 ""
0 
dss_sc 1 1 9.99999984307e+17 -9.99999984307e+17 0 4 1 0 1 64
1 0 
0 
dslsfrq 1 1 9.99999984307e+17 -9.99999984307e+17 0 3 1 1 0 64
1 0 
0 
dss_wc 1 1 9.99999984307e+17 -9.99999984307e+17 0 4 1 0 1 64
1 237.5 
0 
dss_sc2 1 1 9.99999984307e+17 -9.99999984307e+17 0 4 1 0 1 64
1 0 
0 
dss_wc2 1 1 9.99999984307e+17 -9.99999984307e+17 0 4 1 0 1 64
1 154.5 
0 
f1SW 2 2 8 0 0 2 1 1 1 64
1 ""
0 
empty_noise 1 1 9.99999984307e+17 -9.99999984307e+17 0 2 1 0 1 64
1 0 
0 
emailwhen 2 2 8 0 0 2 1 0 1 64
1 ""
0 
emailaddr 2 2 8 0 0 4 1 0 1 64
1 ""
0 
eOptions 2 2 8 0 0 4 1 264 1 64
1 ""
0 
emessage 4 2 4 0 0 2 1 0 1 64
1 "n"
0 
exppath 2 2 8 0 0 2 1 0 1 64
1 "/home/vnmr1/vnmrsys/exp25/acqfil"
0 
explabel 2 2 8 0 0 2 1 0 1 64
1 "gnoesyChsqc_BB"
0 
execprocess 2 2 8 0 0 2 1 0 1 64
1 " return "
0 
explist 2 2 8 0 0 2 1 256 1 64
1 ""
0 
f1180 4 2 4 0 0 2 1 0 1 64
1 "y"
0 
fdfdir 2 2 8 0 0 3 1 0 1 64
1 ""
0 
f2coef 2 2 8 0 0 3 1 1 1 64
1 "1 0 -1 0 0 1 0 1"
0 
f2180 4 2 4 0 0 2 1 0 1 64
1 "n"
0 
f1coef 2 2 8 0 0 3 1 1 1 64
1 "1 0 0 0 0 0 -1 0"
0 
f2SW 2 2 8 0 0 2 1 1 1 64
1 ""
0 
fadflg 4 2 4 0 0 2 1 0 1 64
1 "n"
0 
faculty 2 2 8 0 0 2 1 0 1 64
1 ""
0 
fb 7 1 6 6 6 2 1 8203 1 64
1 4000 
0 
fidid 2 2 8 0 0 2 1 0 1 64
1 ""
0 
fiddc3d 4 2 4 0 0 3 1 0 1 64
1 "nnn"
0 
fdffile 2 2 8 0 0 3 1 0 1 64
1 ""
0 
filename 2 2 8 0 0 2 1 1 1 64
1 ""
0 
file 2 2 6 0 0 2 1 3 1 64
1 "/rpdnmr/applab/data/etishche/et_biopack_update/parlib_src//gnoesyChsqc_BB.par"
0 
filter 7 1 1000000000 0 1 2 1 2 1 64
1 54.0999984741 
0 
gain 1 1 60 0 2 2 1 0 1 64
1 30 
0 
fpmult 1 1 1000000000 0 0 3 1 0 1 64
1 0.5 
0 
fn1 7 1 524288 64 -2 3 1 1 1 64
1 1024 
0 
flipback 4 2 4 0 0 2 1 0 1 64
1 "y"
0 
finepwrf 1 1 9.99999984307e+17 -9.99999984307e+17 0 2 1 0 1 64
1 0 
0 
fn 7 1 524288 64 -2 3 1 1 1 64
1 8192 
0 
fn_ni 7 1 32767 0 0 2 1 0 1 64
1 1024 
0 
fn2 7 1 524288 64 -2 3 1 1 1 64
1 2048 
0 
fn3 7 1 524288 64 -2 3 1 1 0 64
1 0 
0 
fn_ni3 7 1 32767 0 0 2 1 0 1 64
1 256 
0 
fn_ni2 7 1 32767 0 0 2 1 0 1 64
1 512 
0 
fn_obs 7 1 32767 0 0 2 1 0 1 64
1 4096 
0 
fsqd 4 2 4 0 0 2 1 0 1 64
1 "n"
0 
fpmult2 1 1 1000000000 0 0 3 1 0 1 64
1 0.5 
0 
fpmult1 1 1 1000000000 0 0 3 2 0 1 64
1 0.5 
0 
fpmult3 1 1 1000000000 0 0 3 1 0 0 64
1 0 
0 
ftproc 1 1 9.99999984307e+17 -9.99999984307e+17 0 3 1 256 1 64
2 1 5 
0 
fzoom 7 1 32767 0 0 4 1 0 1 64
1 0 
0 
gender 2 2 8 0 0 3 1 0 1 64
1 ""
0 
gap 1 1 9.99999984307e+17 -9.99999984307e+17 0 2 1 0 1 64
1 0 
0 
gain2 1 1 60 0 2 2 1 1 1 64
1 30 
0 
gcoil 2 2 8 0 0 2 1 9 1 64
1 "None"
0 
gf1 1 1 100000 0 0 3 1 1 1 64
1 0.00867546070367 
0 
gf 1 1 100000 0 0 3 1 1 0 64
1 0.05 
0 
gf3 1 1 100000 0 0 3 1 1 0 64
1 0 
0 
gf2 1 1 100000 0 0 3 1 1 1 64
1 0.00732524879277 
0 
gfs 1 1 1000 -1000 0.001 3 1 1 1 64
1 0.009 
0 
gzlvl9 1 1 32700 -32700 1 2 1 0 1 64
1 18092 
0 
gxppars 2 2 8 0 0 2 1 0 1 64
1 ""
0 
gt1 3 1 14 14 14 2 1 8192 1 64
1 0 
0 
go_id 2 2 8 0 0 2 1 7 1 64
1 "exp25.vnmr1.app800_1325641696_188025"
0 
gmax 1 1 9.99999984307e+17 -9.99999984307e+17 0 2 1 0 1 64
1 0 
0 
gfs3 1 1 1000 -1000 0.001 3 1 1 0 64
1 0 
0 
gfs2 1 1 1000 -1000 0.001 3 1 1 0 64
1 0.006 
0 
go_Options 2 2 8 0 0 2 1 7 1 64
1 "ga"
0 
grecov1 3 1 14 14 14 2 1 8192 1 64
1 0.0001 
0 
gradalt 1 1 9.99999984307e+17 -9.99999984307e+17 0 2 1 0 1 64
1 1 
0 
gpropdelay 6 1 13 13 13 2 1 8192 1 64
1 0 
0 
grecov 3 1 14 14 14 2 1 8192 1 64
1 0.0003 
0 
gstab1 3 1 14 14 14 2 1 8192 1 64
1 0.0001 
0 
gstab 3 1 14 14 14 2 1 8192 1 64
1 0.0003 
0 
gt0 3 1 14 14 14 2 1 8192 1 64
1 0.001 
0 
gt7 3 1 14 14 14 2 1 8192 1 64
1 0 
0 
gt5 3 1 14 14 14 2 1 8192 1 64
1 0.0005 
0 
gt3 3 1 14 14 14 2 1 8192 1 64
1 0.0002 
0 
gt2 3 1 14 14 14 2 1 8192 1 64
1 0.002 
0 
gt4 3 1 14 14 14 2 1 8192 1 64
1 0.0005 
0 
gt6 3 1 14 14 14 2 1 8192 1 64
1 0.0005 
0 
gxdelay 6 1 13 13 13 2 1 8192 1 64
1 0 
0 
gt9 3 1 14 14 14 2 1 8192 1 64
1 0.0002 
0 
gt8 3 1 14 14 14 2 1 8192 1 64
1 0 
0 
gtotlimit 1 1 9.99999984307e+17 -9.99999984307e+17 0 2 1 0 1 64
1 95 
0 
gxmax 1 1 9.99999984307e+17 -9.99999984307e+17 0 2 1 0 1 64
1 0 
0 
gzlvl2 7 1 32760 -32760 1 2 1 0 1 64
1 25000 
0 
gzcal 1 1 9.99999984307e+17 -9.99999984307e+17 0 2 1 0 1 64
1 0.001774 
0 
gydelay 6 1 13 13 13 2 1 8192 1 64
1 0 
0 
gymax 1 1 9.99999984307e+17 -9.99999984307e+17 0 2 1 0 1 64
1 0 
0 
gzlvl0 1 1 9.99999984307e+17 -9.99999984307e+17 0 2 1 0 1 64
1 -32000 
0 
gzdelay 6 1 13 13 13 2 1 8192 1 64
1 0 
0 
gzlvl1 1 1 32700 -32700 1 2 1 0 1 64
1 0 
0 
gzlvl6 1 1 32700 -32700 1 2 1 0 1 64
1 -20000 
0 
gzlvl4 1 1 9.99999984307e+17 -9.99999984307e+17 0 2 1 0 1 64
1 -18000 
0 
gzlvl3 1 1 9.99999984307e+17 -9.99999984307e+17 0 2 1 0 1 64
1 18000 
0 
gzlvl5 1 1 9.99999984307e+17 -9.99999984307e+17 0 2 1 0 1 64
1 -19200 
0 
gzlvl8 1 1 32700 -32700 1 2 1 0 1 64
1 0 
0 
gzlvl7 1 1 32700 -32700 1 2 1 0 1 64
1 0 
0 
homo3 4 2 4 0 0 2 1 0 1 64
1 "n"
2 "n" "y" 
hdpwrf 1 1 9.99999984307e+17 -9.99999984307e+17 0 2 1 0 1 64
1 4095 
0 
h1reff2 1 1 9.99999984307e+17 -9.99999984307e+17 0 2 1 0 1 64
1 0 
0 
gzwin 1 1 9.99999984307e+17 -9.99999984307e+17 0 2 1 0 1 64
1 0 
0 
gzmax 1 1 9.99999984307e+17 -9.99999984307e+17 0 2 1 0 1 64
1 0 
0 
gzlvlr 1 1 9.99999984307e+17 -9.99999984307e+17 0 2 1 0 1 64
1 5000 
0 
gzsize 1 1 9.99999984307e+17 -9.99999984307e+17 0 2 1 0 1 64
1 0 
0 
h1reff1 1 1 9.99999984307e+17 -9.99999984307e+17 0 2 1 0 1 64
1 4.52 
0 
hdmf 1 1 9.99999984307e+17 -9.99999984307e+17 0 2 1 0 1 64
1 1000 
0 
hdfrqc 5 1 1000000000 -1000000000 0 2 1 256 0 64
1 0 
0 
h1reff3 1 1 9.99999984307e+17 -9.99999984307e+17 0 2 1 0 1 64
1 4.52 
0 
hdfrqw 1 1 9.99999984307e+17 -9.99999984307e+17 0 2 1 256 0 64
1 10 
0 
hdpsmode 4 2 4 0 0 2 1 0 1 64
1 "n"
0 
hdof 5 1 1000000000 -1000000000 0 2 1 0 1 64
1 0 
0 
hdpwr 1 1 9.99999984307e+17 -9.99999984307e+17 0 2 1 0 1 64
1 0 
0 
height 1 1 9.9e+17 0 0.001 3 1 0 1 64
1 0 
0 
hdseq 2 2 8 0 0 2 1 0 1 64
1 ""
0 
hdres 1 1 9.99999984307e+17 -9.99999984307e+17 0 2 1 0 1 64
1 0.9 
0 
hdwshimlist 2 2 8 0 0 2 1 0 1 64
1 ""
0 
hdwave 2 2 8 0 0 2 1 0 1 64
1 "SEDUCE1"
0 
homo 2 2 8 0 0 2 1 8 1 64
1 "n"
2 "n" "y" 
ho 1 1 500 -500 0 4 1 1 1 64
1 -85.8333333333 
0 
homo2 4 2 4 0 0 2 1 0 1 64
1 "n"
2 "n" "y" 
insref 1 1 9.99999984307e+17 -9.99999984307e+17 0 4 1 0 1 64
1 1 
0 
il 2 2 1 0 0 2 1 0 1 64
1 "n"
2 "y" "n" 
hs 4 2 4 0 0 2 1 0 1 64
1 "n"
2 "n" "y" 
homorof2 6 1 13 13 13 2 1 8192 1 64
1 2 
0 
homorof1 6 1 13 13 13 2 1 8192 1 64
1 2 
0 
homorof3 6 1 13 13 13 2 1 8192 1 64
1 2 
0 
hzmm 1 1 1000000000 -1000000000 0 4 1 11 1 64
1 50.6072874494 
0 
hst 3 1 0.02 0 2.5e-08 2 1 2 1 64
1 0.00800000037998 
0 
ident 2 2 8 0 0 3 1 0 1 64
1 ""
0 
index2 7 1 32767 0 0 3 1 7 1 64
1 0 
0 
in 4 2 1 0 0 2 1 0 1 64
1 "n"
3 "n" "w" "y" 
imino 4 2 4 0 0 2 1 0 1 64
1 "n"
0 
ins2 1 1 9.99999984307e+17 -9.99999984307e+17 0 4 1 0 1 64
1 1 
0 
ins 3 1 8190 0 1e-07 4 1 3 1 64
1 1 
0 
ins2ref 1 1 9.99999984307e+17 -9.99999984307e+17 0 4 1 0 1 64
1 1 
0 
is 1 1 1000000000 1e-06 0 4 1 3 1 64
1 1389.14834886 
0 
investigator 2 2 8 0 0 2 1 0 1 64
1 ""
0 
intstd 2 2 8 0 0 2 1 0 1 64
1 ""
0 
intmod 2 2 8 0 0 4 1 0 1 64
1 "off"
3 "off" "partial" "full" 
iplanDefaultType 1 1 9.99999984307e+17 -9.99999984307e+17 0 2 1 0 1 64
1 0 
0 
io 1 1 500 -500 0.1 4 1 1 1 64
1 48.5981284588 
0 
iplanType 1 1 9.99999984307e+17 -9.99999984307e+17 0 2 1 0 1 64
1 0 
0 
lb 1 1 100000 -100000 0 3 1 1 0 64
1 1 
0 
jch 5 1 1000000000 -1000000000 0 2 1 0 1 64
1 143 
0 
iswt 1 1 9.99999984307e+17 -9.99999984307e+17 0 2 1 0 1 64
1 0 
0 
layout 2 2 8 0 0 4 1 0 1 64
1 "gnoesyChsqc_BB"
0 
lb2 1 1 100000 -100000 0 3 1 1 0 64
1 1 
0 
lb1 1 1 100000 -100000 0 3 1 1 0 64
1 0.318309992552 
0 
lb3 1 1 100000 -100000 0 3 1 1 0 64
1 0 
0 
pwXlvl 7 1 63 -16 1 2 1 0 1 64
1 56 
0 
oversamp 7 1 68 0 1 2 1 9 1 64
1 1 
0 
math 2 2 1 0 0 3 1 3 1 64
1 "f"
3 "d" "f" "i" 
lpext 7 1 1000000 0 1 3 1 0 1 64
1 1 
0 
locdir 2 2 8 0 0 2 1 0 1 64
1 ""
0 
llfrq 1 1 1000000000 -1000000000 0 4 1 0 0 64
5 9759.64719089 9695.15613016 9603.79379412 9060.99403296 6508.22287895 
0 
linearpred 2 2 8 0 0 2 1 0 1 64
1 "dglp"
0 
lifrq 1 1 1000000000 -1000000000 0 4 1 0 0 64
1 0 
0 
llamp 1 1 1000000000 0 0 4 1 0 0 64
5 0.00831713154912 0.00500538526103 0.00283282785676 0.00467996206135 0.00286975339986 
0 
load 2 2 4 0 0 2 1 3 1 64
1 "n"
2 "y" "n" 
lllabel 2 2 8 0 0 3 1 0 1 64
1 ""
0 
lp2 1 1 3600 -3600 0.1 4 1 3 1 64
1 0 
0 
lp 1 1 3600 -3600 0.1 4 1 3 1 64
1 0 
0 
longlist 2 2 8 0 0 2 1 256 1 64
1 ""
0 
lot 2 2 8 0 0 2 1 0 1 64
1 ""
0 
lp1 1 1 3600 -3600 0.1 4 1 3 1 64
1 -180 
0 
lpalg1 2 2 8 0 0 3 1 0 1 64
1 "lpfft"
0 
lpalg 2 2 8 0 0 3 1 0 1 64
1 "lpfft"
0 
lp3 1 1 3600 -3600 0.1 4 1 3 1 64
1 0 
0 
lpe 1 1 9.99999984307e+17 -9.99999984307e+17 0 2 1 0 1 64
1 0 
0 
lpalg2 2 2 8 0 0 3 1 0 1 64
1 "lpfft"
0 
lpe2 1 1 9.99999984307e+17 -9.99999984307e+17 0 2 1 0 1 64
1 0 
0 
lpprint2 7 1 63 0 1 3 1 0 1 64
1 0 
0 
lpnupts2 7 1 1000000 1 1 3 1 0 1 64
1 256 
0 
lpfilt1 7 1 32767 1 1 3 1 0 1 64
1 8 
0 
lpext2 7 1 1000000 0 1 3 1 0 1 64
1 256 
0 
lpext1 7 1 1000000 0 1 3 1 0 1 64
1 96 
0 
lpfilt 7 1 32767 1 1 3 1 0 1 64
1 32 
0 
lpnupts 7 1 1000000 1 1 3 1 0 1 64
1 64 
0 
lpfilt2 7 1 32767 1 1 3 1 0 1 64
1 6 
0 
lpnupts1 7 1 1000000 1 1 3 1 0 1 64
1 32 
0 
lpprint 7 1 63 0 1 3 1 0 1 64
1 0 
0 
lpopt1 2 2 8 0 0 3 1 0 1 64
1 "f"
0 
lpopt 2 2 8 0 0 3 1 0 1 64
1 "b"
0 
lpopt2 2 2 8 0 0 3 1 0 1 64
1 "f"
0 
lpprint1 7 1 63 0 1 3 1 0 1 64
1 0 
0 
lsfrq 1 1 9.99999984307e+17 -9.99999984307e+17 0 3 1 0 0 64
1 0 
0 
lro 1 1 9.99999984307e+17 -9.99999984307e+17 0 2 1 0 1 64
1 0 
0 
lptrace1 7 1 32767 0 1 3 1 0 1 64
1 0 
0 
lptrace 7 1 32767 0 1 3 1 0 1 64
1 0 
0 
lptrace2 7 1 32767 0 1 3 1 0 1 64
1 0 
0 
lsfid 7 1 64000 -64000 1 3 1 0 0 64
1 0 
0 
lsfid2 7 1 64000 -64000 1 3 1 0 0 64
1 0 
0 
macro 2 2 6 0 0 4 1 3 1 64
1 ""
0 
lsfrq2 1 1 9.99999984307e+17 -9.99999984307e+17 0 3 1 0 0 64
1 0 
0 
lsfrq1 1 1 9.99999984307e+17 -9.99999984307e+17 0 3 1 0 0 64
1 301.7312968 
0 
lvl 1 1 1000000000 -1000000000 0 4 1 1 1 64
1 0 
0 
mag_flg 4 2 4 0 0 2 1 0 1 64
1 "n"
0 
ni 7 1 32767 0 0 2 1 0 1 64
1 0 
0 
n2 2 2 6 0 0 4 1 3 1 64
1 "n"
0 
modules 2 2 8 0 0 2 1 1 1 64
1 " par2D par3D"
0 
mfslp 4 2 4 0 0 2 1 0 1 64
1 "n"
0 
method 2 2 6 0 0 2 1 3 1 64
1 "z1z2"
0 
mix 3 1 14 14 14 2 1 8192 1 64
1 0.1 
0 
n15reff1 1 1 9.99999984307e+17 -9.99999984307e+17 0 2 1 0 1 64
1 0 
0 
n1 2 2 6 0 0 4 1 3 1 64
1 ""
0 
n15reff2 1 1 9.99999984307e+17 -9.99999984307e+17 0 2 1 0 1 64
1 0 
0 
n15reff3 1 1 9.99999984307e+17 -9.99999984307e+17 0 2 1 0 1 64
1 0 
0 
name 2 2 8 0 0 3 1 0 1 64
1 ""
0 
n3 2 2 6 0 0 4 1 3 1 64
1 "n"
0 
ncyc 1 1 9.99999984307e+17 -9.99999984307e+17 0 2 1 0 1 64
1 16 
0 
nameprefix 2 2 8 0 0 2 1 9 1 64
1 ""
0 
newmodules 2 2 8 0 0 2 1 1 1 64
1 ""
0 
obsSW 2 2 8 0 0 2 1 1 1 64
1 ""
0 
nt 7 1 1000000000 1 1 2 1 2 1 64
1 4 
0 
notebook 2 2 8 0 0 2 1 0 1 64
1 ""
0 
ni3 7 1 32767 0 1 2 1 0 1 64
1 0 
0 
ni2 7 1 32767 0 1 2 1 0 1 64
1 0 
0 
np 7 1 524288 32 2 2 1 11 1 64
1 2048 
0 
ns 1 1 9.99999984307e+17 -9.99999984307e+17 0 2 1 0 1 64
1 0 
0 
nuc_ni 2 2 8 0 0 2 1 0 1 64
1 "Hnoe"
0 
ntype3d 4 2 4 0 0 3 1 0 1 64
1 "nn"
0 
nuc_ni3 2 2 8 0 0 2 1 0 1 64
1 "CO"
0 
nuc_ni2 2 2 8 0 0 2 1 0 1 64
1 "Cid"
0 
nuc_obs 2 2 8 0 0 2 1 0 1 64
1 "HC"
0 
oscoef 7 1 49999 3 2 2 1 1 1 64
1 375 
0 
operator_ 2 2 8 0 0 2 1 0 1 64
1 "et"
0 
obscenterppm 1 1 9.99999984307e+17 -9.99999984307e+17 0 2 1 0 1 64
1 4.527 
0 
orient 2 2 8 0 0 2 1 0 1 64
1 ""
0 
osfilt 2 2 8 0 0 2 1 0 1 64
1 ""
5 "a" "A" "b" "B" "" 
osfb 1 1 100000 0 0 2 1 1 0 64
1 0 
0 
oslsfrq 1 1 9.99999984307e+17 -9.99999984307e+17 0 2 1 1 0 64
1 0 
0 
other 2 2 8 0 0 2 1 0 1 64
1 ""
0 
preacq 6 1 13 13 13 2 1 8192 0 64
1 0 
0 
phfid1 1 1 3600 -3600 0.1 3 1 0 0 64
1 0 
0 
ph10 1 1 9.99999984307e+17 -9.99999984307e+17 0 2 1 0 1 64
1 332 
0 
paramChanged 1 1 9.99999984307e+17 -9.99999984307e+17 0 2 1 0 1 64
1 0 
0 
pad 3 1 14 14 14 2 1 8194 1 64
1 0.5 
0 
p1 6 1 13 13 13 2 1 8192 1 64
1 0 
0 
page 2 2 8 0 0 2 1 0 1 64
1 ""
0 
parversion 1 1 9.99999984307e+17 -9.99999984307e+17 0 2 1 4 1 64
1 5.1 
0 
parlabel 2 2 8 0 0 2 1 5 1 64
1 ""
0 
parver 2 2 8 0 0 2 1 0 1 64
1 "VnmrJ VERSION 4.2 REVISION devel"
0 
path3d 2 2 8 0 0 4 1 0 1 64
1 "/home/et/vnmrsys/exp5/datadir3d"
0 
phase3 7 1 20 0 1 2 1 0 1 64
1 0 
0 
phase 1 1 1e+18 -1e+18 0 2 1 0 1 64
1 1 
0 
phase2 7 1 20 0 1 2 1 0 1 64
1 1 
0 
phfid 1 1 3600 -3600 0.1 3 1 0 0 64
1 0 
0 
plotfile 2 2 8 0 0 2 1 0 1 64
1 ""
0 
pipeaCAR 2 2 8 0 0 3 1 0 1 64
1 "default"
0 
phi7cal 1 1 360 0 0 2 1 0 0 64
1 0 
0 
phi 1 1 9.99999984307e+17 -9.99999984307e+17 0 2 1 0 1 64
1 0 
0 
phfid2 1 1 3600 -3600 0.1 3 1 0 0 64
1 0 
0 
pipeQ1 2 2 8 0 0 3 1 0 1 64
2 "0"
"0"
0 
pipeGLB 2 2 8 0 0 3 1 0 1 64
2 "4"
"4"
0 
pipeELB 2 2 8 0 0 3 1 0 1 64
2 "0"
"0"
0 
pipeGOFF 2 2 8 0 0 3 1 0 1 64
2 "0"
"0"
0 
pipeQ2 2 2 8 0 0 3 1 0 1 64
2 "0"
"0"
0 
pipeQ3 2 2 8 0 0 3 1 0 1 64
2 "0"
"0"
0 
pipexCAR 2 2 8 0 0 3 1 0 1 64
1 "default"
0 
pipeistIter 2 2 8 0 0 3 1 0 1 64
1 "1024"
0 
pipeistCMult 2 2 8 0 0 3 1 0 1 64
1 "0.3"
0 
pipeistTMult 2 2 8 0 0 3 1 0 1 64
1 "0.7"
0 
pipeistMaxRes 2 2 8 0 0 3 1 0 1 64
1 "1"
0 
pipezCAR 2 2 8 0 0 3 1 0 1 64
1 "default"
0 
pipeyCAR 2 2 8 0 0 3 1 0 1 64
1 "default"
0 
plane 2 2 8 0 0 4 1 0 1 64
1 "f2f3"
6 "f1f3" "f3f1" "f2f3" "f3f2" "f1f2" "f2f1" 
plocklist 2 2 8 0 0 2 1 1 1 64
1 ""
0 
position1 2 2 8 0 0 3 1 0 1 64
1 ""
0 
pmode 2 2 8 0 0 3 1 0 1 64
1 "full"
0 
pltmod 2 2 8 0 0 4 1 0 1 64
1 "off"
5 "off" "fixed" "full" "variable" "user" 
plt2Darg 2 2 8 0 0 4 1 272 1 64
8 "both"
"20"
"1.3"
"f2"
"f1"
""
""
""
0 
plotoption 2 2 8 0 0 4 1 0 1 64
1 ""
0 
pltopt 4 2 4 0 0 2 1 0 1 64
1 "y"
0 
pos2 1 1 9.99999984307e+17 -9.99999984307e+17 0 2 1 0 1 64
1 0 
0 
pos1 1 1 9.99999984307e+17 -9.99999984307e+17 0 2 1 0 1 64
1 0 
0 
pos3 1 1 9.99999984307e+17 -9.99999984307e+17 0 2 1 0 1 64
1 0 
0 
pplvl 1 1 63 -16 1 2 1 0 1 64
1 55 
0 
pp 6 1 13 13 13 2 1 8192 1 64
1 15 
0 
position2 2 2 8 0 0 3 1 0 1 64
1 ""
0 
ppe 1 1 9.99999984307e+17 -9.99999984307e+17 0 2 1 0 1 64
1 0 
0 
prcopt 4 2 4 0 0 2 1 0 1 64
1 "y"
0 
pplvl_cf 1 1 9.99999984307e+17 -9.99999984307e+17 0 2 1 0 1 64
1 1 
0 
pw90 6 1 13 13 13 2 1 8194 1 64
1 8.1 
0 
procdim 1 1 9.99999984307e+17 -9.99999984307e+17 0 3 1 0 1 64
1 0 
0 
proc 2 2 10 0 0 3 1 1 1 64
1 "ft"
0 
priority 7 1 32768 0 1 2 1 0 1 64
1 5 
0 
prescribed 2 2 8 0 0 2 1 0 1 64
1 "n"
0 
prescan 2 2 8 0 0 3 1 256 1 64
11 "Not done"
"Not done"
"off"
"off"
"off"
"off"
"off"
"on"
"on"
""
""
0 
pro 1 1 9.99999984307e+17 -9.99999984307e+17 0 2 1 0 1 64
1 0 
0 
proc_ni 2 2 8 0 0 2 1 0 1 64
1 "BPexpress_setup_proc('ni')"
0 
proc2 2 2 8 0 0 3 1 1 1 64
1 "ft"
0 
proc1 2 2 10 0 0 3 2 1 1 64
1 "ft"
0 
proc_3d 2 2 8 0 0 2 1 0 1 64
1 "BPexpress_setup_proc('3d')"
0 
proc3 2 2 8 0 0 3 1 1 1 64
1 "ft"
0 
proc_obs 2 2 8 0 0 2 1 0 1 64
1 "BPexpress_setup_proc('obs')"
0 
proc_ni2 2 2 8 0 0 2 1 0 1 64
1 "BPexpress_setup_proc('ni2')"
0 
proc_nus_cmd 2 2 8 0 0 2 1 0 1 64
1 "BPexpress_setup_proc('nus')"
0 
proccmd 2 2 8 0 0 3 1 7 1 64
1 "wft('acq')"
0 
psi 1 1 9.99999984307e+17 -9.99999984307e+17 0 2 1 0 1 64
1 0 
0 
processing 2 2 8 0 0 2 1 0 1 64
1 "dgp"
0 
processid 1 1 9.99999984307e+17 -9.99999984307e+17 0 2 1 0 1 64
1 0 
0 
protocols 2 2 8 0 0 3 1 0 1 64
1 ""
0 
pss0 1 1 9.99999984307e+17 -9.99999984307e+17 0 2 1 0 1 64
1 0 
0 
pss 1 1 9.99999984307e+17 -9.99999984307e+17 0 2 1 0 1 64
1 0 
0 
pslabel 2 2 8 0 0 2 1 11 1 64
1 "gnoesyChsqc_BB"
0 
purge 4 2 4 0 0 2 1 0 1 64
1 "y"
0 
ptspec3d 4 2 4 0 0 3 1 0 1 64
1 "nnn"
0 
pw 6 1 13 13 13 2 1 8194 1 64
1 8.1 
0 
pwC9 6 1 13 13 13 2 1 8192 1 64
1 80.8 
0 
pwC5 6 1 13 13 13 2 1 8192 1 64
1 89.2 
0 
pwC3 6 1 13 13 13 2 1 8192 1 64
1 48.6 
0 
pwC10a 6 1 13 13 13 2 1 8192 1 64
1 80.8 
0 
pwC 6 1 13 13 13 2 1 8192 1 64
1 14.9 
0 
pwC180lvl 1 1 9.99999984307e+17 -9.99999984307e+17 0 2 1 0 1 64
1 55 
0 
pwC180 6 1 13 13 13 2 1 8192 1 64
1 229 
0 
pwC180lvlF 1 1 9.99999984307e+17 -9.99999984307e+17 0 2 1 0 1 64
1 4095 
0 
pwC3a 6 1 13 13 13 2 1 8192 1 64
1 48.6 
0 
pwC4 6 1 13 13 13 2 1 8192 1 64
1 48.6 
0 
pwC7 6 1 13 13 13 2 1 8192 1 64
1 80.8 
0 
pwC6 6 1 13 13 13 2 1 8192 1 64
1 89.2 
0 
pwC8 6 1 13 13 13 2 1 8192 1 64
1 80.8 
0 
pwC7a 6 1 13 13 13 2 1 8192 1 64
1 80.8 
0 
pwC8a 6 1 13 13 13 2 1 8192 1 64
1 80.8 
0 
pwHs 6 1 13 13 13 2 1 8192 1 64
1 1420 
0 
pwCd 6 1 13 13 13 2 1 8192 1 64
1 250 
0 
pwCO 6 1 13 13 13 2 1 8192 1 64
1 1028 
0 
pwC9a 6 1 13 13 13 2 1 8192 1 64
1 80.8 
0 
pwCOlvl 1 1 55 0 1 2 1 0 1 64
1 45 
0 
pwClvl 1 1 63 -37 0.5 2 1 2 1 64
1 55 
0 
pwNlvl 1 1 63 -37 0.5 2 1 2 1 64
1 54 
0 
pwN 6 1 13 13 13 2 1 8192 1 64
1 34 
0 
pwHs2 6 1 13 13 13 2 1 8192 1 64
1 1420 
0 
pwX180lvl 7 1 63 -16 1 2 1 0 1 64
1 56 
0 
pwX 6 1 13 13 13 2 1 8192 1 64
1 13.4 
0 
pwX180lvlF 7 1 4095 0 1 2 1 0 1 64
1 4095 
0 
strtext2 7 1 1000000 1 1 3 1 0 1 64
1 257 
0 
samplename 2 2 8 0 0 2 1 9 1 64
1 ""
0 
refocN15 4 2 4 0 0 2 1 0 1 64
1 "y"
0 
r5 1 1 1e+18 -1e+18 0 4 1 1 1 64
1 0 
0 
pwx2lvl 1 1 63 -16 1 2 1 0 1 64
1 55 
0 
pwx 6 1 13 13 13 2 1 8192 1 64
1 29 
0 
pw_zqf 6 1 20000 100 1 2 1 0 1 64
1 8000 
0 
pwXshp 6 1 13 13 13 2 1 8192 1 64
1 206 
0 
pwsl 6 1 13 13 13 2 1 8192 1 64
1 40 
0 
pwx2 6 1 13 13 13 2 1 8192 1 64
1 15 
0 
r1 1 1 1e+18 -1e+18 0 4 1 1 1 64
1 0 
0 
pwxlvl 1 1 63 -16 1 2 1 0 1 64
1 55 
0 
pwx2lvl_cf 1 1 9.99999984307e+17 -9.99999984307e+17 0 2 1 0 1 64
1 1 
0 
pwxlvl_cf 1 1 9.99999984307e+17 -9.99999984307e+17 0 2 1 0 1 64
1 1 
0 
r3 1 1 1e+18 -1e+18 0 4 1 1 1 64
1 0 
0 
r2 1 1 1e+18 -1e+18 0 4 1 1 1 64
1 0 
0 
r4 1 1 1e+18 -1e+18 0 4 1 1 1 64
1 0 
0 
ref1 5 1 1000000000 -1000000000 0 2 1 0 1 64
1 0 
0 
rcvrs 4 2 4 0 0 2 1 1 1 64
1 "y"
2 "n" "y" 
r7 1 1 1e+18 -1e+18 0 4 1 1 1 64
1 0 
0 
r6 1 1 1e+18 -1e+18 0 4 1 1 1 64
1 0 
0 
radialAngles 1 1 9.99999984307e+17 -9.99999984307e+17 0 4 1 0 1 64
1 0 
0 
ref 5 1 1000000000 -1000000000 0 3 4 0 1 64
1 0 
0 
reffrq1 1 1 9.99999984307e+17 -9.99999984307e+17 0 4 1 0 1 64
1 599.4224103 
0 
ref_pwr 7 1 32767 0 0 3 1 0 1 64
1 53 
0 
ref_pw90 6 1 13 13 13 3 1 8192 1 64
1 7.54 
0 
reffrq 1 1 9.99999984307e+17 -9.99999984307e+17 0 4 1 0 1 64
1 599.374095576 
0 
reffrq3 1 1 9.99999984307e+17 -9.99999984307e+17 0 4 1 0 1 64
1 599.419696162 
0 
reffrq2 1 1 9.99999984307e+17 -9.99999984307e+17 0 4 1 0 1 64
1 150.750028 
0 
refocCO 2 2 8 0 0 2 1 0 1 64
1 "y"
0 
rfl 1 1 1000000000 -1000000000 0 4 1 1 1 64
1 3234.49136849 
0 
refsource2 2 2 8 0 0 4 1 0 1 64
1 "dfrq2"
0 
refpos2 1 1 9.99999984307e+17 -9.99999984307e+17 0 4 1 0 0 64
1 0 
0 
refpos1 1 1 9.99999984307e+17 -9.99999984307e+17 0 4 1 0 0 64
1 0 
0 
refpos 1 1 9.99999984307e+17 -9.99999984307e+17 0 4 1 0 1 64
1 0 
0 
refsource1 2 2 8 0 0 4 1 0 1 64
1 "dfrq"
0 
refpos3 1 1 9.99999984307e+17 -9.99999984307e+17 0 4 1 0 0 64
1 0 
0 
rf140 1 1 9.99999984307e+17 -9.99999984307e+17 0 2 1 0 1 64
1 2612.50336788 
0 
researchgroup 2 2 8 0 0 2 1 0 1 64
1 ""
0 
refsource3 2 2 8 0 0 4 1 0 1 64
1 "sfrq"
0 
retentiontime_ 2 2 8 0 0 2 1 0 1 64
1 ""
0 
rf80 1 1 9.99999984307e+17 -9.99999984307e+17 0 2 1 0 1 64
1 2156.63079382 
0 
rf30 1 1 9.99999984307e+17 -9.99999984307e+17 0 2 1 0 1 64
1 1707.25847527 
0 
rfband 4 2 4 0 0 2 1 0 1 64
1 "cccc"
3 "c" "h" "l" 
rfcoil 2 2 8 0 0 2 1 0 1 64
1 ""
0 
rof1 6 1 13 13 13 2 1 8194 1 64
1 10 
0 
rfp 1 1 1000000000 -1000000000 0 4 1 1 1 64
1 0 
0 
rfl2 1 1 9.99999984307e+17 -9.99999984307e+17 0 4 1 0 1 64
1 -22708.4786177 
0 
rfl1 1 1 1000000000 -1000000000 0 4 1 1 1 64
1 1683.55243629 
0 
rfl3 1 1 9.99999984307e+17 -9.99999984307e+17 0 4 1 0 1 64
1 -1214.15728385 
0 
rfp2 1 1 9.99999984307e+17 -9.99999984307e+17 0 4 1 0 1 64
1 0 
0 
rfp1 1 1 1000000000 -1000000000 0 4 1 1 1 64
1 0 
0 
rfp3 1 1 9.99999984307e+17 -9.99999984307e+17 0 4 1 0 1 64
1 0 
0 
rp1 1 1 3600 -3600 0.1 4 1 3 1 64
1 90 
0 
rof2 6 1 8192 0 0.1 2 1 2 1 64
1 28 
0 
rp 1 1 3600 -3600 0.1 4 1 3 1 64
1 -439.663951567 
0 
sample 2 2 8 0 0 2 1 1 1 64
1 "20120515_01"
0 
rp3 1 1 3600 -3600 0.1 4 1 3 1 64
1 0 
0 
rp2 1 1 3600 -3600 0.1 4 1 3 1 64
1 0 
0 
sa 7 1 10000000 0 0 3 1 1 0 64
1 1024 
0 
sample_noise 1 1 9.99999984307e+17 -9.99999984307e+17 0 2 1 0 1 64
1 0 
0 
sf2 1 1 9.99999984307e+17 -9.99999984307e+17 0 4 1 0 1 64
1 0 
0 
sbs 1 1 1000 -1000 0.001 3 1 1 1 64
1 -0.085 
0 
satpos 1 1 9.99999984307e+17 -9.99999984307e+17 0 2 1 0 1 64
1 0 
0 
sar 1 1 9.99999984307e+17 -9.99999984307e+17 0 2 1 256 1 64
2 0 0 
0 
sampling 2 2 8 0 0 2 1 0 1 64
1 "s"
0 
sampleowner 2 2 8 0 0 2 1 0 1 64
1 ""
0 
sampwt 1 1 9.99999984307e+17 -9.99999984307e+17 0 2 1 0 1 64
1 0 
0 
satfrq 5 1 1000000000 -1000000000 0 2 1 0 1 64
1 -219.2 
0 
satdly 1 1 1e+18 -1e+18 0 2 1 0 1 64
1 1 
0 
sas 7 1 10000000 0 0 3 1 1 0 64
1 0 
0 
satmode 4 2 4 0 0 2 1 0 1 64
1 "yn"
0 
saveshapes 2 2 8 0 0 2 1 256 1 64
1 ""
0 
satthk 1 1 9.99999984307e+17 -9.99999984307e+17 0 2 1 0 1 64
1 0 
0 
satpwr 1 1 1e+18 -1e+18 0 2 1 0 1 64
1 -6 
0 
sb1 1 1 1000 -1000 0.001 3 1 1 0 64
1 -0.026 
0 
sb 1 1 1000 -1000 0.001 3 1 0 1 64
1 -0.085 
0 
sb2 1 1 1000 -1000 0.001 3 1 1 0 64
1 0.051 
0 
sb3 1 1 1000 -1000 0.001 3 1 1 0 64
1 0 
0 
scoutinfo 2 2 8 0 0 2 1 256 1 64
1 ""
0 
sc 1 1 1 1 1 4 1 8195 1 64
1 3.125 
0 
sbs2 1 1 1000 -1000 0.001 3 1 1 0 64
1 -0.051 
0 
sbs1 1 1 1000 -1000 0.001 3 1 1 0 64
1 -0.026 
0 
sbs3 1 1 1000 -1000 0.001 3 1 1 0 64
1 0 
0 
sc2 1 1 3 3 3 4 1 8195 1 64
1 0 
0 
scans 2 2 8 0 0 3 1 0 1 64
1 ""
0 
sequence 2 2 8 0 0 2 1 0 1 64
1 "dg2"
0 
sdirtmplt 2 2 8 0 0 2 1 0 1 64
1 "%DATE%_"
0 
seqfil 2 2 8 0 0 2 1 11 1 64
1 "gnoesyChsqc_BB"
0 
sf 1 1 8190 0 1e-07 4 1 3 1 64
1 0 
0 
setup_macro 2 2 8 0 0 2 1 0 1 64
1 "et_NOE_CHSQC"
0 
setup_nus_cmd 2 2 8 0 0 2 1 0 1 64
1 "BPexpress_setup_nus"
0 
sf1 1 1 9.99999984307e+17 -9.99999984307e+17 0 4 1 0 1 64
1 0 
0 
sp2 1 1 9.99999984307e+17 -9.99999984307e+17 0 4 1 0 1 64
1 2466.03914008 
0 
shownumy 1 1 9.99999984307e+17 -9.99999984307e+17 0 2 1 0 1 64
1 0 
0 
showcontent 2 2 8 0 0 2 1 0 1 64
1 "s"
0 
shims 2 2 8 0 0 2 1 0 1 64
1 ""
0 
sfrq 1 1 1000000000 0 0 2 1 11 1 64
1 499.9247536 
0 
sf3 1 1 9.99999984307e+17 -9.99999984307e+17 0 4 1 0 1 64
1 0 
0 
showarray 2 2 8 0 0 2 1 0 1 64
1 "horiz"
0 
shownumstyle 2 2 8 0 0 2 1 0 1 64
1 "auto"
0 
shownumbers 2 2 8 0 0 2 1 0 1 64
1 "v"
0 
shownumx 1 1 9.99999984307e+17 -9.99999984307e+17 0 2 1 0 1 64
1 0 
0 
sorient 2 2 8 0 0 2 1 0 1 64
1 ""
0 
sn 1 1 1e+18 -1e+18 0 3 1 1 1 64
1 0 
0 
shp_zqf 2 2 8 0 0 2 1 0 1 64
1 "H_zqf"
0 
solvent 2 2 6 0 0 2 1 11 1 64
1 "D2O"
0 
sp1 1 1 1000000000 -1000000000 0 4 1 3 1 64
1 -665.56270999 
0 
sp 1 1 1000000000 -1000000000 0 4 4 3 1 64
1 -3234.49136849 
0 
ssfilter 1 1 50000 10 0.1 3 1 0 0 64
1 200 
0 
spsi 1 1 9.99999984307e+17 -9.99999984307e+17 0 2 1 0 1 64
1 0 
0 
sphi 1 1 9.99999984307e+17 -9.99999984307e+17 0 2 1 0 1 64
1 0 
0 
specdc3d 4 2 4 0 0 3 1 0 1 64
1 "nnn"
0 
sp3 1 1 9.99999984307e+17 -9.99999984307e+17 0 4 1 0 1 64
1 0 
0 
spin 1 1 39 0 1 2 1 0 0 64
1 0 
0 
sreffrq 1 1 9.99999984307e+17 -9.99999984307e+17 0 2 1 0 1 64
1 499.922475824 
0 
srate 7 1 32767 0 1 2 1 0 1 64
1 25 
0 
ss 7 1 32767 -32768 0 2 1 0 1 64
1 4 
0 
sspul 4 2 4 0 0 2 1 0 1 64
1 "n"
0 
ssntaps 7 1 2500 0 1 3 1 0 1 64
1 200 
0 
sslsfrq 1 1 9.99999984307e+17 -9.99999984307e+17 0 3 1 0 1 64
1 0 
0 
ssorder 7 1 20 1 1 3 1 0 0 64
1 7 
0 
strtext 7 1 1000000 1 1 3 1 0 1 64
1 1 
0 
stheta 1 1 9.99999984307e+17 -9.99999984307e+17 0 2 1 0 1 64
1 0 
0 
strtext1 7 1 1000000 1 1 3 1 0 1 64
1 33 
0 
werr 2 2 6 0 0 3 1 3 1 64
1 "return"
0 
tpwr_cf 1 1 9.99999984307e+17 -9.99999984307e+17 0 2 1 0 1 64
1 1 
0 
text_string 2 2 8 0 0 4 1 256 1 64
1 ""
0 
sw1 1 1 1e+18 -1e+18 0 2 4 0 1 64
1 6593.6465133 
0 
study 2 2 8 0 0 3 1 0 1 64
1 ""
0 
strtlp2 7 1 1000000 1 1 3 1 0 1 64
1 256 
0 
strtlp1 7 1 1000000 1 1 3 1 0 1 64
1 32 
0 
strtlp 7 1 1000000 1 1 3 1 0 1 64
1 2 
0 
strtpar 2 2 8 0 0 2 1 0 1 64
1 ""
0 
studystatus 2 2 8 0 0 2 1 0 1 64
1 ""
0 
studyowner 2 2 8 0 0 2 1 0 1 64
1 "et"
0 
svftmplt 2 2 8 0 0 2 1 0 1 64
1 "$pslabel$_"
0 
svfopt 4 2 4 0 0 2 1 0 1 64
1 "y"
0 
sw 1 1 5 5 5 2 4 8203 1 64
1 12019.2307692 
0 
tauCH 3 1 14 14 14 2 1 8192 1 64
1 0.0017 
0 
sw3 1 1 5000000 1 0 2 1 0 1 64
1 2999.96250047 
0 
sw2 1 1 5000000 1 0 2 5 0 1 64
1 5276.25098 
0 
tauxh1 3 1 14 14 14 2 1 8192 1 64
1 0.0017 
0 
tauch1 3 1 14 14 14 2 1 8192 1 64
1 0.0017 
0 
tauch 3 1 14 14 14 2 1 8192 1 64
1 0.0017 
0 
tauxh 3 1 14 14 14 2 1 8192 1 64
1 0.0017 
0 
temp 1 1 200 -150 0.1 2 1 8 1 64
1 25 
0 
time_complete 2 2 8 0 0 2 1 0 1 64
1 "20120103T174937"
0 
theta 1 1 9.99999984307e+17 -9.99999984307e+17 0 2 1 0 1 64
1 0 
0 
th2d 1 1 1 1e-18 0 4 1 17 1 64
1 0.8 
0 
th 1 1 1000000000 0 0 4 1 1 1 64
1 1 
0 
timeCC 3 1 0.05 0 0 2 1 0 1 64
1 0.0135 
0 
thk 1 1 9.99999984307e+17 -9.99999984307e+17 0 2 1 0 1 64
1 0 
0 
timeTN 3 1 14 14 14 2 1 8192 1 64
1 0.014 
0 
time_svfdate 2 2 8 0 0 2 1 0 1 64
1 "20120103T174816"
0 
time_run 2 2 8 0 0 2 1 0 1 64
1 "20120103T174816"
0 
time_plotted 2 2 8 0 0 3 1 0 1 64
1 ""
0 
time_exp 2 2 8 0 0 2 1 0 1 64
1 ""
0 
time_processed 2 2 8 0 0 3 1 0 1 64
1 "20120103T174937"
0 
time_submitted 2 2 8 0 0 2 1 0 1 64
1 "20120103T174816"
0 
time_saved 2 2 8 0 0 2 1 0 1 64
1 "20140403T165023"
0 
time_submitted_local 2 2 8 0 0 2 1 0 1 64
1 "20120103T174816X05PMTueJan"
0 
tnref 2 2 8 0 0 4 1 1 1 64
1 ""
0 
tlt 1 1 1000000000 -1000000000 0 4 1 1 1 64
1 0 
0 
tin 2 2 1 0 0 2 1 2 1 64
1 "n"
3 "n" "w" "y" 
tn 2 2 4 0 0 2 1 8 1 64
1 "H1"
0 
tof 5 1 7 7 7 2 5 8202 1 64
1 -221.8 
0 
tnshapes 2 2 8 0 0 2 1 256 1 64
3 ""
""
""
0 
tpwr 1 1 63 -37 0.5 2 1 2 1 64
1 53 
0 
vox1 1 1 9.99999984307e+17 -9.99999984307e+17 0 2 1 0 1 64
1 0 
0 
tsatpwr 1 1 9.99999984307e+17 -9.99999984307e+17 0 2 1 0 1 64
1 0 
0 
tpwrsl 1 1 9.99999984307e+17 -9.99999984307e+17 0 2 1 0 1 64
1 46 
0 
tpwrsf_i 1 1 9.99999984307e+17 -9.99999984307e+17 0 2 1 0 1 64
1 2088 
0 
tpwrsf_a 1 1 9.99999984307e+17 -9.99999984307e+17 0 2 1 0 1 64
1 2400 
0 
tpwr_zqf 1 1 50 1 1 2 1 0 1 64
1 32 
0 
tpwrsf_d 1 1 9.99999984307e+17 -9.99999984307e+17 0 2 1 0 1 64
1 2458 
0 
tpwrsf_t 1 1 9.99999984307e+17 -9.99999984307e+17 0 2 1 0 1 64
1 2258 
0 
tpwrsf_n 1 1 9.99999984307e+17 -9.99999984307e+17 0 2 1 0 1 64
1 1918 
0 
tpwrsf_u 1 1 9.99999984307e+17 -9.99999984307e+17 0 2 1 0 1 64
1 1858 
0 
trise 1 1 9.99999984307e+17 -9.99999984307e+17 0 2 1 0 1 64
1 1e-05 
0 
trace 2 2 2 0 0 4 1 3 1 64
1 "f2"
3 "f1" "f2" "f3" 
vf 1 1 1000000000 0 0 4 1 3 1 64
1 740770728.75 
0 
username 2 2 8 0 0 2 1 0 1 64
1 "biopack"
0 
tunemethod 2 2 8 0 0 2 1 0 1 64
1 "n"
0 
userplotter 2 2 8 0 0 4 1 0 1 64
1 ""
0 
userprocess 2 2 8 0 0 2 1 0 1 64
1 "return"
0 
vjdialogarg 2 2 8 0 0 4 1 256 1 64
1 ""
0 
vjdialog 2 2 8 0 0 4 1 256 1 64
1 ""
0 
vjDebugString 2 2 8 0 0 2 1 0 1 64
1 ",cryocmd,savedatasetup,"
0 
volume 1 1 9.99999984307e+17 -9.99999984307e+17 0 2 1 0 1 64
1 0 
0 
vo 1 1 500 -500 0 4 1 1 1 64
1 0 
0 
vorient 2 2 8 0 0 2 1 0 1 64
1 ""
0 
vsproj 1 1 1000000000 1e-06 0 4 1 3 1 64
1 44.8198308912 
0 
vpsi 1 1 9.99999984307e+17 -9.99999984307e+17 0 2 1 0 1 64
1 0 
0 
vpf 1 1 500 -500 0 4 1 0 1 64
1 -1.51370007477 
0 
vox3 1 1 9.99999984307e+17 -9.99999984307e+17 0 2 1 0 1 64
1 0 
0 
vox2 1 1 9.99999984307e+17 -9.99999984307e+17 0 2 1 0 1 64
1 0 
0 
vp 7 1 500 -500 0.1 4 1 3 1 64
1 0 
0 
vphi 1 1 9.99999984307e+17 -9.99999984307e+17 0 2 1 0 1 64
1 0 
0 
vpfi 1 1 500 -500 0 4 1 0 1 64
1 0 
0 
vs 1 1 1000000000 1e-06 0 4 1 3 1 64
1 41704.0137365 
0 
vs2d 1 1 1000000000 1e-06 0 4 1 3 1 64
1 4723.85162255 
0 
vtwait 3 1 14 14 14 2 1 8194 1 64
1 1 
0 
vtheta 1 1 9.99999984307e+17 -9.99999984307e+17 0 2 1 0 1 64
1 0 
0 
vtc 1 1 255 0 1 2 1 2 1 64
1 25 
0 
wc2 1 1 4 4 4 4 1 8195 1 64
1 154.5 
0 
wbs 2 2 6 0 0 3 1 3 1 64
1 ""
0 
wc 1 1 2 2 2 4 1 8203 1 64
1 237.5 
0 
wds 2 2 8 0 0 3 1 0 1 64
1 ""
0 
wdone 2 2 8 0 0 3 1 0 1 64
1 "acqdone"
0 
weight 1 1 9.9e+17 0 0.001 3 1 0 1 64
1 0 
0 
z1 7 1 19 19 19 2 1 8192 1 64
1 9286 
0 
wtune 4 2 4 0 0 2 1 0 1 64
1 "n"
11 "s" "t" "e" "i" "n" "o" "v" "1" "2" "3" "4" 
wp2 1 1 9.99999984307e+17 -9.99999984307e+17 0 4 1 0 1 64
1 7037.29767769 
0 
wf2 1 1 9.99999984307e+17 -9.99999984307e+17 0 4 1 0 1 64
1 0.1455104 
0 
wf 1 1 8190 0 1e-07 4 1 3 1 64
1 0.0851968 
0 
wexp 2 2 6 0 0 3 1 3 1 64
1 ""
0 
wf1 1 1 9.99999984307e+17 -9.99999984307e+17 0 4 1 0 1 64
1 0.0582123668363 
0 
wp 1 1 5000000 0 0 4 4 11 1 64
1 12019.2307692 
0 
wnt 2 2 6 0 0 3 1 3 1 64
1 ""
0 
wf3 1 1 9.99999984307e+17 -9.99999984307e+17 0 4 1 0 1 64
1 0 
0 
wp1 1 1 100000 0 0 4 1 3 1 64
1 8778.2034604 
0 
wstart 2 2 8 0 0 3 1 0 1 64
1 ""
0 
wrtp 2 2 8 0 0 3 1 0 1 64
1 ""
0 
wqinit 2 2 8 0 0 4 1 0 1 64
1 ""
0 
wp3 1 1 9.99999984307e+17 -9.99999984307e+17 0 4 1 0 1 64
1 2999.96250047 
0 
wshim 4 2 4 0 0 2 1 1 1 64
1 "n"
15 "e" "f" "g" "n" "s" "0" "1" "2" "3" "4" "5" "6" "7" "8" "9" 
wtfile1 2 2 15 0 0 3 2 1 1 64
1 ""
0 
wtfile 2 2 15 0 0 3 1 1 1 64
1 ""
0 
wtfile2 2 2 8 0 0 3 1 1 1 64
1 ""
0 
wtfile3 2 2 8 0 0 3 1 1 1 64
1 ""
0 
xz2 7 1 19 19 19 2 1 8192 1 64
1 3227 
0 
x4 7 1 19 19 19 2 1 8192 1 64
1 0 
0 
x2y2 7 1 19 19 19 2 1 8192 1 64
1 2915 
0 
x1 7 1 19 19 19 2 1 8192 1 64
1 -3557 
0 
x3 7 1 19 19 19 2 1 8192 1 64
1 -3988 
0 
xy 7 1 19 19 19 2 1 8192 1 64
1 -1064 
0 
xdiag 1 1 1e+18 0 0 4 1 17 1 64
1 0 
0 
xz 7 1 19 19 19 2 1 8192 1 64
1 -507 
0 
yz 7 1 19 19 19 2 1 8192 1 64
1 631 
0 
y3 7 1 19 19 19 2 1 8192 1 64
1 -5274 
0 
y1 7 1 19 19 19 2 1 8192 1 64
1 817 
0 
y4 7 1 19 19 19 2 1 8192 1 64
1 0 
0 
yz2 7 1 19 19 19 2 1 8192 1 64
1 -4552 
0 
z4 7 1 19 19 19 2 1 8192 1 64
1 3981 
0 
z3 7 1 19 19 19 2 1 8192 1 64
1 -508 
0 
z2x2y2 7 1 19 19 19 2 1 8192 1 64
1 546 
0 
z2 7 1 19 19 19 2 1 8192 1 64
1 1322 
0 
z1c 7 1 19 19 19 2 1 8192 1 64
1 -1044 
0 
z2c 7 1 19 19 19 2 1 8192 1 64
1 196 
0 
z2xy 7 1 19 19 19 2 1 8192 1 64
1 2544 
0 
z2x3 7 1 19 19 19 2 1 8192 1 64
1 0 
0 
z2y3 7 1 19 19 19 2 1 8192 1 64
1 0 
0 
z3x3 7 1 19 19 19 2 1 8192 1 64
1 0 
0 
z3x 7 1 19 19 19 2 1 8192 1 64
1 -1646 
0 
z3c 7 1 19 19 19 2 1 8192 1 64
1 0 
0 
z3x2y2 7 1 19 19 19 2 1 8192 1 64
1 0 
0 
z3y 7 1 19 19 19 2 1 8192 1 64
1 -64 
0 
z3xy 7 1 19 19 19 2 1 8192 1 64
1 0 
0 
z3y3 7 1 19 19 19 2 1 8192 1 64
1 0 
0 
z5y 7 1 19 19 19 2 1 8192 1 64
1 0 
0 
z4xy 7 1 19 19 19 2 1 8192 1 64
1 0 
0 
z4x 7 1 19 19 19 2 1 8192 1 64
1 88 
0 
z4c 7 1 19 19 19 2 1 8192 1 64
1 0 
0 
z4x2y2 7 1 19 19 19 2 1 8192 1 64
1 0 
0 
z5 7 1 19 19 19 2 1 8192 1 64
1 5959 
0 
z4y 7 1 19 19 19 2 1 8192 1 64
1 -802 
0 
z5x 7 1 19 19 19 2 1 8192 1 64
1 0 
0 
zoom 7 1 32767 0 0 4 1 0 1 64
1 0 
0 
z7 7 1 19 19 19 2 1 8192 1 64
1 5546 
0 
z6 7 1 19 19 19 2 1 8192 1 64
1 10042 
0 
z8 7 1 19 19 19 2 1 8192 1 64
1 0 
0 
zx2y2 7 1 19 19 19 2 1 8192 1 64
1 -1564 
0 
zqf 2 2 8 0 0 2 1 0 1 64
1 "n"
0 
zxy 7 1 19 19 19 2 1 8192 1 64
1 -3453 
0 
zx3 7 1 19 19 19 2 1 8192 1 64
1 -2108 
0 
zy3 7 1 19 19 19 2 1 8192 1 64
1 1290 
0 
