method 2 2 6 0 0 2 1 3 1 64
1 "/vnmr/shimmethods/z1z2"
0 
fb 7 1 6 6 6 2 1 8203 1 64
1 7000 
0 
dg 2 2 1023 0 0 4 1 6 1 64
1 "1:ACQUISITION:sfrq:3,tn,at:3,np:0,sw:1,fb:0,bs:0,ss:0,tpwr(tpwr):0,pw:1,p1:1,p2:1,d1:3,d2:3,tof:1,nt:0,ct:0;2:SAMPLE:date,solvent,file;2:DECOUPLING:dn,dof:1,dm,dmm,dmf,dpwr(dpwr):0,dhp(dhp):0,dlp(dlp):0,homo;2(ni):2D ACQUISITION:sw1:1,ni:0;3:PROCESSING:cf(nf):0,lb:2,sb:3,sbs(sb):3,gf:3,gfs(gf):3,awc:3,lsfid:0,phfid:1,wtfile,proc,fn:0,math,,werr,wexp,wbs,wnt;4(ni):2D PROCESSING:lb1:2,sb1:3,sbs1(sb1):3,gf1:3,gfs1(gf1):3,awc1:3,wtfile1,proc1,fn1:0;4:FLAGS:il,in,dp,hs;4:SPECIAL:temp:1,satfrq:1,satpwr:1,satdly:1;"
0 
axis 4 2 4 0 0 4 1 0 1 64
1 "p"
11 "c" "d" "1" "2" "3" "h" "k" "m" "n" "p" "u" 
acqdim 7 1 1000000000 -1000000000 0 2 1 0 1 64
1 1 
0 
JXH 1 1 9.99999984307e+17 -9.99999984307e+17 0 2 1 0 1 64
1 110 
0 
C13refoc 2 2 8 0 0 2 1 0 1 64
1 "y"
0 
Archive2 2 2 8 0 0 2 1 0 1 64
1 ""
0 
Archive1 2 2 8 0 0 2 1 0 1 64
1 ""
0 
ACQtime 7 1 100000000 0 1 2 1 256 1 64
1 0 
0 
C13edit 4 2 4 0 0 2 1 0 1 64
1 "n"
0 
BPexpress_gui 7 1 32767 0 0 2 1 0 1 64
1 0 
0 
Gmapname 2 2 8 0 0 2 1 1 1 64
1 ""
0 
Gmap 2 2 8 0 0 2 1 1 1 64
1 "no"
0 
H1reffrq 1 1 9.99999984307e+17 -9.99999984307e+17 0 2 1 0 1 64
1 499.922475824 
0 
IPrunid 2 2 8 0 0 2 1 0 1 64
1 ""
0 
REQexp 2 2 8 0 0 4 1 256 1 64
2 ""
"ignore"
0 
N15edit 4 2 4 0 0 2 1 0 1 64
1 "y"
0 
MinSW 2 2 8 0 0 3 1 0 1 64
1 "off"
4 "off" "auto" "manual" "skip" 
PFGflg 4 2 4 0 0 2 1 0 1 64
1 "n"
0 
SPARSE 4 2 4 0 0 2 1 0 1 64
1 "n"
0 
acqcycles 1 1 9.99999984307e+17 -9.99999984307e+17 0 2 1 0 1 64
1 10 
0 
apptype 2 2 8 0 0 2 1 1 1 64
1 "vpge1_cnvct"
0 
aig 2 2 2 0 0 4 1 1 1 64
1 "ai"
2 "nm" "ai" 
adir2tmplt 2 2 8 0 0 2 1 0 1 64
1 ""
0 
acqstatus 7 1 32767 0 0 2 1 0 1 64
2 101 27 
0 
acqpath 2 2 8 0 0 2 1 0 1 64
1 ""
0 
actionid 2 2 8 0 0 4 1 0 1 64
1 "null"
0 
adirtmplt 2 2 8 0 0 2 1 0 1 64
1 ""
0 
alock 2 2 8 0 0 2 1 0 1 64
1 "n"
5 "a" "n" "s" "u" "y" 
alfa 6 1 13 13 13 2 1 8194 1 64
1 5.5 
0 
ap 2 2 1023 0 0 4 1 6 1 64
13 "1:SAMPLE:date,solvent,file;"
"1:ACQUISITION:sfrq:3,tn:2,at:3,np:0,sw:1,fb:0,bs(bs):0,ss(ss):0,tpwr(tpwr):0,pw:1,p1(p1):1,d1:3,d2(d2):3,tof:1,nt:0,ct:0,alock,gain:0;"
"1:FLAGS:il,in,dp,hs;"
"1(ni):2D ACQUISITION:sw1:1,ni:0,phase:0;"
"1(ni2):3D ACQUISITION:d3:0,sw2:1,ni2:0,phase2:0;"
"1:DISPLAY:sp:1,wp:1,vs:0,sc:0,wc:0,hzmm:2,is:2,rfl:1,rfp:1,th:0,ins:3,aig*,dcg*,dmg*;"
"1(ni):2D DISPLAY:sp1:1,wp1:1,sc2:0,wc2:0,rfl1:1,rfp1:1;"
"2:DEC. & VT:dfrq:3,dn,dpwr:0,dof:1,dm,dmm,dmf,dseq,dres:1,homo,temp(temp):1;"
"2(numrfch > 2):DEC2:dfrq2:3,dn2,dpwr2:0,dof2:1,dm2,dmm2,dmf2:0,dseq2,dres2:1,homo2;"
"2(numrfch > 3):DEC3:dfrq3:3,dn3,dpwr3:0,dof3:1,dm3,dmm3,dmf3:0,dseq3,dres3:1,homo3;"
"2:PROCESSING:cf(nf):0,lb(lb):2,sb(sb):3,sbs(sb):3,gf(gf):3,gfs(gf):3,awc(awc):3,lsfid(lsfid):0,phfid(phfid):1,wtfile,proc,fn:0,math,,werr,wexp,wbs,wnt;"
"2(ni):2D PROCESSING:lb1(lb1):3,sb1(sb1):3,sbs1(sb1):3,gf1(gf1):3,gfs1(gf1):3,awc1(awc1):3,wtfile1,proc1,fn1:0;"
"2(ni2):3D PROCESSING:lb2(lb2):2,sb2(sb2):3,sbs2(sb2):3,gf2(gf2):3,gfs2(gf2):3,awc2(awc2):3,wtfile2,proc2,fn2:0;"
0 
at 1 1 14 14 14 2 1 8203 1 64
1 0.0851968 
0 
arraydim 7 1 32768 1 1 2 1 5 1 64
1 10 
0 
array 2 2 256 0 0 2 1 1 1 64
1 "gzlvl2"
0 
archivedir 2 2 8 0 0 2 1 0 1 64
1 ""
0 
arrayelemts 1 1 9.99999984307e+17 -9.99999984307e+17 0 2 1 0 1 64
1 1 
0 
avwdir 2 2 8 0 0 3 1 0 1 64
1 ""
0 
at_ni2 1 1 9.99999984307e+17 -9.99999984307e+17 0 2 1 0 1 64
1 0.001 
0 
at_ni 1 1 9.99999984307e+17 -9.99999984307e+17 0 2 1 0 1 64
1 0.001 
0 
at_obs 1 1 9.99999984307e+17 -9.99999984307e+17 0 2 1 0 1 64
1 0.001 
0 
at_ni3 1 1 9.99999984307e+17 -9.99999984307e+17 0 2 1 0 1 64
1 0.001 
0 
awc 1 1 1 -1 0.001 3 1 1 0 64
1 0 
0 
awc1 1 1 1 -1 0.001 3 1 1 0 64
1 0 
0 
crf 1 1 9.99999984307e+17 -9.99999984307e+17 0 4 1 0 1 64
1 0 
0 
compH 1 1 9.99999984307e+17 -9.99999984307e+17 0 2 1 0 1 64
1 1.09 
0 
cf 7 1 32767 0 1 3 1 1 0 64
1 1 
0 
bs 7 1 32767 0 1 2 1 0 0 64
1 16 
0 
axisf 4 2 4 0 0 4 1 0 1 64
1 "s"
4 "m" "n" "s" "u" 
celem 1 1 9.99999984307e+17 -9.99999984307e+17 0 2 1 0 1 64
1 10 
0 
compC 1 1 9.99999984307e+17 -9.99999984307e+17 0 2 1 0 1 64
1 0.961 
0 
comment 2 2 8 0 0 3 1 0 1 64
1 ""
0 
compD 1 1 9.99999984307e+17 -9.99999984307e+17 0 2 1 0 1 64
1 1 
0 
cp 2 2 1 0 0 2 1 0 1 64
1 "y"
2 "y" "n" 
concentration 1 1 9.99e+17 -9.99e+17 0 2 1 0 1 64
1 0 
0 
compN 1 1 9.99999984307e+17 -9.99999984307e+17 0 2 1 0 1 64
1 0.984 
0 
console 2 2 8 0 0 2 1 0 1 64
1 "inova"
0 
cr 1 1 1000000000 -1000000000 0 4 1 1 1 64
1 7598.2553358 
0 
cppauseflg 4 2 4 0 0 4 1 0 1 64
1 "n"
0 
cr1 1 1 1000000000 -1000000000 0 4 1 3 1 64
1 27.1769662921 
0 
dcg 2 2 3 0 0 4 1 1 1 64
1 "cdc"
2 "dc" "cdc" 
d4 3 1 14 14 14 2 1 8192 1 64
1 0.0513 
0 
d1 3 1 14 14 14 2 1 8194 1 64
1 1.5 
0 
customflag 4 2 4 0 0 4 1 0 1 64
1 "n"
0 
ct 7 1 1000000000 0 1 2 1 6 1 64
1 0 
0 
cutoff 1 1 9.99999984307e+17 -9.99999984307e+17 0 4 1 0 0 64
1 200 
0 
d2 3 1 14 14 14 2 1 8194 1 64
1 0.0002 
0 
d3 3 1 14 14 14 2 1 8192 1 64
1 0.0513 
0 
dataProcessed 1 1 9.99999984307e+17 -9.99999984307e+17 0 3 1 0 1 64
1 0 
0 
d6 3 1 14 14 14 2 1 8192 1 64
1 1e-05 
0 
d5 3 1 14 14 14 2 1 8192 1 64
1 0.0002 
0 
date 2 2 9 0 0 2 1 1 1 64
1 "Jan  6 2006"
0 
dataid 2 2 8 0 0 2 1 0 1 64
1 ""
0 
datname 2 2 8 0 0 3 1 0 1 64
1 ""
0 
delta 1 1 5000000 0 0 4 1 1 1 64
1 599.9700015 
0 
dec2wave 2 2 8 0 0 2 1 0 1 64
1 "g"
0 
ddrpm 2 2 8 0 0 2 1 0 1 64
1 ""
0 
dcrmv 4 2 9.99999984307e+17 -9.99999984307e+17 0 4 1 0 1 64
1 "n"
2 "y" "n" 
ddrtc 6 1 13 13 13 2 1 8192 1 64
1 33.5 
0 
dec3wave 2 2 8 0 0 2 1 0 1 64
1 "g"
0 
decwave 2 2 8 0 0 2 1 0 1 64
1 "g"
0 
dfrq 5 1 1000000000 -1000000000 0 2 1 8 1 64
1 125.7144076 
0 
deltaf 1 1 100 0 0 4 1 0 1 64
1 0.99345805958 
0 
delta1 1 1 5000000 0 0 4 1 3 1 64
1 5.24017467249 
0 
density 1 1 9.99999984307e+17 -9.99999984307e+17 0 2 1 0 1 64
1 1 
0 
dfrq2 1 1 1000000000 0 0 2 1 9 1 64
1 50.6634442 
0 
dfrq3 1 1 1000000000 0 0 2 1 9 1 64
1 0 
0 
dod 3 1 14 14 14 2 1 8194 1 64
1 0.00999999977648 
0 
dm 4 2 4 0 0 2 1 0 1 64
1 "nnn"
4 "a" "n" "s" "y" 
dhp 1 1 9 9 9 2 1 8192 0 64
1 40 
0 
dglp 2 2 8 0 0 4 1 7 1 64
1 "1(lpfilt):LP:lpalg,lpopt,lpfilt:0,lpnupts:0,strtlp:0,lpext:0,strtext:0;2(lpfilt1):LP 1:lpalg1,lpopt1,lpfilt1:0,lpnupts1:0,strtlp1:0,lpext1:0,strtext1:0;3(lpfilt2):LP 2:lpalg2,lpopt2,lpfilt2:0,lpnupts2:0,strtlp2:0,lpext2:0,strtext2:0;4:LP OUTPUT:lpprint(lpfilt):0,lptrace(lpfilt):0,lpprint1(lpfilt1):0,lptrace1(lpfilt1):0,lpprint2(lpfilt2):0,lptrace2(lpfilt2):0;"
0 
dg2 2 2 1023 0 0 4 1 7 1 64
1 "1:1st DECOUPLING:dfrq:3,dn,dpwr:0,dof:1,dm,dmm,dmf:0,dseq,dres:1;2(numrfch > 2):2nd DECOUPLING:dfrq2:3,dn2,dpwr2:0,dof2:1,dm2,dmm2,dmf2:0,dseq2,dres2:1;3(ni2):3D ACQUISITION:d3:3,sw2:1,ni2:0,phase2:0;3(ni2):3D DISPLAY:rp2:1,lp2:1;3:GRADIENTS:gzlvl1:0,gt1:6,gzlvl2:0,gt2:6,gzlvl3:0,gt3:6,grise:6,gstab:6;4(ni2):3D PROCESSING:lb2:3,sb2:3,sbs2(sb2):3,gf2:3,gfs2(gf2):3,awc2:3,wtfile2,proc2,fn2:0;"
0 
dg1 2 2 1023 0 0 4 1 6 1 64
1 "1:DISPLAY:sp:1,wp:1,vs:0;1:REFERENCE:rfl:1,rfp:1,cr:1,delta:1;1:PHASE:lp:1,rp:1,rp1(ni):1,lp1(ni):1;2:CHART:sc:0,wc:0,hzmm:2,vp:0,axis,pltmod,,th:0,,ho:2,vo:2,,trace:2;3(ni):2D:sp1:1,wp1:1,sc2:0,wc2:0,rfl1:1,rfp1:1;3:FLAGS:aig*,dcg*,dmg*;3:FID:sf:3,wf:3,vf:0;4:INTEGRAL:intmod,is:2,ins:3,io:0,,lvl:3,tlt:3;"
0 
dg3 2 2 8 0 0 2 1 0 1 64
1 "1:ACQUISITION:sw:1,at:3,np:0,fb:0,bs(bs):0,ss(ss):0,pw:1,p1(p1):1,d1:3,d2(d2):3,d3(d3):3,nt:0,ct:0;2:SAMPLE:date,solvent,file;2:SPECIAL:temp:1,gain:0,spin:0;2(ni):2D ACQUISITION:sw1:1,ni:0,phase:0;2(ni2):3D ACQUISITION:sw2:1,ni2:0,phase2:0;3:RF CHANNEL 1:sfrq:3,tn,tpwr:0,tof:1,obspat;3:RF CHANNEL 2:dfrq:3,dn,dpwr:0,dof:1,dm,dmm,dmf:0,dseq,dres:1,homo,decpat;4:RF CHANNEL 3:dfrq2:3,dn2,dpwr2:0,dof2:1,dm2,dmm2,dmf2:0,dseq2,dres2:1,dec2pat;4:FLAGS:il,in,dp,hs;"
0 
dgs 2 2 1023 0 0 4 1 6 1 64
5 "1:AXIAL SHIMS:z1:0,z2:0,z3:0,z4:0,z5:0,z6:0,z7:0;"
"2:NON AXIAL SHIMS:x1:0,y1:0,xz:0,yz:0,xy:0,x2y2:0,x3:0,y3:0,xz2:0,yz2:0,zxy:0,zx2y2:0,z3x:0,z3y:0;"
"3:NON AXIAL SHIMS:z2x2y2:0,z2xy:0,zx3:0,zy3:0,z4x:0,z4y:0;"
"4:AUTOMATION:method,wshim,load,,spin:0,gain:0,alock,loc:0;"
"4:SPECIAL:temp;"
0 
disCmd 2 2 8 0 0 4 1 0 1 64
1 ""
0 
dhpwr2sel 1 1 9.99999984307e+17 -9.99999984307e+17 0 2 1 0 1 64
1 60 
0 
dhpwr 1 1 9.99999984307e+17 -9.99999984307e+17 0 2 1 0 1 64
1 57 
0 
dimension 2 2 8 0 0 2 1 0 1 64
1 ""
0 
displaymode 4 2 9.99999984307e+17 -9.99999984307e+17 0 4 1 0 1 64
1 "r"
0 
dlp 7 1 10 10 10 2 1 8194 0 64
1 10 
0 
dmm2 4 2 4 0 0 2 1 0 1 64
1 "ccp"
9 "c" "f" "g" "m" "p" "r" "u" "w" "x" 
dmf3 7 1 2000000 1 0 2 1 2 1 64
1 25000 
0 
dmf 7 1 11 11 11 2 1 8194 1 64
1 25316 
0 
dm2 4 2 4 0 0 2 1 0 1 64
1 "nny"
4 "a" "n" "s" "y" 
dm3 4 2 4 0 0 2 1 0 1 64
1 "n"
4 "a" "n" "s" "y" 
dmf2 7 1 2000000 1 0 2 1 2 1 64
1 12903 
0 
dmg1 2 2 8 0 0 4 1 0 1 64
1 "av1"
4 "" "av1" "ph1" "pwr1" 
dmg 2 2 2 0 0 4 1 3 1 64
1 "ph"
0 
dmm 4 2 4 0 0 2 1 0 1 64
1 "ccg"
9 "c" "f" "g" "m" "p" "r" "u" "w" "x" 
dn3 2 2 8 0 0 2 1 8 1 64
1 ""
0 
dn2ref 2 2 8 0 0 4 1 1 1 64
1 ""
0 
dn 2 2 4 0 0 2 1 8 1 64
1 "C13"
0 
dmm3 4 2 4 0 0 2 1 0 1 64
1 "c"
9 "c" "f" "g" "m" "p" "r" "u" "w" "x" 
dn2 2 2 8 0 0 2 1 8 1 64
1 "N15"
0 
dn2shapes 2 2 8 0 0 2 1 256 1 64
3 ""
""
""
0 
dn3shapes 2 2 8 0 0 2 1 256 1 64
3 ""
""
""
0 
dn3ref 2 2 8 0 0 4 1 1 1 64
1 ""
0 
dnref 2 2 8 0 0 4 1 1 1 64
1 ""
0 
dn4ref 2 2 8 0 0 4 1 1 1 64
1 ""
0 
dnshapes 2 2 8 0 0 2 1 256 1 64
3 ""
""
""
0 
dres3 7 1 360 1 0 2 1 0 1 64
1 90 
0 
dpwr3 1 1 21 21 21 2 1 8194 1 64
1 1 
0 
dotflag 2 2 8 0 0 4 1 0 1 64
1 "n"
2 "n" "y" 
dof2 5 1 16 16 16 2 1 8202 1 64
1 1775 
0 
dof 5 1 8 8 8 2 1 8202 1 64
1 -3112.4 
0 
dof3 5 1 20 20 20 2 1 8202 1 64
1 0 
0 
dpwr 1 1 9 9 9 2 1 8194 1 64
1 40 
0 
dp 2 2 1 0 0 2 1 0 1 64
1 "y"
2 "y" "n" 
dpf_wc2 1 1 9.99999984307e+17 -9.99999984307e+17 0 4 1 0 1 64
1 155 
0 
dpwr2 1 1 18 18 18 2 1 8194 1 64
1 38 
0 
dres 7 1 360 1 0 2 1 0 1 64
1 90 
0 
dreffrq2 1 1 9.99999984307e+17 -9.99999984307e+17 0 2 1 0 1 64
1 50.6567045435 
0 
dreffrq 1 1 9.99999984307e+17 -9.99999984307e+17 0 2 1 0 1 64
1 125.705271583 
0 
dreffrq3 1 1 9.99999984307e+17 -9.99999984307e+17 0 2 1 0 1 64
1 0 
0 
dres2 7 1 360 1 0 2 1 0 1 64
1 9 
0 
emailaddr 2 2 8 0 0 4 1 0 1 64
1 ""
0 
dss_wc 1 1 9.99999984307e+17 -9.99999984307e+17 0 4 1 0 1 64
1 237.5 
0 
dseq3 2 2 8 0 0 2 1 0 1 64
1 ""
0 
dseq 2 2 8 0 0 2 1 0 1 64
1 "wurst80"
0 
dseq2 2 2 8 0 0 2 1 0 1 64
1 "wurst40N"
0 
dss_sc 1 1 9.99999984307e+17 -9.99999984307e+17 0 4 1 0 1 64
1 0 
0 
dss_sc2 1 1 9.99999984307e+17 -9.99999984307e+17 0 4 1 0 1 64
1 0 
0 
dutyc 1 1 9.99999984307e+17 -9.99999984307e+17 0 2 1 0 1 64
1 0.1 
0 
dss_wc2 1 1 9.99999984307e+17 -9.99999984307e+17 0 4 1 0 1 64
1 154.5 
0 
eOptions 2 2 8 0 0 4 1 264 1 64
1 ""
0 
explabel 2 2 8 0 0 2 1 0 1 64
1 "NH_diffusion"
0 
emessage 4 2 4 0 0 2 1 0 1 64
1 "n"
0 
emailwhen 2 2 8 0 0 2 1 0 1 64
1 ""
0 
empty_noise 1 1 9.99999984307e+17 -9.99999984307e+17 0 2 1 0 1 64
1 0 
0 
execprocess 2 2 8 0 0 2 1 0 1 64
1 " return "
0 
exppath 2 2 8 0 0 2 1 0 1 64
1 "/export/home/biopack/vnmrsys/exp12/acqfil"
0 
explist 2 2 8 0 0 2 1 256 1 64
1 ""
0 
f2SW 2 2 8 0 0 2 1 1 1 64
1 ""
0 
f1SW 2 2 8 0 0 2 1 1 1 64
1 ""
0 
faculty 2 2 8 0 0 2 1 0 1 64
1 ""
0 
ho 1 1 500 -500 0 4 1 1 1 64
1 -5.55555555556 
0 
gt0 1 1 9.99999984307e+17 -9.99999984307e+17 0 2 1 0 1 64
1 0.001 
0 
gf 1 1 100000 0 0 3 1 1 0 64
1 0.0306269153953 
0 
fn 7 1 524288 64 -2 3 1 1 0 64
1 2048 
0 
filter 7 1 1000000000 0 1 2 1 2 1 64
1 54.0999984741 
0 
fidid 2 2 8 0 0 2 1 0 1 64
1 ""
0 
fdfdir 2 2 8 0 0 3 1 0 1 64
1 ""
0 
fdffile 2 2 8 0 0 3 1 0 1 64
1 ""
0 
file 2 2 6 0 0 2 1 3 1 64
1 "/rpdnmr/applab/data/etishche/et_biopack_update/parlib_src//NH_diffusion.par"
0 
filename 2 2 8 0 0 2 1 1 1 64
1 ""
0 
filtfile 2 2 8 0 0 2 1 0 1 64
1 ""
0 
finepwrf 1 1 9.99999984307e+17 -9.99999984307e+17 0 2 1 0 1 64
1 787 
0 
fpmult1 1 1 1000000000 0 0 3 2 0 0 64
1 0.5 
0 
fn_ni2 7 1 32767 0 0 2 1 0 1 64
1 512 
0 
fn_ni 7 1 32767 0 0 2 1 0 1 64
1 1024 
0 
fn1 7 1 524288 64 -2 3 1 1 1 64
1 1024 
0 
fn_obs 7 1 32767 0 0 2 1 0 1 64
1 4096 
0 
fn_ni3 7 1 32767 0 0 2 1 0 1 64
1 256 
0 
fpmult 1 1 1000000000 0 0 3 1 0 1 64
1 0.5 
0 
fzoom 7 1 32767 0 0 4 1 0 1 64
1 0 
0 
ftproc 1 1 9.99999984307e+17 -9.99999984307e+17 0 3 1 256 1 64
2 1 0 
0 
gain 1 1 60 0 2 2 1 0 1 64
1 18 
0 
gain2 1 1 60 0 2 2 1 1 1 64
1 30 
0 
gfs1 1 1 1000 -1000 0.001 3 1 1 0 64
1 0 
0 
gf1 1 1 100000 0 0 3 1 1 1 64
1 0.023562 
0 
gfs 1 1 1000 -1000 0.001 3 1 1 0 64
1 0.0307052861899 
0 
grise 3 1 14 14 14 2 1 8192 0 64
1 1e-05 
0 
gradsign 1 1 9.99999984307e+17 -9.99999984307e+17 0 2 1 0 1 64
1 1 
0 
gradalt 1 1 9.99999984307e+17 -9.99999984307e+17 0 2 1 0 1 64
1 1 
0 
gt 3 1 14 14 14 2 1 8192 1 64
1 0.002 
0 
gstab 3 1 14 14 14 2 1 8192 1 64
1 0.0003 
0 
gzlvl1 1 1 32768 -32768 1 2 1 0 1 64
1 5000 
0 
gt3 3 1 14 14 14 2 1 8192 1 64
1 0.004 
0 
gt2 3 1 14 14 14 2 1 8192 1 64
1 0.004 
0 
gt1 3 1 14 14 14 2 1 8192 1 64
1 0.002 
0 
gzlvl 1 1 9.99999984307e+17 -9.99999984307e+17 0 2 1 0 1 64
1 4000 
0 
gxppars 2 2 8 0 0 2 1 0 1 64
1 ""
0 
gt4 3 1 14 14 14 2 1 8192 1 64
1 0.001 
0 
gzcal 1 1 9.99999984307e+17 -9.99999984307e+17 0 2 1 0 1 64
1 0.001774 
0 
gzlvl0 1 1 9.99999984307e+17 -9.99999984307e+17 0 2 1 0 1 64
1 4000 
0 
gzwin 1 1 9.99999984307e+17 -9.99999984307e+17 0 2 1 0 1 64
1 0 
0 
gzlvl4 1 1 9.99999984307e+17 -9.99999984307e+17 0 2 1 0 1 64
1 3500 
0 
gzlvl3 1 1 32768 -32768 1 2 1 0 1 64
1 3000 
0 
gzlvl2 1 1 32768 -32768 1 2 1 0 1 64
10 2000 5000 8000 11000 14000 17000 20000 23000 26000 30000 
0 
gzsize 1 1 9.99999984307e+17 -9.99999984307e+17 0 2 1 0 1 64
1 0 
0 
hdpwr 7 1 49 -16 1 2 1 2 1 64
1 1 
0 
hdof 5 1 7 7 7 2 1 8194 1 64
1 0 
0 
hdfrqw 1 1 9.99999984307e+17 -9.99999984307e+17 0 2 1 256 0 64
1 10 
0 
hdfrqc 5 1 1000000000 -1000000000 0 2 1 256 0 64
1 0 
0 
hdmf 1 1 9.99999984307e+17 -9.99999984307e+17 0 2 1 0 1 64
1 1000 
0 
hdpsmode 4 2 4 0 0 2 1 0 1 64
1 "n"
0 
hdres 1 1 9.99999984307e+17 -9.99999984307e+17 0 2 1 0 1 64
1 0.9 
0 
hdpwrf 1 1 9.99999984307e+17 -9.99999984307e+17 0 2 1 0 1 64
1 4095 
0 
hdwave 2 2 8 0 0 2 1 0 1 64
1 "SEDUCE1"
0 
hdseq 2 2 8 0 0 2 1 0 1 64
1 ""
0 
hdwshimlist 2 2 8 0 0 2 1 0 1 64
1 ""
0 
insref 1 1 9.99999984307e+17 -9.99999984307e+17 0 4 1 0 0 64
1 1 
0 
hzmm 1 1 1000000000 -1000000000 0 4 1 11 1 64
1 50.6072874494 
0 
homo3 4 2 4 0 0 2 1 0 1 64
1 "n"
2 "n" "y" 
homo2 4 2 4 0 0 2 1 0 1 64
1 "n"
2 "n" "y" 
homo 2 2 8 0 0 2 1 8 1 64
1 "n"
2 "n" "y" 
hs 4 2 4 0 0 2 1 0 1 64
1 "nn"
2 "n" "y" 
homorof2 6 1 13 13 13 2 1 8192 1 64
1 2 
0 
homorof1 6 1 13 13 13 2 1 8192 1 64
1 2 
0 
homorof3 6 1 13 13 13 2 1 8192 1 64
1 2 
0 
hst 3 1 0.02 0 2.5e-08 2 1 2 1 64
1 0.00800000037998 
0 
in 4 2 1 0 0 2 1 0 1 64
1 "n"
3 "n" "w" "y" 
il 2 2 1 0 0 2 1 0 1 64
1 "y"
2 "y" "n" 
ident 2 2 8 0 0 3 1 0 1 64
1 ""
0 
ins2 1 1 9.99999984307e+17 -9.99999984307e+17 0 4 1 0 1 64
1 100 
0 
ins 3 1 8190 0 1e-07 4 1 3 1 64
1 100 
0 
ins2ref 1 1 9.99999984307e+17 -9.99999984307e+17 0 4 1 0 0 64
1 1 
0 
load 2 2 4 0 0 2 1 3 1 64
1 "n"
2 "y" "n" 
lb1 1 1 100000 -100000 0 3 1 1 0 64
1 0.318309992552 
0 
io 1 1 500 -500 0.1 4 1 1 1 64
1 14.5945944065 
0 
intstd 2 2 8 0 0 2 1 0 1 64
1 ""
0 
intmod 2 2 8 0 0 4 1 0 1 64
1 "off"
3 "off" "partial" "full" 
investigator 2 2 8 0 0 2 1 0 1 64
1 ""
0 
layout 2 2 8 0 0 4 1 0 1 64
1 "NH_diffusion"
0 
is 1 1 1000000000 1e-06 0 4 1 3 1 64
1 72352.624768 
0 
iswt 1 1 9.99999984307e+17 -9.99999984307e+17 0 2 1 0 1 64
1 0 
0 
lb 1 1 100000 -100000 0 3 1 1 0 64
1 12 
0 
llamp 1 1 1000000000 0 0 4 1 0 0 64
30 0.000138371295179 6.7827400926e-05 6.72447058605e-05 0.000122840428958 0.000111863191705 0.00033560936572 0.000439720693976 0.000382245605579 0.00065307575278 0.00052409741329 0.000526430318132 0.000490301754326 0.000545620336197 0.000256280181929 0.000266517541604 0.000215582243982 0.000247144489549 0.000651130860206 0.000472429965157 0.000136363567435 8.04474984761e-05 0.000725256744772 0.000378390221158 0.000227552969591 9.01387975318e-05 7.29254534235e-05 3.60265257768e-05 4.15004433307e-05 3.98696938646e-05 4.56078050775e-05 
0 
liamp 1 1 1000000000 0 0 4 1 0 0 64
8 0 0 0 0 0 0 0 0.0306547116488 
0 
lifrq 1 1 1000000000 -1000000000 0 4 1 0 0 64
1 0 
0 
llfrq 1 1 1000000000 -1000000000 0 4 1 0 0 64
30 9028.11304747 8908.73425079 8617.97730426 8431.21906405 8336.74136606 8246.6579796 8227.61596295 8202.71486426 8155.84220789 8103.11046948 8069.42074771 8036.46341121 7999.11176316 7930.26754912 7901.70452415 7862.8881056 7834.32508062 7682.72133268 7625.59528274 7545.03290461 7413.93594383 7275.51513049 7222.05100683 7182.50220302 7055.79955377 6966.44855257 2085.10082308 1163.02778611 982.861013199 419.656751537 
0 
lllabel 2 2 8 0 0 3 1 0 1 64
1 ""
0 
lpopt 2 2 8 0 0 3 1 0 1 64
1 "b"
0 
lpalg1 2 2 8 0 0 3 1 0 1 64
1 "lpfft"
0 
lp 1 1 3600 -3600 0.1 4 1 3 1 64
1 0 
0 
longlist 2 2 8 0 0 2 1 256 1 64
1 ""
0 
locdir 2 2 8 0 0 2 1 0 1 64
1 ""
0 
lot 2 2 8 0 0 2 1 0 1 64
1 ""
0 
lp1 1 1 3600 -3600 0.1 4 1 3 1 64
1 0 
0 
lpalg 2 2 8 0 0 3 1 0 1 64
1 "lpfft"
0 
lpfilt 7 1 32767 1 1 3 1 0 1 64
1 32 
0 
lpext 7 1 1000000 0 1 3 1 0 1 64
1 1 
0 
lpext1 7 1 1000000 0 1 3 1 0 1 64
1 1 
0 
lpnupts 7 1 1000000 1 1 3 1 0 1 64
1 64 
0 
lpfilt1 7 1 32767 1 1 3 1 0 1 64
1 32 
0 
lpnupts1 7 1 1000000 1 1 3 1 0 1 64
1 64 
0 
lsfrq 1 1 9.99999984307e+17 -9.99999984307e+17 0 3 1 0 0 64
1 0 
0 
lptrace 7 1 32767 0 1 3 1 0 1 64
1 0 
0 
lpprint 7 1 63 0 1 3 1 0 1 64
1 0 
0 
lpopt1 2 2 8 0 0 3 1 0 1 64
1 "b"
0 
lpprint1 7 1 63 0 1 3 1 0 1 64
1 0 
0 
lsfid 7 1 64000 -64000 1 3 1 0 0 64
1 0 
0 
lptrace1 7 1 32767 0 1 3 1 0 1 64
1 0 
0 
lvl 1 1 1000000000 -1000000000 0 4 1 1 1 64
1 0 
0 
lsfrq1 1 1 9.99999984307e+17 -9.99999984307e+17 0 3 1 0 0 64
1 0 
0 
math 2 2 1 0 0 3 1 3 1 64
1 "f"
3 "d" "f" "i" 
macro 2 2 6 0 0 4 1 3 1 64
1 ""
0 
spin 1 1 39 0 1 2 1 0 0 64
1 0 
0 
pwxsel 6 1 13 13 13 2 1 8192 1 64
1 37 
0 
preacq 6 1 13 13 13 2 1 8192 0 64
1 0 
0 
p2 6 1 13 13 13 2 1 8192 1 64
1 6.925 
0 
nt 7 1 1000000000 1 1 2 1 2 1 64
1 8 
0 
name 2 2 8 0 0 3 1 0 1 64
1 ""
0 
n2 2 2 6 0 0 4 1 3 1 64
1 ""
0 
modules 2 2 8 0 0 2 1 1 1 64
1 ""
0 
mfslp 4 2 4 0 0 2 1 0 1 64
1 "n"
0 
n1 2 2 6 0 0 4 1 3 1 64
1 "/export/home/biopack/vnmrsys/data/laurent/2H_15N/diff_1d_15n_jan06"
0 
n3 2 2 6 0 0 4 1 3 1 64
1 "gzcal"
0 
notebook 2 2 8 0 0 2 1 0 1 64
1 ""
0 
newmodules 2 2 8 0 0 2 1 1 1 64
1 ""
0 
nameprefix 2 2 8 0 0 2 1 9 1 64
1 ""
0 
np 7 1 524288 32 2 2 1 11 1 64
1 2048 
0 
oscoef 7 1 49999 3 2 2 1 1 1 64
1 31 
0 
nuc_obs 2 2 8 0 0 2 1 0 1 64
1 "N/A!"
0 
nuc_ni2 2 2 8 0 0 2 1 0 1 64
1 "N/A!"
0 
nuc_ni 2 2 8 0 0 2 1 0 1 64
1 "N/A!"
0 
nuc_ni3 2 2 8 0 0 2 1 0 1 64
1 "CO"
0 
obsSW 2 2 8 0 0 2 1 1 1 64
1 ""
0 
operator_ 2 2 8 0 0 2 1 0 1 64
1 "et"
0 
osfilt 2 2 8 0 0 2 1 0 1 64
1 "a"
5 "a" "A" "b" "B" "" 
osfb 1 1 100000 0 0 2 1 1 0 64
1 0 
0 
oversamp 7 1 32767 0 0 2 1 0 0 64
1 1 
0 
oslsfrq 1 1 9.99999984307e+17 -9.99999984307e+17 0 2 1 1 0 64
1 0 
0 
p1 6 1 13 13 13 2 1 8194 1 64
1 6.925 
0 
phfid 1 1 3600 -3600 0.1 3 1 0 0 64
1 0 
0 
paramChanged 1 1 9.99999984307e+17 -9.99999984307e+17 0 2 1 0 1 64
1 0 
0 
page 2 2 8 0 0 2 1 0 1 64
1 ""
0 
pad 3 1 14 14 14 2 1 8194 1 64
1 0 
0 
parver 2 2 8 0 0 2 1 0 1 64
1 "VnmrJ VERSION 4.2 REVISION devel"
0 
parlabel 2 2 8 0 0 2 1 5 1 64
1 ""
0 
parversion 1 1 9.99999984307e+17 -9.99999984307e+17 0 2 1 4 1 64
1 5.1 
0 
pmode 2 2 8 0 0 3 1 0 1 64
1 "full"
0 
plocklist 2 2 8 0 0 2 1 1 1 64
1 ""
0 
phincr1 7 1 32767 0 0 2 1 0 1 64
1 0 
0 
phfid1 1 1 3600 -3600 0.1 3 1 0 0 64
1 0 
0 
pltmod 2 2 8 0 0 4 1 0 1 64
1 "fixed"
5 "off" "fixed" "full" "variable" "user" 
plotoption 2 2 8 0 0 4 1 0 1 64
1 ""
0 
pltopt 4 2 4 0 0 2 1 0 1 64
1 "y"
0 
pp 6 1 13 13 13 2 1 8192 1 64
1 15 
0 
position2 2 2 8 0 0 3 1 0 1 64
1 ""
0 
position1 2 2 8 0 0 3 1 0 1 64
1 ""
0 
pplvl_cf 1 1 9.99999984307e+17 -9.99999984307e+17 0 2 1 0 1 64
1 1 
0 
pplvl 1 1 9 9 9 2 1 8192 1 64
1 55 
0 
prcopt 4 2 4 0 0 2 1 0 1 64
1 "y"
0 
pwClvl 1 1 63 -37 0.5 2 1 0 1 64
1 62 
0 
processid 1 1 9.99999984307e+17 -9.99999984307e+17 0 2 1 0 1 64
1 0 
0 
proc 2 2 10 0 0 3 1 1 1 64
1 "ft"
0 
priority 7 1 32768 0 1 2 1 0 1 64
1 5 
0 
prescan 2 2 8 0 0 3 1 256 1 64
11 "Not done"
"Not done"
"off"
"off"
"off"
"off"
"off"
"on"
"on"
""
""
0 
proc_ni2 2 2 8 0 0 2 1 0 1 64
1 "BPexpress_setup_proc('ni2')"
0 
proc_3d 2 2 8 0 0 2 1 0 1 64
1 "BPexpress_setup_proc('3d')"
0 
proc1 2 2 10 0 0 3 2 1 1 64
1 "ft"
0 
proc_ni 2 2 8 0 0 2 1 0 1 64
1 "BPexpress_setup_proc('ni')"
0 
proc_obs 2 2 8 0 0 2 1 0 1 64
1 "BPexpress_setup_proc('obs')"
0 
proc_nus_cmd 2 2 8 0 0 2 1 0 1 64
1 "BPexpress_setup_proc('nus')"
0 
procdim 7 1 1000000000 -1000000000 0 3 1 0 1 64
1 0 
0 
pw90 6 1 13 13 13 2 1 8194 1 64
1 4.7 
0 
pslabel 2 2 8 0 0 2 1 11 1 64
1 "NH_diffusion"
0 
protocols 2 2 8 0 0 3 1 0 1 64
1 ""
0 
pw 6 1 10000 0 0.0125 2 1 2 1 64
1 4.7 
0 
pwC 6 1 13 13 13 2 1 8192 1 64
1 13 
0 
pwsl 6 1 13 13 13 2 1 8192 1 64
1 1790 
0 
pwN 6 1 13 13 13 2 1 8192 1 64
1 31 
0 
pwHs2 6 1 13 13 13 2 1 8192 1 64
1 1420 
0 
pwHs 6 1 13 13 13 2 1 8192 1 64
1 1420 
0 
pwNlvl 1 1 63 -37 0.5 2 1 0 1 64
1 61 
0 
pwx2 6 1 13 13 13 2 1 8192 1 64
1 15 
0 
pwx 6 1 13 13 13 2 1 8192 1 64
1 15 
0 
pwsl1 6 1 13 13 13 2 1 8192 1 64
1 1790 
0 
pwx2lvl_cf 1 1 9.99999984307e+17 -9.99999984307e+17 0 2 1 0 1 64
1 1 
0 
pwx2lvl 1 1 18 18 18 2 1 8192 1 64
1 55 
0 
pwxlvl 1 1 9 9 9 2 1 8192 1 64
1 55 
0 
pwxlvl_cf 1 1 9.99999984307e+17 -9.99999984307e+17 0 2 1 0 1 64
1 1 
0 
rp1 1 1 3600 -3600 0.1 4 1 3 1 64
1 0 
0 
ref 5 1 1000000000 -1000000000 0 3 4 0 1 64
1 0 
0 
r5 1 1 1e+18 -1e+18 0 4 1 1 1 64
1 0 
0 
r3 1 1 1e+18 -1e+18 0 4 1 1 1 64
1 0 
0 
r2 1 1 1e+18 -1e+18 0 4 1 1 1 64
1 0 
0 
r1 1 1 1e+18 -1e+18 0 4 1 1 1 64
1 0 
0 
r4 1 1 1e+18 -1e+18 0 4 1 1 1 64
1 0 
0 
r7 1 1 1e+18 -1e+18 0 4 1 1 1 64
1 0 
0 
r6 1 1 1e+18 -1e+18 0 4 1 1 1 64
1 0 
0 
rcvrs 4 2 4 0 0 2 1 1 1 64
1 "y"
2 "n" "y" 
rfband 4 2 4 0 0 2 1 0 1 64
1 "cccc"
3 "c" "h" "l" 
reffrq 1 1 9.99999984307e+17 -9.99999984307e+17 0 4 1 0 1 64
1 599.374095576 
0 
ref_pw90 6 1 13 13 13 2 1 8192 1 64
1 5.1 
0 
ref1 5 1 1000000000 -1000000000 0 3 1 0 1 64
1 0 
0 
ref_pwr 1 1 9.99999984307e+17 -9.99999984307e+17 0 2 1 0 1 64
1 60 
0 
refpos 1 1 9.99999984307e+17 -9.99999984307e+17 0 4 1 0 1 64
1 0 
0 
reffrq1 1 1 9.99999984307e+17 -9.99999984307e+17 0 4 1 0 1 64
1 150.757477 
0 
researchgroup 2 2 8 0 0 2 1 0 1 64
1 ""
0 
retentiontime_ 2 2 8 0 0 2 1 0 1 64
1 ""
0 
rfp1 1 1 1000000000 -1000000000 0 4 1 1 1 64
1 0 
0 
rfl1 1 1 1000000000 -1000000000 0 4 1 1 1 64
1 0 
0 
rfl 1 1 1000000000 -1000000000 0 4 1 1 1 64
1 3235.29136856 
0 
rfp 1 1 1000000000 -1000000000 0 4 1 1 1 64
1 0 
0 
rof2 6 1 13 13 13 2 1 8194 1 64
1 28 
0 
rof1 6 1 13 13 13 2 1 8194 1 64
1 10 
0 
rp 1 1 3600 -3600 0.1 4 1 3 1 64
1 150.555839304 
0 
sc2 1 1 3 3 3 4 1 8195 1 64
1 0 
0 
satpwr 1 1 9.99999984307e+17 -9.99999984307e+17 0 2 1 0 1 64
1 6 
0 
sas 7 1 10000000 0 0 3 1 1 0 64
1 0 
0 
samplename 2 2 8 0 0 2 1 8 1 64
1 ""
0 
sample 2 2 8 0 0 2 1 1 1 64
1 ""
0 
sa 7 1 10000000 0 0 3 1 1 0 64
1 1024 
0 
sample_noise 1 1 9.99999984307e+17 -9.99999984307e+17 0 2 1 0 1 64
1 0 
0 
sampling 4 2 4 0 0 2 1 0 1 64
1 ""
0 
sampleowner 2 2 8 0 0 2 1 0 1 64
1 ""
0 
sampwt 1 1 9.99999984307e+17 -9.99999984307e+17 0 2 1 0 1 64
1 0 
0 
satfrq 1 1 9.99999984307e+17 -9.99999984307e+17 0 2 1 0 1 64
1 -222 
0 
satdly 1 1 9.99999984307e+17 -9.99999984307e+17 0 2 1 0 1 64
1 0 
0 
satmode 4 2 4 0 0 2 1 0 1 64
1 "n"
0 
sb1 1 1 1000 -1000 0.001 3 1 1 0 64
1 0 
0 
sb 1 1 1000 -1000 0.001 3 1 0 1 64
1 -0.085 
0 
saveshapes 2 2 8 0 0 2 1 256 1 64
1 ""
0 
sbs1 1 1 1000 -1000 0.001 3 1 1 0 64
1 0 
0 
sbs 1 1 1000 -1000 0.001 3 1 1 1 64
1 -0.085 
0 
sc 1 1 1 1 1 4 1 8195 1 64
1 3.125 
0 
sfrq 1 1 1000000000 0 0 2 1 11 1 64
1 499.9247528 
0 
seqfil 2 2 8 0 0 2 1 11 1 64
1 "NH_diffusion"
0 
scoutinfo 2 2 8 0 0 2 1 256 1 64
1 ""
0 
scans 2 2 8 0 0 3 1 0 1 64
1 ""
0 
sdirtmplt 2 2 8 0 0 2 1 0 1 64
1 ""
0 
sf 1 1 8190 0 1e-07 4 1 3 1 64
1 0 
0 
setup_nus_cmd 2 2 8 0 0 2 1 0 1 64
1 "BPexpress_setup_nus"
0 
sf1 1 1 9.99999984307e+17 -9.99999984307e+17 0 4 1 0 1 64
1 0 
0 
solvent 2 2 6 0 0 2 1 11 1 64
1 "D2O"
0 
shims 2 2 8 0 0 2 1 0 1 64
1 ""
0 
sn 1 1 1e+18 -1e+18 0 3 1 1 1 64
1 0 
0 
sp 1 1 1000000000 -1000000000 0 4 1 3 1 64
1 -3235.29136856 
0 
sp1 1 1 1000000000 -1000000000 0 4 1 3 1 64
1 0 
0 
vo 1 1 500 -500 0 4 1 1 1 64
1 16 
0 
time_processed 2 2 8 0 0 3 1 0 1 64
1 "20060307T160128"
0 
study 2 2 8 0 0 3 1 0 1 64
1 ""
0 
sslsfrq 1 1 9.99999984307e+17 -9.99999984307e+17 0 3 1 0 0 64
1 0 
0 
ss 7 1 32767 -32768 0 2 1 0 1 64
1 4 
0 
sreffrq 1 1 9.99999984307e+17 -9.99999984307e+17 0 2 1 0 1 64
1 499.922475824 
0 
srate 7 1 32767 0 1 2 1 0 1 64
1 25 
0 
ssfilter 1 1 50000 10 0.1 3 1 0 1 64
1 200 
0 
strtext 7 1 1000000 1 1 3 1 0 1 64
1 1 
0 
ssorder 7 1 20 1 1 3 1 0 0 64
1 7 
0 
ssntaps 7 1 2500 0 1 3 1 0 1 64
1 200 
0 
sspul 4 2 4 0 0 2 1 0 1 64
1 "n"
0 
strtlp 7 1 1000000 1 1 3 1 0 1 64
1 2 
0 
strtext1 7 1 1000000 1 1 3 1 0 1 64
1 1 
0 
strtlp1 7 1 1000000 1 1 3 1 0 1 64
1 2 
0 
strtpar 2 2 8 0 0 2 1 0 1 64
1 ""
0 
temp 1 1 200 -150 0.1 2 1 8 1 64
1 25 
0 
svftmplt 2 2 8 0 0 2 1 0 1 64
1 ""
0 
studystatus 2 2 8 0 0 2 1 0 1 64
1 ""
0 
studyowner 2 2 8 0 0 2 1 0 1 64
1 "et"
0 
svfopt 4 2 4 0 0 2 1 0 1 64
1 "y"
0 
sw 1 1 5 5 5 2 1 8203 1 64
1 12019.2307692 
0 
tau 3 1 14 14 14 2 1 8192 1 64
1 0.0042 
0 
time_complete 2 2 8 0 0 2 1 0 1 64
1 "20060106T101313"
0 
th 1 1 1000000000 0 0 4 1 1 1 64
1 4.68481030312 
0 
text_string 2 2 8 0 0 4 1 256 1 64
1 ""
0 
time_exp 2 2 8 0 0 2 1 0 1 64
1 ""
0 
time_plotted 2 2 8 0 0 3 1 0 1 64
1 ""
0 
tpwrsf_i 1 1 9.99999984307e+17 -9.99999984307e+17 0 2 1 0 1 64
1 2000 
0 
tn 2 2 4 0 0 2 1 8 1 64
1 "H1"
0 
time_submitted_local 2 2 8 0 0 2 1 0 1 64
1 "20060106T074105X07AMFriJan"
0 
time_saved 2 2 8 0 0 2 1 0 1 64
1 "20140403T165022"
0 
time_run 2 2 8 0 0 2 1 0 1 64
1 "20060106T074106"
0 
time_submitted 2 2 8 0 0 2 1 0 1 64
1 "20060106T074105"
0 
tin 2 2 1 0 0 2 1 2 1 64
1 "n"
3 "n" "w" "y" 
time_svfdate 2 2 8 0 0 2 1 0 1 64
1 "20060106T074105"
0 
tlt 1 1 1000000000 -1000000000 0 4 1 1 1 64
1 0 
0 
tpwr 1 1 63 -37 0.5 2 1 2 1 64
1 60 
0 
tnshapes 2 2 8 0 0 2 1 256 1 64
3 ""
""
""
0 
tnref 2 2 8 0 0 4 1 1 1 64
1 ""
0 
tof 5 1 7 7 7 2 1 8202 1 64
1 -222.6 
0 
tpwrsf_d 1 1 9.99999984307e+17 -9.99999984307e+17 0 2 1 0 1 64
1 2600 
0 
tpwr_cf 1 1 9.99999984307e+17 -9.99999984307e+17 0 2 1 0 1 64
1 1 
0 
tpwrsl1 1 1 9.99999984307e+17 -9.99999984307e+17 0 2 1 0 1 64
1 11 
0 
tpwrsf_u 1 1 9.99999984307e+17 -9.99999984307e+17 0 2 1 0 1 64
1 1800 
0 
tpwrsf_t 1 1 9.99999984307e+17 -9.99999984307e+17 0 2 1 0 1 64
1 2570 
0 
tpwrsf_n 1 1 9.99999984307e+17 -9.99999984307e+17 0 2 1 0 1 64
1 2030 
0 
tpwrsl 1 1 9.99999984307e+17 -9.99999984307e+17 0 2 1 0 1 64
1 11 
0 
username 2 2 8 0 0 2 1 0 1 64
1 "irina"
0 
trace 2 2 2 0 0 4 1 3 1 64
1 "f1"
2 "f1" "f2" 
tunemethod 2 2 8 0 0 2 1 0 1 64
1 "lohi"
0 
vf 1 1 1000000000 0 0 4 1 3 1 64
1 84733.3546661 
0 
userplotter 2 2 8 0 0 4 1 0 1 64
1 ""
0 
userprocess 2 2 8 0 0 2 1 0 1 64
1 "return"
0 
vjdialog 2 2 8 0 0 4 1 256 1 64
1 ""
0 
vjdialogarg 2 2 8 0 0 4 1 256 1 64
1 ""
0 
xy 7 1 19 19 19 2 1 8192 1 64
1 -1064 
0 
wc2 1 1 4 4 4 4 1 8195 1 64
1 154.5 
0 
vs 1 1 1000000000 1e-06 0 4 1 3 1 64
1 49637.5942168 
0 
vpf 1 1 500 -500 0 4 1 0 1 64
1 0 
0 
vp 7 1 500 -500 0.1 4 1 3 1 64
1 0 
0 
volume 1 1 9.99999984307e+17 -9.99999984307e+17 0 2 1 0 1 64
1 0 
0 
vpfi 1 1 500 -500 0 4 1 0 1 64
1 0 
0 
vtc 1 1 255 0 1 2 1 2 1 64
1 25 
0 
vsproj 1 1 1000000000 1e-06 0 4 1 3 1 64
1 450448.156292 
0 
vs2d 1 1 1000000000 1e-06 0 4 1 3 1 64
1 450448.156292 
0 
wbs 2 2 6 0 0 3 1 3 1 64
1 ""
0 
vtwait 3 1 14 14 14 2 1 8194 1 64
1 0 
0 
wc 1 1 2 2 2 4 1 8203 1 64
1 237.5 
0 
wp1 1 1 100000 0 0 4 1 3 1 64
1 3770.0865725 
0 
wf 1 1 8190 0 1e-07 4 1 3 1 64
1 0.0851968 
0 
werr 2 2 6 0 0 3 1 3 1 64
1 "return"
0 
wdone 2 2 8 0 0 3 1 0 1 64
1 ""
0 
wds 2 2 8 0 0 3 1 0 1 64
1 ""
0 
wexp 2 2 6 0 0 3 1 3 1 64
1 ""
0 
wnt 2 2 6 0 0 3 1 3 1 64
1 ""
0 
wf1 1 1 9.99999984307e+17 -9.99999984307e+17 0 4 1 0 1 64
1 0.0339514749963 
0 
wp 1 1 5000000 0 0 4 1 11 1 64
1 12019.2307692 
0 
wtfile1 2 2 15 0 0 3 2 1 1 64
1 ""
0 
wstart 2 2 8 0 0 3 1 0 1 64
1 ""
0 
wrtp 2 2 8 0 0 3 1 0 1 64
1 ""
0 
wqinit 2 2 8 0 0 4 1 0 1 64
1 ""
0 
wshim 4 2 4 0 0 2 1 1 1 64
1 "n"
15 "e" "f" "g" "n" "s" "0" "1" "2" "3" "4" "5" "6" "7" "8" "9" 
wtfile 2 2 15 0 0 3 1 1 1 64
1 ""
0 
x1 7 1 19 19 19 2 1 8192 1 64
1 -3557 
0 
wtune 4 2 4 0 0 2 1 0 1 64
1 "n"
11 "s" "t" "e" "i" "n" "o" "v" "1" "2" "3" "4" 
x3 7 1 19 19 19 2 1 8192 1 64
1 -3988 
0 
x2y2 7 1 19 19 19 2 1 8192 1 64
1 2915 
0 
x4 7 1 19 19 19 2 1 8192 1 64
1 0 
0 
z3y 7 1 19 19 19 2 1 8192 1 64
1 -64 
0 
z2xy 7 1 19 19 19 2 1 8192 1 64
1 2544 
0 
yz2 7 1 19 19 19 2 1 8192 1 64
1 -4552 
0 
y3 7 1 19 19 19 2 1 8192 1 64
1 -5274 
0 
xz2 7 1 19 19 19 2 1 8192 1 64
1 3227 
0 
xz 7 1 19 19 19 2 1 8192 1 64
1 -507 
0 
y1 7 1 19 19 19 2 1 8192 1 64
1 817 
0 
yz 7 1 19 19 19 2 1 8192 1 64
1 631 
0 
y4 7 1 19 19 19 2 1 8192 1 64
1 0 
0 
z2 7 1 19 19 19 2 1 8192 1 64
1 1322 
0 
z1 7 1 19 19 19 2 1 8192 1 64
1 9286 
0 
z1c 7 1 19 19 19 2 1 8192 1 64
1 -1044 
0 
z2x2y2 7 1 19 19 19 2 1 8192 1 64
1 546 
0 
z2c 7 1 19 19 19 2 1 8192 1 64
1 196 
0 
z2x3 7 1 19 19 19 2 1 8192 1 64
1 0 
0 
z3x 7 1 19 19 19 2 1 8192 1 64
1 -1646 
0 
z3 7 1 19 19 19 2 1 8192 1 64
1 -508 
0 
z2y3 7 1 19 19 19 2 1 8192 1 64
1 0 
0 
z3c 7 1 19 19 19 2 1 8192 1 64
1 0 
0 
z3x3 7 1 19 19 19 2 1 8192 1 64
1 0 
0 
z3x2y2 7 1 19 19 19 2 1 8192 1 64
1 0 
0 
z3xy 7 1 19 19 19 2 1 8192 1 64
1 0 
0 
z5 7 1 19 19 19 2 1 8192 1 64
1 5959 
0 
z4x 7 1 19 19 19 2 1 8192 1 64
1 88 
0 
z4 7 1 19 19 19 2 1 8192 1 64
1 3981 
0 
z3y3 7 1 19 19 19 2 1 8192 1 64
1 0 
0 
z4c 7 1 19 19 19 2 1 8192 1 64
1 0 
0 
z4xy 7 1 19 19 19 2 1 8192 1 64
1 0 
0 
z4x2y2 7 1 19 19 19 2 1 8192 1 64
1 0 
0 
z4y 7 1 19 19 19 2 1 8192 1 64
1 -802 
0 
z7 7 1 19 19 19 2 1 8192 1 64
1 5546 
0 
z5y 7 1 19 19 19 2 1 8192 1 64
1 0 
0 
z5x 7 1 19 19 19 2 1 8192 1 64
1 0 
0 
z6 7 1 19 19 19 2 1 8192 1 64
1 10042 
0 
zx2y2 7 1 19 19 19 2 1 8192 1 64
1 -1564 
0 
z8 7 1 19 19 19 2 1 8192 1 64
1 0 
0 
zoom 7 1 32767 0 0 4 1 0 1 64
1 0 
0 
zxy 7 1 19 19 19 2 1 8192 1 64
1 -3453 
0 
zx3 7 1 19 19 19 2 1 8192 1 64
1 -2108 
0 
zy3 7 1 19 19 19 2 1 8192 1 64
1 1290 
0 
