ACQtime 7 1 100000000 0 1 2 1 256 1 64
1 685 
0 
at 1 1 14 14 14 2 1 8203 1 64
1 0.0212992 
0 
d1 3 1 14 14 14 2 1 8194 1 64
1 0.5 
0 
d4 3 1 14 14 14 2 1 8192 1 64
1 0.025 
0 
fn 7 1 524288 64 -2 3 1 1 1 64
1 512 
0 
gf 1 1 100000 0 0 3 1 1 0 64
1 0.0007936 
0 
gf1 1 1 100000 0 0 3 1 1 0 64
1 2 
0 
gxyzdoscset 4 2 4 0 0 2 1 0 1 64
1 "y"
0 
gzlvl1 7 1 32767 0 0 2 1 0 1 64
1 125 
0 
lb 1 1 100000 -100000 0 3 1 1 0 64
1 -1602.82258065 
0 
lb1 1 1 100000 -100000 0 3 1 1 0 64
1 -0.636 
0 
pw 6 1 13 13 13 2 1 8194 1 64
1 10.9 
0 
sb 1 1 1000 -1000 0.001 3 1 0 1 64
1 -0.011 
0 
sb1 1 1 1000 -1000 0.001 3 1 1 1 64
1 -4 
0 
sb2 1 1 1000 -1000 0.001 3 1 1 1 64
1 -8 
0 
steflg 4 2 4 0 0 2 1 0 1 64
1 "y"
0 
sw 1 1 5 5 5 2 1 8203 1 64
1 6009.61538462 
0 
time_saved 2 2 8 0 0 4 1 0 1 64
1 "20130701T145146"
0 
wstart 2 2 8 0 0 3 1 0 1 64
1 "xmhaha_calib"
0 
obsSW 2 2 8 0 0 2 1 1 1 64
1 "setsw(9.6,-5.4)"
0 
wds 2 2 8 0 0 3 1 0 1 64
1 ""
0 
REQexp 2 2 8 0 0 4 1 256 1 64
1 ""
0 
