n3 2 2 6 0 0 3 1 3 1 64
1 ""
0 
fb 7 1 6 6 6 2 1 8203 1 64
1 11000 
0 
dgs 2 2 1023 0 0 4 1 6 1 64
4 "1:AXIAL SHIMS:z1c:0,z2c:0;"
"2:NON AXIAL SHIMS:x1:0,y1:0,xz:0,yz:0,xy:0,x2y2:0;"
"4:AUTOMATION:method,wshim,load,,spin:0,gain:0,alock,loc:0;"
"4:SPECIAL:temp;"
0 
crf 1 1 9.99999984307e+17 -9.99999984307e+17 0 4 1 0 1 64
1 0 
0 
arraydim 7 1 32768 1 1 2 1 5 1 64
1 1 
0 
alfa 6 1 13 13 13 2 1 8194 1 64
1 19.9999923706 
0 
actionid 2 2 8 0 0 2 1 0 1 64
1 "null"
0 
acqcycles 1 1 9.99999984307e+17 -9.99999984307e+17 0 2 1 0 1 64
1 1 
0 
B0 1 1 9.99999984307e+17 -9.99999984307e+17 0 2 1 0 1 64
1 46988 
0 
acqdim 7 1 1000000000 -1000000000 0 2 1 0 1 64
1 1 
0 
acqstatus 7 1 32767 0 0 2 1 0 1 64
2 101 0 
0 
aig 2 2 2 0 0 4 1 1 1 64
1 "ai"
2 "nm" "ai" 
age 1 1 9.9e+17 0 0.001 3 1 0 1 64
1 0 
0 
ap 2 2 1023 0 0 2 1 0 1 64
1 "1:SAMPLE:date,file,sampdis:1;1:ACQUISITION:sfrq:3,tn,at:3,np:0,sw:1,pw:1,d1:3,d2:3,d3:3,tof:1,nt:0,ct:0,tpwr,gain;1:GRADIENTS:gro:0,orient,delf1:1,delf2:1;1:FLAGS:il,dp;1:PROCESSING:lb(lb):2,sb(sb):3,sbs(sb):3,gf(gf):3,gfs(gf):3,awc(awc):3,lsfid(lsfid):0,phfid(phfid):1,fn:0,math,,werr,wexp,wbs,wnt;1:ECC DISPLAY:starttim:4,endtim:4,deltim:4,yscale:0,dispdata,dispfmt,etraces:0;1:SPECIAL:noiseval:1;"
0 
alock 2 2 8 0 0 2 1 0 1 64
1 "n"
5 "a" "n" "s" "u" "y" 
anatomy 2 2 8 0 0 2 1 0 1 64
1 ""
0 
array 2 2 256 0 0 2 1 1 1 64
1 ""
0 
apptype 2 2 8 0 0 4 1 0 1 64
1 "ecc1"
0 
axisf 4 2 4 0 0 4 1 0 1 64
1 "s"
4 "m" "n" "s" "u" 
awc1 1 1 1 -1 0.001 3 1 1 0 64
1 0 
0 
at 1 1 14 14 14 2 1 8203 1 64
1 0.984 
0 
arrayelemts 1 1 9.99999984307e+17 -9.99999984307e+17 0 2 1 0 1 64
1 0 
0 
awc 1 1 1 -1 0.001 3 1 1 0 64
1 0 
0 
at_plotauto 2 2 8 0 0 2 1 0 1 64
1 "n"
0 
axis 4 2 4 0 0 4 1 0 1 64
1 "h"
11 "c" "d" "1" "2" "3" "h" "k" "m" "n" "p" "u" 
axes 2 2 8 0 0 2 1 0 1 64
1 "ynn"
0 
console 2 2 8 0 0 2 1 0 1 64
1 "vnmrs"
0 
celem 1 1 9.99999984307e+17 -9.99999984307e+17 0 2 1 0 1 64
1 1 
0 
boresize 1 1 9.99999984307e+17 -9.99999984307e+17 0 2 1 0 1 64
1 12 
0 
birthday 2 2 8 0 0 3 1 0 1 64
4 ""
""
""
""
0 
bs 7 1 32767 0 1 2 1 0 1 64
1 16 
0 
cf 7 1 32767 0 1 3 1 1 0 64
1 1 
0 
comment 2 2 8 0 0 3 1 0 1 64
1 ""
0 
cr 1 1 1000000000 -1000000000 0 4 1 1 1 64
1 -3581.19574402 
0 
cp 2 2 1 0 0 2 1 0 1 64
1 "y"
2 "y" "n" 
cr1 1 1 1000000000 -1000000000 0 4 1 3 1 64
1 0 
0 
delf1 5 1 1000000000 -1000000000 0 3 1 0 1 64
1 -1 
0 
d3 3 1 14 14 14 2 1 8192 1 64
1 0.02 
0 
d1 3 1 14 14 14 2 1 8194 1 64
1 1 
0 
cutoff 1 1 9.99999984307e+17 -9.99999984307e+17 0 4 1 0 0 64
1 200 
0 
ct 7 1 1000000000 0 1 2 1 6 1 64
1 1 
0 
d2 3 1 14 14 14 2 1 8194 1 64
1 0.5 
0 
date 2 2 9 0 0 2 1 1 1 64
1 "Nov 28 2006"
0 
dataProcessed 1 1 9.99999984307e+17 -9.99999984307e+17 0 3 1 0 1 64
1 0 
0 
dataID 2 2 8 0 0 2 1 0 1 64
1 ""
0 
dataid 2 2 8 0 0 2 1 0 1 64
1 ""
0 
dcg 2 2 3 0 0 4 1 1 1 64
1 ""
2 "dc" "cdc" 
dcrmv 4 2 9.99999984307e+17 -9.99999984307e+17 0 4 1 0 1 64
1 "n"
2 "y" "n" 
dfrq 5 1 1000000000 -1000000000 0 2 1 8 1 64
1 50.4281515 
0 
deltaf 1 1 100 0 0 4 1 0 1 64
1 0 
0 
delta 1 1 2000000 0 0 4 1 1 1 64
1 516.829952117 
0 
delf2 5 1 1000000000 -1000000000 0 3 1 0 1 64
1 1 
0 
delta1 1 1 2000000 0 0 4 1 3 1 64
1 0 
0 
deltim 3 1 14 14 14 4 1 8192 1 64
1 0 
0 
dg 2 2 1023 0 0 2 1 0 1 64
1 "1:ACQUISITION:sfrq:3,tn,at:3,np:0,sw:1,pw:1,d1:3,d2:3,d3:3,tof:1,nt:0,ct:0,tpwr,gain;2:GRADIENTS:gro:0,orient,,;2:SAMPLE:date,file;3:PROCESSING:lb(lb):2,sb(sb):3,sbs(sb):3,gf(gf):3,gfs(gf):3,awc(awc):3,lsfid(lsfid):0,phfid(phfid):1,fn:0,math,,werr,wexp,wbs,wnt;4:FLAGS:il,dp,cp;4:SPECIAL:priority:0,noiseval:1,,;"
0 
dfrq3 1 1 1000000000 0 0 2 1 9 1 64
1 0 
0 
dfrq2 1 1 1000000000 0 0 2 1 9 1 64
1 0 
0 
dfrq4 1 1 1000000000 0 0 2 1 9 1 64
1 0 
0 
dg1 2 2 1023 0 0 4 1 6 1 64
1 "1:DISPLAY:sp:1,wp:1,vs:0;1:REFERENCE:rfl:1,rfp:1,cr:1,delta:1;1:PHASE:lp:1,rp:1,rp1(ni):1,lp1(ni):1;2:CHART:sc:0,wc:0,hzmm:2,vp:0,axis,pltmod,,th:0,,ho:2,vo:2,,trace:2;3(ni):2D:sp1:1,wp1:1,sc2:0,wc2:0,rfl1:1,rfp1:1;3:FLAGS:aig*,dcg*,dmg*;3:FID:sf:3,wf:3,vf:0;4:INTEGRAL:intmod,is:2,ins:3,io:0,,lvl:3,tlt:3;"
0 
dg2 2 2 8 0 0 4 1 4 1 64
6 "1:1st DECOUPLING:dfrq:3,dn,dpwr:0,dof:1,dm,dmm,dmf:0,dseq,dres:1,homo;"
"2(numrfch>2):2nd DECOUPLING:dfrq2:3,dn2,dpwr2:0,dof2:1,dm2,dmm2,dmf2:0,dseq2,dres2:1,homo2;"
"2(numrfch>3):3rd DECOUPLING:dfrq3:3,dn3,dpwr3:0,dof3:1,dseq3,dres3:1,homo3;"
"3(ni2):3D ACQUISITION:d3:3,sw2:1,ni2:0,phase2:0;"
"3(ni2):3D DISPLAY:rp2:1,lp2:1;"
"4(ni2):3D PROCESSING:lb2:3,sb2:3,sbs2(sb2):3,gf2:3,gfs2(gf2):3,awc2:3,wtfile2,proc2,fn2:0;"
0 
dn 2 2 4 0 0 2 1 8 1 64
1 "C13"
0 
dlp 7 1 10 10 10 2 1 8194 0 64
1 20 
0 
dimY 2 2 8 0 0 2 1 0 1 64
1 "lro"
0 
dimX 2 2 8 0 0 2 1 0 1 64
1 "lpe"
0 
dhp 1 1 9 9 9 2 1 8192 0 64
1 20 
0 
dispdata 2 2 8 0 0 4 1 0 1 64
1 "p"
0 
dimZ 2 2 8 0 0 2 1 0 1 64
1 "lpe2"
0 
disCmd 2 2 8 0 0 4 1 0 1 64
1 ""
0 
dispfmt 2 2 8 0 0 4 1 0 1 64
1 "f"
0 
displaymode 4 2 9.99999984307e+17 -9.99999984307e+17 0 4 1 0 1 64
1 "r"
6 "r" "i" "a" "e" "z" "s" 
dmf 7 1 11 11 11 2 1 8194 1 64
1 200 
0 
dm2 4 2 4 0 0 2 1 0 1 64
1 "n"
4 "a" "n" "s" "y" 
dm 4 2 4 0 0 2 1 0 1 64
1 "nnn"
4 "a" "n" "s" "y" 
dm3 4 2 4 0 0 2 1 0 1 64
1 "n"
4 "a" "n" "s" "y" 
dm4 4 2 4 0 0 2 1 0 1 64
1 "n"
4 "a" "n" "s" "y" 
dmg1 2 2 8 0 0 4 1 0 1 64
1 ""
4 "" "av1" "ph1" "pwr1" 
dmf3 7 1 2000000 1 0 2 1 2 1 64
1 200 
0 
dmf2 7 1 2000000 1 0 2 1 2 1 64
1 200 
0 
dmg 2 2 2 0 0 4 1 3 1 64
1 "ph"
0 
dmf4 7 1 2000000 1 0 2 1 2 1 64
1 200 
0 
dmm2 4 2 4 0 0 2 1 0 1 64
1 "c"
9 "c" "f" "g" "m" "p" "r" "u" "w" "x" 
dmm 4 2 4 0 0 2 1 0 1 64
1 "c"
9 "c" "f" "g" "m" "p" "r" "u" "w" "x" 
dmm3 4 2 4 0 0 2 1 0 1 64
1 "c"
9 "c" "f" "g" "m" "p" "r" "u" "w" "x" 
dmm4 4 2 4 0 0 2 1 0 1 64
1 "c"
5 "c" "f" "n" "p" "w" 
dres 7 1 360 1 0 2 1 0 1 64
1 1 
0 
dotflag 2 2 8 0 0 4 1 0 1 64
1 "n"
2 "n" "y" 
dof 5 1 8 8 8 2 1 8202 1 64
1 0 
0 
dn3 2 2 8 0 0 2 1 8 1 64
1 ""
0 
dn2 2 2 8 0 0 2 1 8 1 64
1 ""
0 
dod 3 1 14 14 14 2 1 8194 1 64
1 0.00999999977648 
0 
dn4 2 2 8 0 0 2 1 8 1 64
1 ""
0 
dof3 5 1 20 20 20 2 1 8202 1 64
1 0 
0 
dof2 5 1 16 16 16 2 1 8202 1 64
1 0 
0 
dof4 5 1 22 22 22 2 1 8202 1 64
1 0 
0 
dpwr 7 1 9 9 9 2 1 8194 1 64
1 30 
0 
dp 2 2 1 0 0 2 1 0 1 64
1 "y"
2 "y" "n" 
dpwr3 7 1 21 21 21 2 1 8194 1 64
1 1 
0 
dpwr2 7 1 18 18 18 2 1 8194 1 64
1 1 
0 
dpwr4 7 1 23 23 23 2 1 8194 1 64
1 1 
0 
endtim 3 1 14 14 14 4 1 8192 1 64
1 5 
0 
dseq 2 2 8 0 0 2 1 0 1 64
1 ""
0 
dres3 7 1 360 1 0 2 1 0 1 64
1 1 
0 
dres2 7 1 360 1 0 2 1 0 1 64
1 1 
0 
dres4 7 1 360 1 0 2 1 0 1 64
1 1 
0 
dseq3 2 2 8 0 0 2 1 0 1 64
1 ""
0 
dseq2 2 2 8 0 0 2 1 0 1 64
1 ""
0 
dseq4 2 2 8 0 0 2 1 0 1 64
1 ""
0 
execprescan 2 2 8 0 0 4 1 0 1 64
1 ""
0 
execplot 2 2 8 0 0 4 1 0 1 64
1 ""
0 
etraces 1 1 9.99999984307e+17 -9.99999984307e+17 0 4 1 0 1 64
1 1 
0 
execprep 2 2 8 0 0 4 1 0 1 64
1 "ldrf"
0 
execsetup 2 2 8 0 0 4 1 0 1 64
1 ""
0 
execprocess 2 2 8 0 0 4 1 0 1 64
1 "im1D('proc') dssh"
0 
exppath 2 2 8 0 0 2 1 0 1 64
1 "/home/vnmr1/vnmrsys/exp1/acqfil"
0 
ho 1 1 500 -500 0 4 1 1 1 64
1 -16.7803030303 
0 
gain 1 1 60 0 2 2 1 0 1 64
1 2 
0 
fn 7 1 524288 64 -2 3 1 1 0 64
1 32768 
0 
file 2 2 6 0 0 2 1 3 1 64
1 "exp"
0 
fidID 2 2 8 0 0 2 1 0 1 64
1 ""
0 
fidid 2 2 8 0 0 2 1 0 1 64
1 ""
0 
filter 7 1 1000000000 0 1 2 1 2 1 64
1 54.0999984741 
0 
fpmult 1 1 1000000000 0 0 3 1 0 0 64
1 1 
0 
fn1 7 1 524288 64 -2 3 1 1 1 64
1 1024 
0 
fpmult1 1 1 1000000000 0 0 3 2 0 0 64
1 0.5 
0 
ftproc 1 1 9.99999984307e+17 -9.99999984307e+17 0 3 1 256 1 64
2 1 0 
0 
gfs 1 1 1000 -1000 0.001 3 1 1 0 64
1 0 
0 
gf 1 1 100000 0 0 3 1 1 0 64
1 0.10000000149 
0 
gcoil 2 2 0 0 0 2 1 9 1 64
1 "205_120S_Single"
0 
gap 1 1 9.99999984307e+17 -9.99999984307e+17 0 2 1 0 1 64
1 0 
0 
gender 2 2 8 0 0 3 1 0 1 64
1 ""
0 
gf1 1 1 100000 0 0 3 1 1 0 64
1 1 
0 
gro 1 1 9.99999984307e+17 -9.99999984307e+17 0 2 1 0 1 64
1 24576 
0 
gmax 1 1 9.99999984307e+17 -9.99999984307e+17 0 2 1 0 1 64
1 40 
0 
gfs1 1 1 1000 -1000 0.001 3 1 1 0 64
1 0 
0 
gpropdelay 6 1 13 13 13 2 1 8192 1 64
1 0 
0 
hdpwr 7 1 49 -16 1 2 1 2 1 64
1 1 
0 
gtime 3 1 14 14 14 2 1 8192 1 64
1 0.01 
0 
hdof 5 1 7 7 7 2 1 8194 1 64
1 0 
0 
height 1 1 9.9e+17 0 0.001 3 1 0 1 64
1 0 
0 
liamp 1 1 1000000000 0 0 4 1 0 0 64
1 0 
0 
intmod 2 2 8 0 0 4 1 0 1 64
1 "off"
3 "off" "partial" "full" 
il 2 2 1 0 0 2 1 0 1 64
1 "n"
2 "y" "n" 
hst 3 1 0.02 0 2.5e-08 2 1 2 1 64
1 0.00800000037998 
0 
homo2 4 2 4 0 0 2 1 0 1 64
1 "n"
2 "n" "y" 
homo 2 2 8 0 0 2 1 8 1 64
1 "n"
2 "n" "y" 
homo4 4 2 4 0 0 2 1 0 1 64
1 "n"
2 "n" "y" 
homo3 4 2 4 0 0 2 1 0 1 64
1 "n"
2 "n" "y" 
hs 4 2 4 0 0 2 1 0 1 64
1 "nn"
2 "n" "y" 
hzmm 1 1 1000000000 -1000000000 0 4 1 11 1 64
1 2.58414976058 
0 
ident 2 2 8 0 0 2 1 0 1 64
1 ""
0 
ins2 1 1 9.99999984307e+17 -9.99999984307e+17 0 4 1 0 1 64
1 1 
0 
in 4 2 1 0 0 2 1 0 1 64
1 "n"
3 "n" "w" "y" 
imprep 2 2 8 0 0 2 1 0 1 64
1 "n"
0 
ins 3 1 8190 0 1e-07 4 1 3 1 64
1 100 
0 
insref 1 1 9.99999984307e+17 -9.99999984307e+17 0 4 1 0 0 64
1 1 
0 
ins2ref 1 1 9.99999984307e+17 -9.99999984307e+17 0 4 1 0 1 64
1 1 
0 
iplanType 1 1 9.99999984307e+17 -9.99999984307e+17 0 2 1 0 1 64
1 0 
0 
iplanDefaultSize 1 1 9.99999984307e+17 -9.99999984307e+17 0 2 1 0 1 64
1 5 
0 
io 1 1 500 -500 0.1 4 1 1 1 64
1 20 
0 
investigator 2 2 8 0 0 2 1 0 1 64
1 ""
0 
iplanDefaultNs 1 1 9.99999984307e+17 -9.99999984307e+17 0 2 1 0 1 64
1 5 
0 
iplanDefaultType 1 1 9.99999984307e+17 -9.99999984307e+17 0 2 1 0 1 64
1 0 
0 
iplanDefaultThk 1 1 9.99999984307e+17 -9.99999984307e+17 0 2 1 0 1 64
1 4 
0 
iplanDefaultVoxSize 1 1 9.99999984307e+17 -9.99999984307e+17 0 2 1 0 1 64
1 10 
0 
lb 1 1 100000 -100000 0 3 1 1 0 64
1 10 
0 
is 1 1 1000000000 1e-06 0 4 1 3 1 64
1 500 
0 
layout 2 2 8 0 0 4 1 0 1 64
1 "ecc"
0 
lb1 1 1 100000 -100000 0 3 1 1 1 64
1 0.318309992552 
0 
lsfrq1 1 1 9.99999984307e+17 -9.99999984307e+17 0 3 1 0 0 64
1 0 
0 
llfrq 1 1 1000000000 -1000000000 0 4 1 0 0 64
1 0 
0 
llamp 1 1 1000000000 0 0 4 1 0 0 64
1 0 
0 
lifrq 1 1 1000000000 -1000000000 0 4 1 0 0 64
1 0 
0 
load 2 2 4 0 0 2 1 3 1 64
1 "n"
2 "y" "n" 
lp 1 1 3600 -3600 0.1 4 1 3 1 64
1 -63.9999961853 
0 
lsfid 7 1 64000 -64000 1 3 1 0 0 64
1 0 
0 
lp1 1 1 3600 -3600 0.1 4 1 3 1 64
1 0 
0 
lsfrq 1 1 9.99999984307e+17 -9.99999984307e+17 0 3 1 0 0 64
1 0 
0 
mpro 1 1 9.99999984307e+17 -9.99999984307e+17 0 2 1 256 1 64
1 0 
0 
method 2 2 6 0 0 2 1 3 1 64
1 "/vnmr/shimmethods/z1z2"
0 
macro 2 2 6 0 0 3 1 3 1 64
1 ""
0 
lvl 1 1 1000000000 -1000000000 0 4 1 1 1 64
1 1.93854089659 
0 
math 2 2 1 0 0 3 1 3 1 64
1 "i"
3 "d" "f" "i" 
mcoil 1 1 9.99999984307e+17 -9.99999984307e+17 0 4 1 0 1 64
1 1 
0 
mphi 2 2 8 0 0 4 1 0 1 64
1 ""
0 
mlpe2 1 1 9.99999984307e+17 -9.99999984307e+17 0 4 1 0 1 64
1 0 
0 
mlpe 1 1 9.99999984307e+17 -9.99999984307e+17 0 4 1 0 1 64
1 0 
0 
mlro 1 1 9.99999984307e+17 -9.99999984307e+17 0 4 1 0 1 64
1 0 
0 
mppe 1 1 9.99999984307e+17 -9.99999984307e+17 0 2 1 256 1 64
1 0 
0 
mrgain 1 1 60 0 2 2 1 256 0 64
1 0 
0 
mpss 1 1 9.99999984307e+17 -9.99999984307e+17 0 2 1 256 1 64
1 0 
0 
mpsi 2 2 8 0 0 4 1 0 1 64
1 ""
0 
mrfb 1 1 256000 1000 1000 2 1 256 0 64
1 0 
0 
n1 2 2 6 0 0 3 1 3 1 64
1 ""
0 
mtheta 2 2 8 0 0 4 1 0 1 64
1 ""
0 
mstack 1 1 9.99999984307e+17 -9.99999984307e+17 0 4 1 0 1 64
1 0 
0 
mthk 1 1 9.99999984307e+17 -9.99999984307e+17 0 4 1 0 1 64
1 0 
0 
n2 2 2 6 0 0 3 1 3 1 64
1 ""
0 
sp 1 1 1000000000 -1000000000 0 4 1 3 1 64
1 -9984.94711991 
0 
r4 1 1 1e+18 -1e+18 0 3 1 1 1 64
1 0 
0 
pltmod 2 2 8 0 0 4 1 0 1 64
1 "off"
5 "off" "fixed" "full" "variable" "user" 
pad 3 1 14 14 14 2 1 8194 1 64
1 0.5 
0 
nt 7 1 1000000000 1 1 2 1 2 1 64
1 1 
0 
notebook 2 2 8 0 0 2 1 0 1 64
1 ""
0 
noiseval 1 1 9.99999984307e+17 -9.99999984307e+17 0 3 1 0 1 64
1 0 
0 
name 2 2 8 0 0 2 1 0 1 64
1 ""
0 
np 7 1 524288 32 2 2 1 11 1 64
1 20000 
0 
p1 6 1 13 13 13 2 1 8194 1 64
1 0 
0 
orient 2 2 8 0 0 2 1 0 1 64
1 "xnn"
3 "xnn" "ynn" "znn" 
operator_ 2 2 128 0 0 2 1 4 1 64
1 "vnmr1"
0 
p1pat 2 2 8 0 0 2 1 0 1 64
1 "sinc"
0 
parversion 1 1 9.99999984307e+17 -9.99999984307e+17 0 2 1 4 1 64
1 5.1 
0 
paramChanged 1 1 9.99999984307e+17 -9.99999984307e+17 0 2 1 0 1 64
1 0 
0 
page 2 2 8 0 0 2 1 0 1 64
1 ""
0 
phfid1 1 1 3600 -3600 0.1 3 1 0 0 64
1 0 
0 
phfid 1 1 3600 -3600 0.1 3 1 0 0 64
1 0 
0 
planValue 2 2 8 0 0 2 1 0 1 64
1 "standard getCurrentStacks"
0 
procdim 7 1 1000000000 -1000000000 0 3 1 0 1 64
1 1 
0 
prescribed 2 2 8 0 0 2 1 0 1 64
1 "y"
0 
position2 2 2 8 0 0 3 1 0 1 64
1 ""
0 
posX 2 2 8 0 0 2 1 0 1 64
1 "ppe"
0 
pmode 2 2 8 0 0 3 1 0 1 64
1 "partial"
0 
posZ 2 2 8 0 0 2 1 0 1 64
1 "pss0"
0 
posY 2 2 8 0 0 2 1 0 1 64
1 "pro"
0 
position1 2 2 8 0 0 3 1 0 1 64
1 ""
0 
preacq 6 1 13 13 13 2 1 8192 0 64
1 0 
0 
prescan 2 2 8 0 0 3 1 0 1 64
9 "Not Done"
"Not Done"
"Complete"
"Not done"
"null"
"init"
""
""
""
0 
priority 7 1 32768 0 1 2 1 0 1 64
1 5 
0 
presig 2 2 8 0 0 2 1 0 1 64
1 "h"
3 "h" "l" "n" 
proc 2 2 10 0 0 3 1 1 1 64
1 "ft"
0 
proc1 2 2 10 0 0 3 2 1 1 64
1 "ft"
0 
pw 6 1 13 13 13 2 1 8194 1 64
1 65 
0 
protocols 2 2 8 0 0 3 1 0 1 64
1 ""
0 
processid 1 1 9.99999984307e+17 -9.99999984307e+17 0 2 1 0 1 64
1 0 
0 
processID 1 1 9.99999984307e+17 -9.99999984307e+17 0 2 1 0 1 64
1 0 
0 
pslabel 2 2 8 0 0 2 1 11 1 64
1 "ecc1"
0 
pss0 1 1 9.99999984307e+17 -9.99999984307e+17 0 2 1 0 1 64
1 0 
0 
pwpat 2 2 8 0 0 2 1 0 1 64
1 "gauss"
0 
pw90 6 1 13 13 13 2 1 8194 1 64
1 19.9999866486 
0 
r2 1 1 1e+18 -1e+18 0 3 1 1 1 64
1 0 
0 
r1 1 1 1e+18 -1e+18 0 3 1 1 1 64
1 24576 
0 
r3 1 1 1e+18 -1e+18 0 3 1 1 1 64
1 0 
0 
rfp1 1 1 1000000000 -1000000000 0 4 1 1 1 64
1 0 
0 
rfband 4 2 4 0 0 2 1 0 1 64
1 "ccccc"
3 "c" "h" "l" 
rcvrwt 1 1 9.99999984307e+17 -9.99999984307e+17 0 2 1 256 1 64
1 1 
0 
r7 1 1 1e+18 -1e+18 0 3 1 1 1 64
1 5.09998245076 
0 
r6 1 1 1e+18 -1e+18 0 3 1 1 1 64
1 73.3000356463 
0 
r5 1 1 1e+18 -1e+18 0 3 1 1 1 64
1 0 
0 
rcvrs 4 2 4 0 0 2 1 1 1 64
1 "y"
2 "n" "y" 
reffrq 1 1 9.99999984307e+17 -9.99999984307e+17 0 4 1 0 1 64
1 200.527402122 
0 
ref 5 1 1000000000 -1000000000 0 3 1 0 1 64
1 0 
0 
ref1 5 1 1000000000 -1000000000 0 3 1 0 1 64
1 0 
0 
refpos 1 1 9.99999984307e+17 -9.99999984307e+17 0 4 1 0 1 64
1 0 
0 
rfl1 1 1 1000000000 -1000000000 0 4 1 1 1 64
1 0 
0 
rfl 1 1 1000000000 -1000000000 0 4 1 1 1 64
1 10085.5678447 
0 
rfcoil 2 2 0 0 0 2 1 1 1 64
1 "test"
0 
rfp 1 1 1000000000 -1000000000 0 4 1 1 1 64
1 100.000448811 
0 
sc2 1 1 3 3 3 4 1 8195 1 64
1 0 
0 
sar 1 1 9.99999984307e+17 -9.99999984307e+17 0 2 1 256 1 64
2 0 0 
0 
rp1 1 1 3600 -3600 0.1 4 1 3 1 64
1 0 
0 
rof2 6 1 13 13 13 2 1 8194 1 64
1 9.9999961853 
0 
rof1 6 1 13 13 13 2 1 8194 1 64
1 9.9999961853 
0 
rp 1 1 3600 -3600 0.1 4 1 3 1 64
1 -88.071206551 
0 
samplename 2 2 8 0 0 2 1 0 1 64
1 ""
0 
sb1 1 1 1000 -1000 0.001 3 1 1 0 64
1 0 
0 
sb 1 1 1000 -1000 0.001 3 1 0 0 64
1 0 
0 
sbs1 1 1 1000 -1000 0.001 3 1 1 0 64
1 0 
0 
sbs 1 1 1000 -1000 0.001 3 1 1 0 64
1 0 
0 
sc 1 1 1 1 1 4 1 8195 1 64
1 0 
0 
sf 1 1 8190 0 1e-07 4 1 3 1 64
1 0 
0 
scoutpaths 2 2 8 0 0 2 1 0 1 64
1 ""
0 
scoutnodes 2 2 8 0 0 2 1 0 1 64
1 ""
0 
scans 2 2 8 0 0 3 1 0 1 64
1 ""
0 
scoutpath 2 2 8 0 0 2 1 0 1 64
1 ""
0 
seqfil 2 2 8 0 0 2 1 11 1 64
1 "ecc1"
0 
sfrq 1 1 1000000000 0 0 2 1 11 1 64
1 200.5288203 
0 
sf1 1 1 9.99999984307e+17 -9.99999984307e+17 0 4 1 0 1 64
1 0 
0 
sn 1 1 1e+18 -1e+18 0 3 1 1 1 64
1 0 
0 
shims 2 2 8 0 0 2 1 0 1 64
1 ""
0 
solvent 2 2 6 0 0 2 1 11 1 64
1 "none"
0 
vtc 1 1 255 0 1 2 1 2 1 64
1 25 
0 
time_submitted 2 2 8 0 0 2 1 0 1 64
1 "20061128T103209"
0 
temp 1 1 200 -150 0.1 2 1 8 0 64
1 29 
0 
starttim 3 1 14 14 14 4 1 8192 1 64
1 0 
0 
spin 1 1 39 0 1 2 1 0 0 64
1 20 
0 
sp1 1 1 1000000000 -1000000000 0 4 1 3 1 64
1 649.999938965 
0 
ss 7 1 32767 -32768 0 2 1 0 1 64
1 0 
0 
study 2 2 8 0 0 3 1 0 1 64
1 ""
0 
sw 1 1 5 5 5 2 1 8203 1 64
1 10162.601626 
0 
time_processed 2 2 8 0 0 3 1 0 1 64
1 "20061128T103216"
0 
time_complete 2 2 8 0 0 2 1 0 1 64
1 "20061128T103216"
0 
th 1 1 1000000000 0 0 4 1 1 1 64
1 20 
0 
time_plotted 2 2 8 0 0 3 1 0 1 64
1 ""
0 
time_exp 2 2 8 0 0 2 1 0 1 64
1 "37 sec"
0 
time_run 2 2 8 0 0 2 1 0 1 64
1 "20061128T103209"
0 
time_saved 2 2 8 0 0 2 1 0 1 64
1 "20061128T103250"
0 
trise 1 1 9.99999984307e+17 -9.99999984307e+17 0 2 1 0 1 64
1 0.00015 
0 
tof 5 1 7 7 7 2 1 8202 1 64
1 -1993.5 
0 
tin 2 2 1 0 0 2 1 2 1 64
1 "n"
3 "n" "w" "y" 
time_submitted_local 2 2 8 0 0 2 1 0 1 64
1 "20061128T103209X10AMTueNov"
0 
time_svfdate 2 2 8 0 0 2 1 0 1 64
1 "20061128T103209"
0 
tn 2 2 4 0 0 2 1 8 1 64
1 "H1"
0 
tlt 1 1 1000000000 -1000000000 0 4 1 1 1 64
1 -0.599585972397 
0 
trace 2 2 2 0 0 4 1 3 1 64
1 "f1"
2 "f1" "f2" 
tpwr 7 1 17 17 17 2 1 8194 1 64
1 54 
0 
vp 7 1 500 -500 0.1 4 1 3 1 64
1 0 
0 
vo 1 1 500 -500 0 4 1 1 1 64
1 0 
0 
vf 1 1 1000000000 0 0 4 1 3 1 64
1 150 
0 
username 2 2 8 0 0 2 1 0 1 64
1 "atp"
0 
volumercv 2 2 8 0 0 2 1 0 1 64
1 "y"
0 
volumexmt 2 2 8 0 0 2 1 0 1 64
1 "y"
0 
vs 1 1 1000000000 1e-06 0 4 1 3 1 64
1 33.1881047367 
0 
vpfi 1 1 500 -500 0 4 1 0 1 64
1 0 
0 
vpf 1 1 500 -500 0 4 1 0 1 64
1 0 
0 
vs2d 1 1 1000000000 1e-06 0 4 1 3 1 64
1 200 
0 
vsproj 1 1 1000000000 1e-06 0 4 1 3 1 64
1 200 
0 
y1 7 1 19 19 19 2 1 8192 1 64
1 -933 
0 
wnt 2 2 6 0 0 3 1 3 1 64
1 ""
0 
werr 2 2 6 0 0 3 1 3 1 64
1 ""
0 
wc 1 1 2 2 2 4 1 8203 1 64
1 200 
0 
vtwait 3 1 14 14 14 2 1 8194 1 64
1 300 
0 
wbs 2 2 6 0 0 3 1 3 1 64
1 ""
0 
wdone 2 2 8 0 0 3 1 0 1 64
1 ""
0 
wc2 1 1 4 4 4 4 1 8195 1 64
1 65 
0 
weight 1 1 9.9e+17 0 0.001 3 1 0 1 64
1 0 
0 
wf 1 1 8190 0 1e-07 4 1 3 1 64
1 0.984 
0 
wexp 2 2 6 0 0 3 1 3 1 64
1 "im1Dglobal(`proc`)"
0 
wf1 1 1 9.99999984307e+17 -9.99999984307e+17 0 4 1 0 1 64
1 3.74399805069 
0 
x1 7 1 19 19 19 2 1 8192 1 64
1 2833 
0 
wtfile 2 2 15 0 0 3 1 1 1 64
1 ""
0 
wp1 1 1 100000 0 0 4 1 3 1 64
1 49.9999961853 
0 
wp 1 1 5000000 0 0 4 1 11 1 64
1 10161.98135 
0 
wshim 4 2 4 0 0 2 1 1 1 64
1 "n"
15 "e" "f" "g" "n" "s" "0" "1" "2" "3" "4" "5" "6" "7" "8" "9" 
wtfile1 2 2 15 0 0 3 2 1 1 64
1 ""
0 
x4 7 1 19 19 19 2 1 8192 1 64
1 0 
0 
x3 7 1 19 19 19 2 1 8192 1 64
1 0 
0 
x2y2 7 1 19 19 19 2 1 8192 1 64
1 -73 
0 
xz 7 1 19 19 19 2 1 8192 1 64
1 84 
0 
xy 7 1 19 19 19 2 1 8192 1 64
1 243 
0 
xz2 7 1 19 19 19 2 1 8192 1 64
1 0 
0 
z3c 7 1 19 19 19 2 1 8192 1 64
1 0 
0 
z1c 7 1 19 19 19 2 1 8192 1 64
1 -31 
0 
yz 7 1 19 19 19 2 1 8192 1 64
1 66 
0 
y4 7 1 19 19 19 2 1 8192 1 64
1 0 
0 
y3 7 1 19 19 19 2 1 8192 1 64
1 0 
0 
yscale 1 1 9.99999984307e+17 -9.99999984307e+17 0 4 1 0 1 64
1 500 
0 
yz2 7 1 19 19 19 2 1 8192 1 64
1 0 
0 
z1 7 1 19 19 19 2 1 8192 1 64
1 0 
0 
z2x3 7 1 19 19 19 2 1 8192 1 64
1 0 
0 
z2c 7 1 19 19 19 2 1 8192 1 64
1 -107 
0 
z2 7 1 19 19 19 2 1 8192 1 64
1 0 
0 
z2x2y2 7 1 19 19 19 2 1 8192 1 64
1 0 
0 
z2y3 7 1 19 19 19 2 1 8192 1 64
1 0 
0 
z2xy 7 1 19 19 19 2 1 8192 1 64
1 0 
0 
z3 7 1 19 19 19 2 1 8192 1 64
1 -323 
0 
z4xy 7 1 19 19 19 2 1 8192 1 64
1 0 
0 
z4 7 1 19 19 19 2 1 8192 1 64
1 165 
0 
z3x3 7 1 19 19 19 2 1 8192 1 64
1 0 
0 
z3x2y2 7 1 19 19 19 2 1 8192 1 64
1 0 
0 
z3x 7 1 19 19 19 2 1 8192 1 64
1 0 
0 
z3y 7 1 19 19 19 2 1 8192 1 64
1 0 
0 
z3xy 7 1 19 19 19 2 1 8192 1 64
1 0 
0 
z3y3 7 1 19 19 19 2 1 8192 1 64
1 0 
0 
z4x 7 1 19 19 19 2 1 8192 1 64
1 0 
0 
z4c 7 1 19 19 19 2 1 8192 1 64
1 0 
0 
z4x2y2 7 1 19 19 19 2 1 8192 1 64
1 0 
0 
z7 7 1 19 19 19 2 1 8192 1 64
1 0 
0 
z5y 7 1 19 19 19 2 1 8192 1 64
1 0 
0 
z5 7 1 19 19 19 2 1 8192 1 64
1 -4 
0 
z4y 7 1 19 19 19 2 1 8192 1 64
1 0 
0 
z5x 7 1 19 19 19 2 1 8192 1 64
1 0 
0 
z6 7 1 19 19 19 2 1 8192 1 64
1 0 
0 
zx2y2 7 1 19 19 19 2 1 8192 1 64
1 0 
0 
z8 7 1 19 19 19 2 1 8192 1 64
1 0 
0 
zxy 7 1 19 19 19 2 1 8192 1 64
1 0 
0 
zx3 7 1 19 19 19 2 1 8192 1 64
1 0 
0 
zy3 7 1 19 19 19 2 1 8192 1 64
1 0 
0 
