intmod 2 2 8 0 0 4 1 0 1 64
1 "off"
3 "off" "partial" "full" 
dmg 2 2 2 0 0 4 1 3 1 64
1 "av"
0 
cr 1 1 1000000000 -1000000000 0 4 1 1 1 64
1 50000 
0 
arrayelemts 1 1 1e+18 -1e+18 0 2 1 0 1 64
1 1 
0 
Z 1 1 1e+18 -1e+18 0 2 1 0 1 64
1 0 
0 
DAC_yz 7 1 19 19 19 2 1 8192 1 64
1 1662 
0 
DAC_x2y2 7 1 19 19 19 2 1 8192 1 64
1 0 
0 
B0 1 1 9.99999984307e+17 -9.99999984307e+17 0 2 1 0 1 64
1 93809.9739611 
0 
DAC_xy 7 1 19 19 19 2 1 8192 1 64
1 2415 
0 
DAC_xz 7 1 19 19 19 2 1 8192 1 64
1 0 
0 
X0 1 1 25 -25 0 2 1 0 1 64
1 0 
0 
L 1 1 9.99999984307e+17 -9.99999984307e+17 0 3 1 0 1 64
9 0.5 0.5 0.5 0.705 0.705 0.705 0.705 0.705 0.705 
0 
ID 2 2 8 0 0 2 1 0 1 64
1 "null"
0 
H1reffrq 1 1 9.99999984307e+17 -9.99999984307e+17 0 2 1 0 1 64
1 399.415439188 
0 
X 1 1 1e+18 -1e+18 0 2 1 0 1 64
1 0 
0 
RMScurrentlimit 1 1 9.99999984307e+17 -9.99999984307e+17 0 2 1 0 1 64
1 15 
0 
Y 1 1 1e+18 -1e+18 0 2 1 0 1 64
1 0 
0 
Y0 1 1 25 -25 0 2 1 0 1 64
1 0 
0 
aipScale 1 1 9.99999984307e+17 -9.99999984307e+17 0 3 1 0 1 64
1 1 
0 
age 1 1 9.9e+17 0 0.001 3 1 0 1 64
1 0 
0 
actionid 2 2 8 0 0 2 1 0 1 64
1 "n002"
0 
acqdim 7 1 1000000000 -1000000000 0 2 1 0 1 64
1 2 
0 
acqcycles 1 1 9.99999984307e+17 -9.99999984307e+17 0 2 1 0 1 64
1 6 
0 
Z0 1 1 25 -25 0 2 1 0 1 64
1 0 
0 
acqstatus 7 1 32767 0 0 2 1 256 1 64
2 0 0 
0 
adir2tmplt 2 2 8 0 0 2 1 0 1 64
1 ""
0 
adiabat 2 2 8 0 0 2 1 0 1 64
1 "y"
0 
adirtmplt 2 2 8 0 0 2 1 0 1 64
1 ""
0 
aipFid 2 2 8 0 0 2 1 0 1 64
1 ""
0 
aipFDFMenu 2 2 8 0 0 2 1 0 1 64
1 "off"
0 
aipDir 2 2 8 0 0 2 1 0 1 64
1 ""
0 
aig 2 2 2 0 0 4 1 1 1 64
1 "ai"
2 "nm" "ai" 
aipFDF 2 2 8 0 0 2 1 0 1 64
1 ""
0 
aipFDFtosq 2 2 8 0 0 2 1 0 1 64
1 ""
0 
aipFormat 2 2 8 0 0 2 1 0 1 64
1 ""
0 
aipFidMenu 2 2 8 0 0 2 1 0 1 64
1 "off"
0 
aipPath 2 2 8 0 0 2 1 0 1 64
1 ""
0 
aipPTag 2 2 8 0 0 2 1 0 1 64
1 "n"
0 
aipRunTime 2 2 8 0 0 2 1 0 1 64
1 "dicom"
0 
alock 2 2 8 0 0 2 1 0 1 64
1 "n"
5 "a" "n" "s" "u" "y" 
aipStudyMenu 2 2 8 0 0 2 1 0 1 64
1 "off"
0 
aipStudy 2 2 8 0 0 2 1 0 1 64
1 ""
0 
aipScanMenu 2 2 8 0 0 2 1 0 1 64
1 "fdf"
0 
alfa 6 1 13 13 13 2 1 8194 1 64
1 6.6 
0 
aipSubdir 2 2 8 0 0 2 1 0 1 64
1 ""
0 
allvolumes 2 2 8 0 0 2 1 0 1 64
1 "y"
0 
apptype 2 2 0 0 0 2 1 1 1 64
1 "imFM"
0 
anatomy 2 2 8 0 0 2 1 0 1 64
1 ""
0 
ampmode 2 2 8 0 0 2 1 0 1 64
1 "pp"
0 
ap 2 2 1023 0 0 4 1 6 1 64
17 "1:DATE:date,;"
"1:FILENAME:file,;"
"1:ACQUISITION:sfrq:3,tn,at:6,np:0,sw:1,ni:0,nf:0,gain,ss:0,nt:0,ct:0,;"
"1:PULSE PATTERNS:pwpat,pw:0,pipat1,pipat2,invpw:0,tpwr,;"
"1:DELAYS:tr:4,te1:4,te2:4,tau:4,;"
"1:CENTER_OF_ROI_cm:tof:1,X0:2,Y0:2,Z0:2,;"
"1:SIZE_OF ROI:lro:2,thk:2,;"
"2:    :,;"
"2:PROJECTIONS:maxproj,off,;"
"2:FLAGS:epi,il,dp,;"
"2:GRADIENT_COIL:gcoil,gmax:2,trise:6,;"
"2:GRADIENT_WIDTH:tramp:6,tror:6,tssr:6,trew:6,tgsettle:6,;"
"2:GRADIENT_ADJ:kread:6,kslice:6,krew:6,;"
"2:SPOILER_GRADIENT:gspoil:0,tspoil:3,;"
"2:PROCESSING:fn:0,cf(nf):0,lb(lb):5,sb(sb):5,sbs(sbs):5,gf(gf):5,gfs(gfs):5,awc(awc):5,lsfid(lsfid):0,wexp,;"
"2:CHART:vs:2,;"
"2(intmod <> 'off'):INTEGRAL:ins:2,is:2,;"
0 
arraydelta 7 1 32767 0 0 2 1 0 1 64
1 1 
0 
array 2 2 256 0 0 2 1 1 1 64
1 ""
0 
archivedir 2 2 8 0 0 2 1 0 1 64
1 ""
0 
arraydodc 4 2 4 0 0 2 1 0 1 64
1 "n"
0 
arraydim 7 1 32768 1 1 2 1 5 1 64
1 6 
0 
arraydscale 4 2 4 0 0 2 1 0 1 64
1 "n"
0 
cf 7 1 32767 0 1 3 1 1 1 64
1 1 
0 
axisf 4 2 4 0 0 4 1 0 1 64
1 "s"
4 "m" "n" "s" "u" 
awc 1 1 1 -1 0.001 3 1 1 0 64
1 0 
0 
arraystop 7 1 32767 0 0 2 1 0 1 64
1 16 
0 
arraystart 7 1 32767 0 0 2 1 0 1 64
1 1 
0 
arrayflip 4 2 4 0 0 2 1 0 1 64
1 "n"
0 
at 1 1 14 14 14 2 1 8203 1 64
1 0.00256 
0 
avwdir 2 2 8 0 0 3 1 0 1 64
1 ""
0 
awc1 1 1 1 -1 0.001 3 1 1 0 64
1 0 
0 
axis 4 2 4 0 0 4 1 0 1 64
1 "c"
11 "c" "d" "1" "2" "3" "h" "k" "m" "n" "p" "u" 
boresize 1 1 10000 0 0 2 1 0 1 64
1 5.5 
0 
b1max 1 1 9.99999984307e+17 -9.99999984307e+17 0 2 1 0 1 64
1 5371.30751846 
0 
b0delay 6 1 13 13 13 2 1 8192 1 64
1 0 
0 
birthday 2 2 8 0 0 3 1 0 1 64
4 ""
""
""
""
0 
bvalue 1 1 9.99999984307e+17 -9.99999984307e+17 0 3 1 0 1 64
1 0 
0 
bs 7 1 32767 0 1 2 1 0 1 64
1 1 
0 
celem 1 1 9.99999984307e+17 0 0 2 1 0 1 64
1 0 
0 
chtof 5 1 1000000000 -1000000000 0 2 1 0 1 64
1 -1293.9 
0 
chpw 6 1 13 13 13 2 1 8192 1 64
1 14000 
0 
chpat 2 2 8 0 0 2 1 0 1 64
1 "gauss"
0 
chpwr 7 1 127 0 1 2 1 2 1 64
1 0 
0 
console 2 2 8 0 0 2 1 0 1 64
1 "vnmrs"
0 
cnt 1 1 9.99999984307e+17 -9.99999984307e+17 0 3 1 0 1 64
1 1 
0 
comment 2 2 8 0 0 3 1 0 1 64
1 ""
0 
cp 2 2 1 0 0 2 1 0 1 64
1 "n"
2 "y" "n" 
cppauseflg 4 2 4 0 0 4 1 0 1 64
1 "n"
0 
dcrmv 4 2 9.99999984307e+17 -9.99999984307e+17 0 4 1 0 1 64
1 "n"
2 "y" "n" 
dataid 2 2 8 0 0 2 1 0 1 64
1 ""
0 
cutoff 1 1 9.99999984307e+17 -9.99999984307e+17 0 4 1 0 0 64
1 200 
0 
current 1 1 9.99999984307e+17 -9.99999984307e+17 0 3 1 0 1 64
1 -50 
0 
crf 1 1 9.99999984307e+17 -9.99999984307e+17 0 4 1 0 1 64
1 0.00127287330317 
0 
cr1 1 1 1000000000 -1000000000 0 4 1 3 1 64
1 0 
0 
ct 7 1 1000000000 0 1 2 1 6 1 64
1 0 
0 
customflag 4 2 4 0 0 2 1 0 1 64
1 "n"
0 
currentlimit 1 1 9.99999984307e+17 -9.99999984307e+17 0 2 1 0 1 64
1 100 
0 
d2 1 1 9.99999984307e+17 -9.99999984307e+17 0 2 1 0 1 64
1 0 
0 
d1 3 1 14 14 14 2 1 8194 1 64
1 0 
0 
d5 3 1 14 14 14 2 1 8192 1 64
1 0 
0 
d4 3 1 14 14 14 2 1 8192 1 64
1 0 
0 
dcoil 1 1 255 0 1 2 1 0 1 64
1 0 
0 
dcg 2 2 3 0 0 4 1 1 1 64
1 "cdc"
2 "dc" "cdc" 
date 2 2 9 0 0 2 1 1 1 64
1 "Dec  3 2008"
0 
dconi 2 2 8 0 0 4 1 0 1 64
1 "dcon,gray,linear"
0 
dg 2 2 1023 0 0 4 1 6 1 64
9 "1:ACQUISITION:sfrq:3,tn,at:6,np:0,sw:1,ni:0,nf:0,gain,,ss:0,nt:0,ct:0,;"
"2:PULSE PATTERNS:pwpat,pw:0,pipat1,pipat2,invpw:0,tpwr,;"
"2:DELAYS:tr:4,te1:4,te2:4,tau:4,,ti(ir):4;"
"3:CENTER_OF_ROI_cm:tof:1,X0:2,Y0:2,Z0:2,;"
"3:SIZE_OF_BAR:"
"3:defines gradients:lro:2,thk:2,;"
"3:PROJECTIONS:maxproj,off,;"
"4:FLAGS:epi,triang,ir(ir),il,dp,;"
"4:PROCESSING:fn:0,cf(nf):0,lb(lb):5,sb(sb):5,sbs(sbs):5,gf(gf):5,gfs(gfs):5,awc(awc):5,lsfid(lsfid):0,,wexp,;"
0 
delta1 1 1 5000000 0 0 4 1 3 1 64
1 0 
0 
decamp 2 2 8 0 0 2 1 9 1 64
1 "analogic"
3 "analogic" "ar" "arcw" 
delta 1 1 5000000 0 0 4 1 1 1 64
1 7436.89903846 
0 
dfrq 5 1 1000000000 -1000000000 0 2 1 8 1 64
1 100.4421082 
0 
denergy 1 1 100000000 0 0 2 1 1 1 64
1 14000 
0 
deltaf 1 1 100 0 0 4 1 0 1 64
1 0.00088427480916 
0 
dfrq3 1 1 1000000000 0 0 2 1 9 1 64
1 0 
0 
dfrq2 1 1 1000000000 0 0 2 1 9 1 64
1 0 
0 
dfrq4 1 1 1000000000 0 0 2 1 9 1 64
1 0 
0 
dimY 2 2 8 0 0 2 1 0 1 64
1 "lro"
0 
dgs 2 2 1023 0 0 4 1 6 1 64
4 "1:AXIAL SHIMS:z1c:0,z2c:0;"
"2:NON AXIAL SHIMS:x1:0,y1:0,xz:0,yz:0,xy:0,x2y2:0;"
"4:AUTOMATION:method,wshim,load,,spin:0,gain:0,alock,loc:0;"
"4:SPECIAL:temp;"
0 
dg2 2 2 8 0 0 4 1 4 1 64
6 "1:1st DECOUPLING:dfrq:3,dn,dpwr:0,dof:1,dm,dmm,dmf:0,dseq,dres:1,homo;"
"2(numrfch>2):2nd DECOUPLING:dfrq2:3,dn2,dpwr2:0,dof2:1,dm2,dmm2,dmf2:0,dseq2,dres2:1,homo2;"
"2(numrfch>3):3rd DECOUPLING:dfrq3:3,dn3,dpwr3:0,dof3:1,dseq3,dres3:1,homo3;"
"3(ni2):3D ACQUISITION:d3:3,sw2:1,ni2:0,phase2:0;"
"3(ni2):3D DISPLAY:rp2:1,lp2:1;"
"4(ni2):3D PROCESSING:lb2:3,sb2:3,sbs2(sb2):3,gf2:3,gfs2(gf2):3,awc2:3,wtfile2,proc2,fn2:0;"
0 
dg1 2 2 1023 0 0 4 1 6 1 64
1 "1:DISPLAY:sp:1,wp:1,vs:0;1:REFERENCE:rfl:1,rfp:1,cr:1,delta:1;1:PHASE:lp:1,rp:1,rp1(ni):1,lp1(ni):1;2:CHART:sc:0,wc:0,hzmm:2,vp:0,axis,pltmod,,th:0,,ho:2,vo:2,,rplot,trace:2;3(ni):2D:sp1:1,wp1:1,sc2:0,wc2:0,rfl1:1,rfp1:1;3:FLAGS:aig*,dcg*,dmg*;3:FID:sf:3,wf:3,vf:0;4:INTEGRAL:intmod,is:2,ins:3,io:0,,lvl:3,tlt:3;"
0 
dg3 2 2 8 0 0 4 1 4 1 64
8 "1:GRADIENT_COIL:gcoil,gmax:2,trise:6,;"
"1:GRADIENT_WIDTH:tramp:6,tror:6,tssr:6,trew:6,tgsettle:6,;"
"2:GRADIENT_ADJ:kread:6,kslice:6,krew:6,krew_epi:6,;"
"2:SPOILER_GRADIENT:gspoil:0,tspoil:3,;"
"2:RF_AMPLIFIER:ampmode,;"
"3:ROI:[L:7:2];"
"4:DATE:date,;4:FILENAME:file,;"
"4:PRINTING:print_grad,print_freq,print_index,;"
0 
dimX 2 2 8 0 0 2 1 0 1 64
1 "lpe"
0 
dhp 1 1 9 9 9 2 1 8192 0 64
1 0 
0 
dm 4 2 4 0 0 2 1 0 1 64
1 "nnnn"
4 "a" "n" "s" "y" 
displaymode 4 2 9.99999984307e+17 -9.99999984307e+17 0 4 1 0 1 64
1 "ir"
6 "r" "i" "a" "e" "z" "s" 
dimZ 2 2 8 0 0 2 1 0 1 64
1 "lpe2"
0 
disCmd 2 2 8 0 0 2 1 0 1 64
1 "aipRedisplay"
0 
dlp 7 1 10 10 10 2 1 8194 0 64
1 0 
0 
dmf 7 1 11 11 11 2 1 8194 1 64
1 200 
0 
dm3 4 2 4 0 0 2 1 0 1 64
1 "n"
4 "a" "n" "s" "y" 
dm2 4 2 4 0 0 2 1 0 1 64
1 "n"
4 "a" "n" "s" "y" 
dm4 4 2 4 0 0 2 1 0 1 64
1 "n"
4 "a" "n" "s" "y" 
dmf3 7 1 2000000 1 0 2 1 2 1 64
1 200 
0 
dmf2 7 1 2000000 1 0 2 1 2 1 64
1 200 
0 
dmf4 7 1 2000000 1 0 2 1 2 1 64
1 200 
0 
fpmult1 1 1 1000000000 0 0 3 1 0 0 64
1 0 
0 
dseq 2 2 8 0 0 2 1 0 1 64
1 ""
0 
dpwr1 7 1 127 0 1 2 1 0 1 64
1 0 
0 
dof2 5 1 16 16 16 2 1 8202 1 64
1 0 
0 
dn 2 2 4 0 0 2 1 8 1 64
1 "C13"
0 
dmm 4 2 4 0 0 2 1 0 1 64
1 "cccc"
9 "c" "f" "g" "m" "p" "r" "u" "w" "x" 
dmg1 2 2 8 0 0 4 1 0 1 64
1 ""
4 "" "av1" "ph1" "pwr1" 
dmm3 4 2 4 0 0 2 1 0 1 64
1 "c"
9 "c" "f" "g" "m" "p" "r" "u" "w" "x" 
dmm2 4 2 4 0 0 2 1 0 1 64
1 "c"
9 "c" "f" "g" "m" "p" "r" "u" "w" "x" 
dmm4 4 2 4 0 0 2 1 0 1 64
1 "c"
5 "c" "f" "n" "p" "w" 
dod 3 1 14 14 14 2 1 8194 1 64
1 0 
0 
dn3 2 2 8 0 0 2 1 8 1 64
1 ""
0 
dn2 2 2 8 0 0 2 1 8 1 64
1 ""
0 
dn4 2 2 8 0 0 2 1 8 1 64
1 ""
0 
dof 5 1 8 8 8 2 1 8202 1 64
1 0 
0 
dp 2 2 1 0 0 2 1 8 1 64
1 "y"
2 "y" "n" 
dof4 5 1 22 22 22 2 1 8202 1 64
1 0 
0 
dof3 5 1 20 20 20 2 1 8202 1 64
1 0 
0 
dotflag 2 2 8 0 0 4 1 0 1 64
1 "n"
2 "n" "y" 
dpower 1 1 15000 0 0 2 1 1 1 64
1 10 
0 
dpeak 1 1 15000 0 0 2 1 1 1 64
1 15000 
0 
dpwr 1 1 9 9 9 2 1 8192 1 64
1 0 
0 
dpwr5 7 1 127 0 1 2 1 0 1 64
1 0 
0 
dpwr3 1 1 127 0 1 2 1 0 1 64
1 0 
0 
dpwr2 1 1 127 0 1 2 1 0 1 64
1 0 
0 
dpwr4 1 1 127 0 1 2 1 0 1 64
1 0 
0 
dres2 7 1 360 1 0 2 1 0 1 64
1 1 
0 
dres 7 1 360 1 0 2 1 0 1 64
1 1 
0 
dreffrq 1 1 9.99999984307e+17 -9.99999984307e+17 0 2 1 0 1 64
1 100.433092067 
0 
dres3 7 1 360 1 0 2 1 0 1 64
1 1 
0 
dres4 7 1 360 1 0 2 1 0 1 64
1 1 
0 
execprocess 2 2 8 0 0 4 1 0 1 64
1 "imFM('proc')"
0 
epi 2 2 8 0 0 2 1 0 1 64
1 "n"
2 "n" "y" 
dseq4 2 2 8 0 0 2 1 0 1 64
1 ""
0 
dseq3 2 2 8 0 0 2 1 0 1 64
1 ""
0 
dseq2 2 2 8 0 0 2 1 0 1 64
1 ""
0 
editText 7 1 32767 0 0 3 1 0 1 64
1 0 
0 
ec 7 1 32767 0 0 3 1 0 1 64
1 1 
0 
echo 7 1 32767 0 0 3 1 0 1 64
1 1 
0 
endvol 1 1 9.99999984307e+17 -9.99999984307e+17 0 2 1 0 1 64
1 1 
0 
element 7 1 32767 0 0 3 1 0 1 64
1 1 
0 
execplot 2 2 8 0 0 4 1 0 1 64
1 ""
0 
epiflag 4 2 4 0 0 3 1 0 1 64
4 "n"
"n"
"n"
"n"
0 
eqnoise 2 2 8 0 0 2 1 0 1 64
1 "n"
0 
execprescan 2 2 8 0 0 4 1 0 1 64
1 "imFM('prescan')"
0 
execprep 2 2 8 0 0 4 1 0 1 64
1 "imFM('prep')"
0 
filter 7 1 1000000000 0 1 2 1 2 1 64
1 54.0999984741 
0 
fb 7 1 6 6 6 2 1 8203 1 64
1 28000 
0 
exppath 2 2 8 0 0 2 1 0 1 64
1 "/home/lana/vnmrsys/exp1/acqfil"
0 
execsetup 2 2 8 0 0 4 1 0 1 64
1 "imFM('prep')"
0 
f1coef 2 2 8 0 0 3 1 1 1 64
1 ""
0 
fidid 2 2 8 0 0 2 1 0 1 64
1 ""
0 
fdfdir 2 2 8 0 0 3 1 0 1 64
1 ""
0 
fdffile 2 2 8 0 0 3 1 0 1 64
1 ""
0 
file 2 2 6 0 0 2 1 3 1 64
1 "/vnmr/imaging/parlib/fastestmap.par"
0 
fn 7 1 524288 8 -2 3 1 1 1 64
1 512 
0 
filtfile 2 2 8 0 0 2 1 0 1 64
1 ""
0 
fn1 7 1 524288 8 -2 3 1 1 0 64
1 1024 
0 
fpmult 1 1 1000000000 0 0 3 1 0 0 64
1 1 
0 
gxr 5 1 16 16 16 2 1 8192 1 64
1 1045 
0 
gfs 1 1 1000 -1000 1e-05 3 1 1 1 64
1 0.00128 
0 
gender 2 2 8 0 0 3 1 0 1 64
1 ""
0 
gcoil 2 2 8 0 0 2 1 9 1 64
1 "88_55_HD_S"
0 
gain 1 1 60 0 2 2 1 0 1 64
1 20 
0 
ftproc 1 1 9.99999984307e+17 -9.99999984307e+17 0 3 1 256 1 64
2 1 1 
0 
gap 1 1 9.99999984307e+17 -9.99999984307e+17 0 2 1 0 1 64
1 0 
0 
gcr3pw 3 1 14 14 14 2 1 8192 1 64
1 0.0065 
0 
gdown 2 2 8 0 0 2 1 0 1 64
1 "sinedown"
0 
gf1 1 1 100000 0 0 3 1 1 0 64
1 1 
0 
gf 1 1 1000 0 1e-05 3 1 1 1 64
1 0.0002 
0 
grr 1 1 9.99999984307e+17 -9.99999984307e+17 0 2 1 0 1 64
1 7600 
0 
gmax 1 1 9.99999984307e+17 -9.99999984307e+17 0 2 1 0 1 64
1 100 
0 
gfs1 1 1 1000 -1000 0.001 3 1 1 0 64
1 0 
0 
gpropdelay 6 1 13 13 13 2 1 8192 1 64
1 20 
0 
go_Options 2 2 8 0 0 2 1 7 1 64
2 "go"
"check"
0 
griserate 1 1 1 0 0 2 1 0 1 64
1 4.5777764214e-09 
0 
gspoil 5 1 16 16 16 2 1 8192 1 64
1 10000 
0 
gs2 1 1 9.99999984307e+17 -9.99999984307e+17 0 2 1 0 1 64
1 4632 
0 
gs1 1 1 9.99999984307e+17 -9.99999984307e+17 0 2 1 0 1 64
1 7667 
0 
gsp 1 1 9.99999984307e+17 -9.99999984307e+17 0 2 1 0 1 64
1 1000 
0 
gxcal 1 1 1 0 0 2 1 0 1 64
1 0.00122074037904 
0 
gx 5 1 16 16 16 2 1 8192 1 64
1 6200 
0 
gxmax 1 1 9.99999984307e+17 -9.99999984307e+17 0 2 1 0 1 64
1 100 
0 
gxdelay 6 1 13 13 13 2 1 8192 1 64
1 0 
0 
hs 4 2 4 0 0 2 1 0 1 64
1 "n"
2 "n" "y" 
gzr 5 1 16 16 16 2 1 8192 1 64
1 -2050 
0 
gyr 5 1 16 16 16 2 1 8192 1 64
1 1671 
0 
gycal 1 1 1 0 0 2 1 0 1 64
1 0.00122074037904 
0 
gy 5 1 16 16 16 2 1 8192 1 64
1 6200 
0 
gymax 1 1 9.99999984307e+17 -9.99999984307e+17 0 2 1 0 1 64
1 100 
0 
gydelay 6 1 13 13 13 2 1 8192 1 64
1 0 
0 
gzcal 1 1 1 0 0 2 1 0 1 64
1 0.00122074037904 
0 
gz 5 1 16 16 16 2 1 8192 1 64
1 6200 
0 
gzmax 1 1 9.99999984307e+17 -9.99999984307e+17 0 2 1 0 1 64
1 100 
0 
gzdelay 6 1 13 13 13 2 1 8192 1 64
1 0 
0 
homo 2 2 8 0 0 2 1 8 1 64
1 "n"
2 "n" "y" 
ho 1 1 500 -500 0 4 1 1 1 64
1 -12.5625 
0 
height 1 1 9.9e+17 0 0.001 3 1 0 1 64
1 0 
0 
homo3 4 2 4 0 0 2 1 0 1 64
1 "n"
2 "n" "y" 
homo2 4 2 4 0 0 2 1 0 1 64
1 "n"
2 "n" "y" 
homo4 4 2 4 0 0 2 1 0 1 64
1 "n"
2 "n" "y" 
inpat 2 2 8 0 0 2 1 0 1 64
1 "dd4"
0 
il 2 2 1 0 0 2 1 0 1 64
1 "n"
2 "y" "n" 
hzmm 1 1 1000000000 -1000000000 0 4 1 11 1 64
1 609.72972973 
0 
hst 3 1 0.02 0 2.5e-08 2 1 2 1 64
1 0 
0 
ident 2 2 8 0 0 3 1 0 1 64
1 ""
0 
imPH 2 2 8 0 0 2 1 0 1 64
1 "n"
0 
imIR 2 2 8 0 0 2 1 0 1 64
1 "n"
0 
imIM 2 2 8 0 0 2 1 0 1 64
1 "n"
0 
imMG 2 2 8 0 0 2 1 0 1 64
1 "n"
0 
imRF 2 2 8 0 0 2 1 0 1 64
1 "n"
0 
imRE 2 2 8 0 0 2 1 0 1 64
1 "n"
0 
in 4 2 8 0 0 2 1 0 1 64
1 "n"
3 "n" "w" "y" 
ins2 1 1 9.99999984307e+17 -9.99999984307e+17 0 4 1 0 1 64
1 100 
0 
ins 3 1 14 14 14 4 1 8195 1 64
1 100 
0 
inpw 6 1 50000 0 0.1 2 1 0 1 64
1 50000 
0 
insref 1 1 9.99999984307e+17 -9.99999984307e+17 0 4 1 0 0 64
1 1 
0 
ins2ref 1 1 9.99999984307e+17 -9.99999984307e+17 0 4 1 0 0 64
1 1 
0 
ref1 5 1 1000000000 -1000000000 0 3 1 0 1 64
1 0 
0 
p5 6 1 13 13 13 2 1 8192 1 64
1 0 
0 
lsfrq 1 1 9.99999984307e+17 -9.99999984307e+17 0 3 1 0 0 64
1 0 
0 
llfrq 1 1 1000000000 -1000000000 0 4 1 0 0 64
16 22745.0980392 22352.9411765 21960.7843137 21568.627451 21176.4705882 20784.3137255 20392.1568627 20000 19607.8431373 19215.6862745 18823.5294118 18431.372549 18039.2156863 17647.0588235 17450.9803922 17058.8235294 
0 
ir 4 2 4 0 0 2 1 0 1 64
1 "n"
0 
iplanDefaultSize 1 1 9.99999984307e+17 -9.99999984307e+17 0 2 1 0 1 64
1 5 
0 
io 1 1 500 -500 0.1 4 1 1 1 64
1 20 
0 
invpw 6 1 13 13 13 2 1 8194 1 64
1 4000 
0 
investigator 2 2 8 0 0 2 1 0 1 64
1 ""
0 
iplanDefaultNs 1 1 9.99999984307e+17 -9.99999984307e+17 0 2 1 0 1 64
1 5 
0 
iplanDefaultVoxSize 1 1 9.99999984307e+17 -9.99999984307e+17 0 2 1 0 1 64
1 10 
0 
iplanDefaultThk 1 1 9.99999984307e+17 -9.99999984307e+17 0 2 1 0 1 64
1 4 
0 
iplanDefaultType 1 1 9.99999984307e+17 -9.99999984307e+17 0 2 1 0 1 64
1 3 
0 
iplanType 1 1 9.99999984307e+17 -9.99999984307e+17 0 2 1 0 1 64
1 3 
0 
iplanMarking 1 1 9.99999984307e+17 -9.99999984307e+17 0 4 1 0 1 64
1 0 
0 
lb 1 1 100000 -100000 0 3 1 1 0 64
1 143.24847746 
0 
krew 1 1 10 -10 0 2 1 0 1 64
1 1 
0 
kepi 1 1 10 -10 0 2 1 0 1 64
11 0.9 0.92 0.94 0.96 0.98 1 1.02 1.04 1.06 1.08 1.1 
0 
is 1 1 1000000000 1e-06 0 4 1 3 1 64
1 207.817419871 
0 
kread 1 1 10 -10 0 2 1 0 1 64
1 0.93 
0 
kslice 1 1 10 -10 0 2 1 0 1 64
1 1 
0 
krew_epi 1 1 10 -10 0 2 1 0 1 64
1 1 
0 
layout 2 2 8 0 0 4 1 0 1 64
1 "fastestmap"
0 
liamp 1 1 1000000000 0 0 4 1 0 0 64
1 0 
0 
lb1 1 1 100000 -100000 0 3 1 1 1 64
1 0.318309992552 
0 
llamp 1 1 1000000000 0 0 4 1 0 0 64
16 0.00828936044127 -0.00827480945736 0.0082700997591 -0.00820745993406 0.00810531526804 -0.00802007503808 0.0079574836418 -0.00769605953246 0.00690002646297 -0.0060086492449 0.00591169577092 -0.0063302651979 0.00653639947996 -0.00661659054458 0.00677778525278 -0.00727683538571 
0 
lifrq 1 1 1000000000 -1000000000 0 4 1 0 0 64
1 0 
0 
lp1 1 1 3600 -3600 0.1 4 1 3 1 64
1 0 
0 
load 2 2 8 0 0 2 1 3 1 64
1 "n"
2 "n" "y" 
lp 1 1 3600 -3600 0.1 4 1 3 1 64
1 0 
0 
lro 1 1 50 0 0 2 1 0 1 64
1 10 
0 
lpe2 1 1 9.99999984307e+17 -9.99999984307e+17 0 2 1 0 1 64
1 0 
0 
lpe 1 1 9.99999984307e+17 -9.99999984307e+17 0 2 1 0 1 64
1 0 
0 
lpe3 1 1 9.99999984307e+17 -9.99999984307e+17 0 2 1 0 1 64
1 0 
0 
lsfid 7 1 64000 -64000 1 3 1 0 0 64
1 0 
0 
nf_def 7 1 32767 0 0 2 1 0 1 64
1 4 
0 
n1 2 2 6 0 0 3 1 3 1 64
1 "n"
0 
mlro 1 1 9.99999984307e+17 -9.99999984307e+17 0 4 1 0 1 64
1 0 
0 
maxproj 7 1 32767 0 0 2 1 0 1 64
1 3 
0 
ly 1 1 9.99999984307e+17 -9.99999984307e+17 0 2 1 0 1 64
1 5 
0 
lvl 1 1 1000000000 -1000000000 0 4 1 1 1 64
1 0 
0 
lsfrq1 1 1 9.99999984307e+17 -9.99999984307e+17 0 3 1 0 0 64
1 0 
0 
lx 1 1 9.99999984307e+17 -9.99999984307e+17 0 2 1 0 1 64
1 5 
0 
macro 2 2 6 0 0 3 1 3 1 64
1 ""
0 
lz 1 1 9.99999984307e+17 -9.99999984307e+17 0 2 1 0 1 64
1 5 
0 
math 2 2 1 0 0 3 1 3 1 64
1 "f"
3 "d" "f" "i" 
mlpe 1 1 9.99999984307e+17 -9.99999984307e+17 0 4 1 0 1 64
1 0 
0 
method 2 2 8 0 0 2 1 3 1 64
1 "/vnmr/shimmethods/z1z2"
0 
mcoil 1 1 9.99999984307e+17 -9.99999984307e+17 0 4 1 0 1 64
1 1 
0 
mlpe2 1 1 9.99999984307e+17 -9.99999984307e+17 0 4 1 0 1 64
1 0 
0 
mpss 1 1 9.99999984307e+17 -9.99999984307e+17 0 2 1 256 1 64
1 0 
0 
mpro 1 1 9.99999984307e+17 -9.99999984307e+17 0 2 1 256 1 64
1 0 
0 
mphi 2 2 8 0 0 4 1 0 1 64
1 ""
0 
modules 2 2 8 0 0 2 1 1 1 64
1 ""
0 
mppe 1 1 9.99999984307e+17 -9.99999984307e+17 0 2 1 256 1 64
1 0 
0 
mpsi 2 2 8 0 0 4 1 0 1 64
1 ""
0 
mrgain 1 1 60 0 2 2 1 256 0 64
1 0 
0 
mrfb 1 1 256000 1000 1000 2 1 256 0 64
1 0 
0 
mtheta 2 2 8 0 0 4 1 0 1 64
1 ""
0 
mstack 1 1 9.99999984307e+17 -9.99999984307e+17 0 4 1 0 1 64
1 0 
0 
mthk 1 1 9.99999984307e+17 -9.99999984307e+17 0 4 1 0 1 64
1 0 
0 
nam_xy 2 2 8 0 0 2 1 0 1 64
1 "x2y2"
0 
n3 2 2 6 0 0 3 1 3 1 64
1 ""
0 
n2 2 2 6 0 0 3 1 3 1 64
1 ""
0 
nam_x2y2 2 2 8 0 0 2 1 0 1 64
1 "xy"
0 
name 2 2 8 0 0 3 1 0 1 64
1 ""
0 
nam_yz 2 2 8 0 0 2 1 0 1 64
1 "yz"
0 
nam_xz 2 2 8 0 0 2 1 0 1 64
1 "xz"
0 
neverrun 4 2 4 0 0 2 1 0 1 64
1 "n"
0 
nblocks 7 1 32767 0 0 2 1 0 1 64
1 1 
0 
nf 7 1 32767 0 0 2 1 0 1 64
1 1 
0 
nt 7 1 1000000000 1 1 2 1 2 1 64
1 1 
0 
niftipage 2 2 8 0 0 2 1 0 1 64
1 "n"
0 
nifticyclebak 7 1 32767 0 0 2 1 0 1 64
1 1 
0 
niftiauto 2 2 8 0 0 2 1 0 1 64
1 "y"
0 
nifti 2 2 8 0 0 2 1 0 1 64
1 "n"
0 
ni 7 1 32767 0 0 2 1 0 1 64
1 6 
0 
nifticycle 7 1 32767 0 0 2 1 0 1 64
1 1 
0 
niftifiles 7 1 32767 0 0 2 1 0 1 64
1 1 
0 
niftifile 2 2 8 0 0 2 1 0 1 64
1 ""
0 
niiMG 2 2 8 0 0 2 1 0 1 64
1 "n"
0 
niftitslice 1 1 9.99999984307e+17 -9.99999984307e+17 0 2 1 0 1 64
1 0 
0 
niftitime 2 2 8 0 0 2 1 0 1 64
1 "n"
0 
niftit 1 1 9.99999984307e+17 -9.99999984307e+17 0 2 1 0 1 64
1 1 
0 
niftitoffset 1 1 9.99999984307e+17 -9.99999984307e+17 0 2 1 0 1 64
1 0 
0 
niiIM 2 2 8 0 0 2 1 0 1 64
1 "n"
0 
niftivols 7 1 32767 0 0 2 1 0 1 64
1 1 
0 
niiIR 2 2 8 0 0 2 1 0 1 64
1 "n"
0 
np 7 1 524288 32 2 2 1 11 1 64
1 256 
0 
niiRE 2 2 8 0 0 2 1 0 1 64
1 "n"
0 
niiPH 2 2 8 0 0 2 1 0 1 64
1 "n"
0 
notebook 2 2 8 0 0 2 1 0 1 64
1 ""
0 
ns 1 1 9.99999984307e+17 -9.99999984307e+17 0 2 1 0 1 64
1 0 
0 
nproj 7 1 32767 0 0 3 1 0 1 64
4 1 2 2 2 
0 
opeak 1 1 15000 0 0 2 1 1 1 64
1 15000 
0 
nv2 7 1 32767 0 0 2 1 0 1 64
1 0 
0 
numproj 7 1 32767 0 0 2 1 0 1 64
1 1 
0 
oenergy 1 1 100000000 0 0 2 1 1 1 64
1 14000 
0 
obsamp 2 2 8 0 0 2 1 9 1 64
1 "arcw"
3 "analogic" "ar" "arcw" 
off 7 1 32767 0 0 2 1 0 1 64
1 0 
0 
osfb 1 1 100000 0 0 2 1 1 0 64
1 0 
0 
orient 2 2 8 0 0 2 1 0 1 64
1 ""
14 "trans" "sag" "cor" "oblique" "3orthogonal" "xyz" "xzy" "yxz" "yzx" "zxy" "zyx" "sag90" "cor90" "trans90" 
opower 1 1 15000 0 0 2 1 1 1 64
1 10 
0 
operator_ 2 2 128 0 0 2 1 4 1 64
1 "lana"
0 
oscoef 7 1 49999 3 2 2 1 1 0 64
1 31 
0 
oversamp 7 1 68 0 1 2 1 9 1 64
1 1 
0 
osfilt 2 2 8 0 0 2 1 0 1 64
1 "a"
5 "a" "A" "b" "B" "" 
oslsfrq 1 1 9.99999984307e+17 -9.99999984307e+17 0 2 1 1 0 64
1 0 
0 
p4 6 1 13 13 13 2 1 8192 1 64
1 0 
0 
p1 6 1 13 13 13 2 1 8194 1 64
1 0 
0 
print_index 2 2 8 0 0 2 1 0 1 64
1 "n"
2 "n" "y" 
pos1 1 1 1000000 -1000000 0 2 1 0 1 64
1 0 
0 
phfid1 1 1 3600 -3600 0.1 3 1 0 0 64
1 0 
0 
parversion 1 1 9.99999984307e+17 -9.99999984307e+17 0 2 1 4 1 64
1 5.1 
0 
page 2 2 8 0 0 2 1 0 1 64
1 ""
0 
pad 3 1 14 14 14 2 1 8194 1 64
1 0 
0 
phase 7 1 4 0 1 2 1 0 1 64
1 0 
0 
peccfile 2 2 8 0 0 2 1 0 1 64
1 ""
0 
phfid 1 1 3600 -3600 0.1 3 1 0 0 64
1 0 
0 
pipat2 2 2 8 0 0 2 1 0 1 64
1 "fm_invpat2_10"
0 
pilot 4 2 0 0 0 2 1 0 1 64
1 "n"
0 
phi 1 1 9.99999984307e+17 -9.99999984307e+17 0 2 1 0 1 64
1 0 
0 
pipat1 2 2 8 0 0 2 1 0 1 64
1 "fm_invpat_10"
0 
pltmod 2 2 8 0 0 4 1 0 1 64
1 "off"
5 "off" "fixed" "full" "variable" "user" 
planSs 1 1 9.99999984307e+17 -9.99999984307e+17 0 4 1 0 1 64
1 1 
0 
planValue 2 2 8 0 0 2 1 0 1 64
1 "trans"
0 
pmode 2 2 8 0 0 3 1 0 1 64
1 "partial"
0 
ppe 1 1 9.99999984307e+17 -9.99999984307e+17 0 2 1 0 1 64
1 0 
0 
posY 2 2 8 0 0 2 1 0 1 64
1 "pro"
0 
pos3 1 1 1000000 -1000000 0 2 1 0 1 64
1 0 
0 
pos2 1 1 1000000 -1000000 0 2 1 0 1 64
1 0 
0 
posX 2 2 8 0 0 2 1 0 1 64
1 "ppe"
0 
position1 2 2 8 0 0 3 1 0 1 64
1 ""
0 
posZ 2 2 8 0 0 2 1 0 1 64
1 "pss0"
0 
position2 2 2 8 0 0 3 1 0 1 64
1 ""
0 
prescribed 2 2 8 0 0 2 1 0 1 64
1 "n"
0 
preacq 6 1 13 13 13 2 1 8192 0 64
1 0 
0 
ppe2 1 1 9.99999984307e+17 -9.99999984307e+17 0 2 1 0 1 64
1 0 
0 
prescan 2 2 8 0 0 3 1 0 1 64
9 ""
"Not Done"
"Complete"
"Not done"
"null"
"init"
""
""
""
0 
print_freq 2 2 8 0 0 2 1 0 1 64
1 "n"
2 "n" "y" 
presig 2 2 8 0 0 2 1 0 1 64
1 "l"
3 "h" "l" "n" 
print_grad 2 2 8 0 0 2 1 0 1 64
1 "n"
2 "n" "y" 
r1 1 1 1e+18 -1e+18 0 3 1 1 1 64
1 0.000282936671283 
0 
protocols 2 2 8 0 0 3 1 0 1 64
1 ""
0 
proc 2 2 8 0 0 3 1 0 1 64
1 "ft"
0 
pro 1 1 9.99999984307e+17 -9.99999984307e+17 0 2 1 0 1 64
1 0 
0 
priority 7 1 32768 0 1 2 1 0 1 64
1 5 
0 
procdim 7 1 1000000000 -1000000000 0 3 1 0 1 64
1 0 
0 
proc1 2 2 8 0 0 3 1 0 1 64
1 "ft"
0 
processid 1 1 9.99999984307e+17 -9.99999984307e+17 0 2 1 0 1 64
1 0 
0 
pss0 1 1 9.99999984307e+17 -9.99999984307e+17 0 2 1 0 1 64
1 0 
0 
pslabel 2 2 8 0 0 2 1 11 1 64
1 "fastestmap"
0 
psi 1 1 9.99999984307e+17 -9.99999984307e+17 0 2 1 0 1 64
1 0 
0 
pss 1 1 9.99999984307e+17 -9.99999984307e+17 0 2 1 0 1 64
1 0 
0 
pw90 6 1 13 13 13 2 1 8194 1 64
1 19.9999866486 
0 
pw 6 1 13 13 13 2 1 8194 1 64
1 3000 
0 
pwpat 2 2 8 0 0 2 1 0 1 64
1 "fm_bir4_45"
0 
rawMG 2 2 8 0 0 2 1 0 1 64
1 "n"
0 
radialAngles 1 1 9.99999984307e+17 -9.99999984307e+17 0 4 1 0 1 64
1 0 
0 
r5 1 1 1e+18 -1e+18 0 3 1 1 1 64
1 0 
0 
r3 1 1 1e+18 -1e+18 0 3 1 1 1 64
1 0 
0 
r2 1 1 1e+18 -1e+18 0 3 1 1 1 64
1 0.00123784807511 
0 
r4 1 1 1e+18 -1e+18 0 3 1 1 1 64
1 0 
0 
r7 1 1 1e+18 -1e+18 0 3 1 1 1 64
1 0 
0 
r6 1 1 1e+18 -1e+18 0 3 1 1 1 64
1 0 
0 
rawIM 2 2 8 0 0 2 1 0 1 64
1 "n"
0 
radialShift 1 1 9.99999984307e+17 -9.99999984307e+17 0 4 1 0 1 64
1 0 
0 
raw 2 2 8 0 0 2 1 0 1 64
1 ""
0 
rawIR 2 2 8 0 0 2 1 0 1 64
1 "n"
0 
rcoil 1 1 255 0 1 2 1 0 1 64
1 0 
0 
rawRE 2 2 8 0 0 2 1 0 1 64
1 "n"
0 
rawPH 2 2 8 0 0 2 1 0 1 64
1 "n"
0 
rc 7 1 32767 0 0 3 1 0 1 64
1 1 
0 
rcvrwt 1 1 9.99999984307e+17 -9.99999984307e+17 0 2 1 256 1 64
1 1 
0 
rcvrs 4 2 4 0 0 2 1 1 1 64
1 "y"
2 "n" "y" 
rcvrout 2 2 8 0 0 2 1 0 1 64
1 ""
0 
ref 1 1 9.99999984307e+17 -9.99999984307e+17 0 3 1 0 1 64
1 0 
0 
recon 2 2 8 0 0 2 1 0 1 64
1 ""
0 
tr 3 1 14 14 14 2 1 8194 1 64
1 1 
0 
spin 1 1 39 0 1 2 1 0 0 64
1 0 
0 
sc2 1 1 3 3 3 4 1 8195 1 64
1 0 
0 
rp 1 1 3600 -3600 0.1 4 1 3 1 64
1 90 
0 
rfcoil 2 2 8 0 0 2 1 0 1 64
1 "main"
0 
refpos1 1 1 9.99999984307e+17 -9.99999984307e+17 0 4 1 0 0 64
1 0 
0 
reffrq1 1 1 9.99999984307e+17 -9.99999984307e+17 0 4 1 0 1 64
1 169.2202477 
0 
reffrq 1 1 9.99999984307e+17 -9.99999984307e+17 0 4 1 0 1 64
1 200.5027467 
0 
refpos 1 1 9.99999984307e+17 -9.99999984307e+17 0 4 1 0 0 64
1 0 
0 
resto 5 1 1000000000 -1000000000 0 2 1 0 1 64
1 398.3 
0 
refsource1 2 2 8 0 0 4 1 0 1 64
1 "sfrq"
0 
rfband 4 2 4 0 0 2 1 0 1 64
1 "cc"
3 "c" "h" "l" 
rfp1 1 1 1000000000 -1000000000 0 4 1 1 1 64
1 0 
0 
rfl1 1 1 1000000000 -1000000000 0 4 1 1 1 64
1 0 
0 
rfl 1 1 1000000000 -1000000000 0 4 1 1 1 64
1 0 
0 
rfp 1 1 1000000000 -1000000000 0 4 1 1 1 64
1 0 
0 
rof2 6 1 8190 10 0.1 2 1 2 1 64
1 10 
0 
rof1 6 1 8190 10 0.1 2 1 2 1 64
1 10 
0 
sb 1 1 1000 -1000 0.001 3 1 0 0 64
1 0.00126207899302 
0 
sar 4 2 4 0 0 2 1 0 1 64
1 "y"
0 
rport 2 2 8 0 0 2 1 0 1 64
1 "quad"
4 "quad" "lin" "body" "rec" 
rp1 1 1 3600 -3600 0.1 4 1 3 1 64
1 0 
0 
samplename 2 2 8 0 0 2 1 0 1 64
1 ""
0 
sample 2 2 8 0 0 2 1 1 1 64
1 ""
0 
satpos 1 1 9.99999984307e+17 -9.99999984307e+17 0 2 1 0 1 64
1 0 
0 
satorient 2 2 8 0 0 2 1 0 1 64
1 "cor"
0 
satthk 1 1 9.99999984307e+17 -9.99999984307e+17 0 2 1 0 1 64
1 0 
0 
sbs1 1 1 1000 -1000 0.001 3 1 1 0 64
1 0 
0 
sbs 1 1 1000 -1000 0.001 3 1 1 0 64
1 0 
0 
sb1 1 1 1000 -1000 0.001 3 1 1 0 64
1 0 
0 
sc 1 1 1 1 1 4 1 8195 1 64
1 188.4375 
0 
shimval 1 1 9.99999984307e+17 -9.99999984307e+17 0 3 1 0 1 64
56 -437 -110 217 544 871 1198 1525 -1861 -1534 -1207 -880 -553 -226 101 -1011 -684 -357 -30 297 624 951 -891 -564 -237 90 417 744 1071 -831 -504 -177 150 477 804 1131 -1101 -774 -447 -120 207 534 861 -791 -464 -137 190 517 844 1171 -1031 -704 -377 -50 277 604 931 
0 
sf1 1 1 9.99999984307e+17 -9.99999984307e+17 0 4 1 0 1 64
1 0 
0 
scoutpaths 2 2 8 0 0 2 1 0 1 64
1 "/home/lana/vnmrsys/data/s_2010081801/ge3d_2010081801.img"
0 
scoutnodes 2 2 8 0 0 2 1 0 1 64
1 ""
0 
scans 2 2 8 0 0 3 1 0 1 64
1 ""
0 
scoutpath 2 2 8 0 0 2 1 0 1 64
1 "/home/lana/vnmrsys/data/s_2010081801/ge3d_2010081801.img"
0 
seqfil 2 2 8 0 0 2 1 11 1 64
1 "fastestmap"
0 
sdirtmplt 2 2 8 0 0 2 1 0 1 64
1 ""
0 
sf 1 1 8190 0 1e-07 4 1 3 1 64
1 0 
0 
shimcoil 2 2 8 0 0 3 1 0 1 64
56 "x1"
"x1"
"x1"
"x1"
"x1"
"x1"
"x1"
"y1"
"y1"
"y1"
"y1"
"y1"
"y1"
"y1"
"z1c"
"z1c"
"z1c"
"z1c"
"z1c"
"z1c"
"z1c"
"xz"
"xz"
"xz"
"xz"
"xz"
"xz"
"xz"
"yz"
"yz"
"yz"
"yz"
"yz"
"yz"
"yz"
"z2c"
"z2c"
"z2c"
"z2c"
"z2c"
"z2c"
"z2c"
"xy"
"xy"
"xy"
"xy"
"xy"
"xy"
"xy"
"x2y2"
"x2y2"
"x2y2"
"x2y2"
"x2y2"
"x2y2"
"x2y2"
0 
shcycle 7 1 32767 0 0 3 1 0 1 64
4 1 1 1 0 
0 
sfrq 1 1 1000000000 0 0 2 1 11 1 64
1 399.4158375 
0 
shdel 1 1 9.99999984307e+17 -9.99999984307e+17 0 3 1 0 1 64
4 0.001 0.004 0.006 0.006 
0 
shimorder 7 1 32767 0 0 2 1 0 1 64
1 1 
0 
shimfile 2 2 8 0 0 2 1 0 1 64
1 ""
0 
shimmaptau 3 1 14 14 14 2 1 8192 1 64
1 0.0053 
0 
shims 2 2 8 0 0 2 1 0 1 64
1 "start"
0 
shimpass 1 1 9.99999984307e+17 -9.99999984307e+17 0 2 1 0 1 64
1 2 
0 
shsel 7 1 32767 0 0 3 1 0 1 64
4 1 1 2 2 
0 
shownumbers 2 2 8 0 0 2 1 0 1 64
1 "n"
0 
showarray 2 2 8 0 0 2 1 0 1 64
1 "horiz"
0 
show_grad 7 1 32767 0 0 2 1 0 1 64
1 0 
0 
showOptions 7 1 32767 0 0 4 1 0 1 64
1 0 
0 
show_rf 7 1 32767 0 0 2 1 0 1 64
1 0 
0 
showcontent 2 2 8 0 0 2 1 0 1 64
1 "s"
0 
shownumx 1 1 9.99999984307e+17 -9.99999984307e+17 0 2 1 0 1 64
1 0 
0 
shownumstyle 2 2 8 0 0 2 1 0 1 64
1 "auto"
0 
shownumy 1 1 9.99999984307e+17 -9.99999984307e+17 0 2 1 0 1 64
1 0 
0 
sn 1 1 1e+18 -1e+18 0 3 1 1 1 64
1 0 
0 
slices 2 2 8 0 0 3 1 0 1 64
1 "single"
0 
sl 7 1 32767 0 0 3 1 0 1 64
1 1 
0 
smooth 7 1 5 0 1 2 1 0 1 64
1 0 
0 
sorient 2 2 8 0 0 2 1 0 1 64
1 ""
0 
solvent 2 2 8 0 0 2 1 11 1 64
1 "none"
0 
sp1 1 1 1000000000 -1000000000 0 4 1 3 1 64
1 0 
0 
sp 1 1 1000000000 -1000000000 0 4 1 3 1 64
1 17950 
0 
sphi 1 1 9.99999984307e+17 -9.99999984307e+17 0 2 1 0 1 64
1 0 
0 
tgsettle 3 1 14 14 14 2 1 8194 1 64
1 0.0001 
0 
sw 1 1 5 5 5 2 1 8203 1 64
1 50000 
0 
ss_o 7 1 32767 0 0 2 1 0 1 64
1 0 
0 
sreffrq 1 1 9.99999984307e+17 -9.99999984307e+17 0 2 1 0 1 64
1 399.415439188 
0 
spsi 1 1 9.99999984307e+17 -9.99999984307e+17 0 2 1 0 1 64
1 0 
0 
ss 7 1 32767 -32768 0 2 1 0 1 64
1 1 
0 
stheta 1 1 9.99999984307e+17 -9.99999984307e+17 0 2 1 0 1 64
1 0 
0 
step1 1 1 9.99999984307e+17 -9.99999984307e+17 0 3 1 0 1 64
1 1 
0 
startvol 1 1 9.99999984307e+17 -9.99999984307e+17 0 2 1 0 1 64
1 1 
0 
step2 1 1 9.99999984307e+17 -9.99999984307e+17 0 3 1 0 1 64
1 1 
0 
studyid_ 2 2 8 0 0 2 1 0 1 64
1 "s_2010081801"
0 
study 2 2 8 0 0 3 1 0 1 64
1 ""
0 
svftmplt 2 2 8 0 0 2 1 0 1 64
1 ""
0 
te1 3 1 14 14 14 2 1 8194 1 64
1 0.007 
0 
tau 3 1 14 14 14 2 1 8194 1 64
1 0.001 
0 
sw1 1 1 9.99999984307e+17 -9.99999984307e+17 0 2 1 0 1 64
1 0 
0 
tcoil 1 1 255 0 1 2 1 0 1 64
1 0 
0 
te2 3 1 14 14 14 2 1 8194 1 64
1 0.01 
0 
temp 1 1 200 -150 0.1 2 1 8 1 64
1 0 
0 
time_svfdate 2 2 8 0 0 2 1 0 1 64
1 "20081203T135406"
0 
time_exp 2 2 8 0 0 2 1 0 1 64
1 ""
0 
thk 1 1 50 0 0 2 1 0 1 64
1 2 
0 
th2d 1 1 1 1e-18 0 4 1 17 1 64
1 0.8 
0 
th 1 1 1000000000 0 0 4 1 1 1 64
1 29.062635661 
0 
theta 1 1 9.99999984307e+17 -9.99999984307e+17 0 2 1 0 1 64
1 0 
0 
ticks 7 1 1000 0 1 2 1 0 1 64
1 0 
0 
ti 3 1 100 0 0.1 2 1 0 1 64
1 1.4 
0 
time_complete 2 2 8 0 0 2 1 0 1 64
1 "20081203T135406"
0 
time_saved 2 2 8 0 0 2 1 0 1 64
1 "20100818T175919"
0 
time_processed 2 2 8 0 0 3 1 0 1 64
1 ""
0 
time_plotted 2 2 8 0 0 3 1 0 1 64
1 ""
0 
time_run 2 2 8 0 0 2 1 0 1 64
1 "20081203T135406"
0 
time_submitted_local 2 2 8 0 0 2 1 0 1 64
1 "20081203T135406X01PMWedDec"
0 
time_submitted 2 2 8 0 0 2 1 0 1 64
1 "20081203T135406"
0 
toy 5 1 50000 -50000 0.1 2 1 0 1 64
1 -740.6 
0 
tn 2 2 4 0 0 2 1 8 1 64
1 "H1"
0 
tlt 1 1 1000000000 -1000000000 0 4 1 1 1 64
1 0 
0 
tin 2 2 8 0 0 2 1 2 1 64
1 "n"
3 "n" "w" "y" 
tm 3 1 14 14 14 2 1 8192 1 64
1 0.008 
0 
tof_delta 5 1 1000000000 -1000000000 0 2 1 0 1 64
1 0 
0 
tof 5 1 7 7 7 2 1 8202 1 64
1 398.3 
0 
tox 5 1 50000 -50000 0.1 2 1 0 1 64
1 -740.6 
0 
tpwr4 7 1 127 0 1 2 1 0 1 64
1 0 
0 
tport 2 2 8 0 0 2 1 0 1 64
1 "quad"
3 "quad" "lin" "body" 
toz 5 1 50000 -50000 0.1 2 1 0 1 64
1 -740.6 
0 
tpwr 1 1 17 17 17 2 1 8194 1 64
1 46 
0 
tpwr5 7 1 127 0 1 2 1 0 1 64
1 0 
0 
ws_delta 5 1 1000000000 -1000000000 0 2 1 0 1 64
1 0 
0 
vphi 1 1 9.99999984307e+17 -9.99999984307e+17 0 2 1 8 1 64
1 0 
0 
vf 1 1 1000000000 0 0 4 1 3 1 64
1 1822.92022706 
0 
tspoil 3 1 14 14 14 2 1 8194 1 64
1 0.02 
0 
triang 2 2 8 0 0 2 1 0 1 64
1 "y"
2 "n" "y" 
tramp 3 1 14 14 14 2 1 8194 1 64
1 0.0003 
0 
trace 2 2 2 0 0 4 1 3 1 64
1 "f1"
2 "f1" "f2" 
trew 3 1 14 14 14 2 1 8194 1 64
1 0.002 
0 
tror 3 1 14 14 14 2 1 8194 1 64
1 0.001 
0 
trise 1 1 9.99999984307e+17 -9.99999984307e+17 0 2 1 0 1 64
1 0.0001 
0 
tsp 3 1 14 14 14 2 1 8192 1 64
1 0.001 
0 
tuneport 2 2 8 0 0 2 1 0 1 64
1 "quad"
2 "quad" "tune" 
tssr 3 1 14 14 14 2 1 8194 1 64
1 0.0008 
0 
vorient 2 2 8 0 0 2 1 0 1 64
1 "trans"
0 
volnv2 7 1 32767 0 0 2 1 0 1 64
1 0 
0 
vo 1 1 500 -500 0 4 1 1 1 64
1 0 
0 
volumes 1 1 9.99999984307e+17 -9.99999984307e+17 0 2 1 0 1 64
1 0 
0 
volumercv 2 2 8 0 0 2 1 0 1 64
1 "y"
0 
volumexmt 2 2 8 0 0 2 1 0 1 64
1 "y"
0 
vp 7 1 500 -500 0.1 4 1 3 1 64
1 0 
0 
vox2 1 1 1000000 -1000000 0 2 1 0 1 64
1 5 
0 
vox1 1 1 1000000 -1000000 0 2 1 0 1 64
1 5 
0 
vox3 1 1 1000000 -1000000 0 2 1 0 1 64
1 5 
0 
vpfi 1 1 500 -500 0 4 1 0 1 64
1 0 
0 
vpf 1 1 500 -500 0 4 1 0 1 64
1 0 
0 
wbs 2 2 6 0 0 3 1 3 1 64
1 ""
0 
vtc 1 1 255 0 1 2 1 2 1 64
1 0 
0 
vs 1 1 1000000000 1e-06 0 4 1 3 1 64
1 39399.4172251 
0 
vpsi 1 1 9.99999984307e+17 -9.99999984307e+17 0 2 1 8 1 64
1 0 
0 
vsproj 1 1 1000000000 1e-06 0 4 1 3 1 64
1 2585.60399546 
0 
vs2d 1 1 1000000000 1e-06 0 4 1 3 1 64
1 2585.60399546 
0 
vtwait 3 1 14 14 14 2 1 8194 1 64
1 0 
0 
vtheta 1 1 9.99999984307e+17 -9.99999984307e+17 0 2 1 8 1 64
1 0 
0 
wexp 2 2 6 0 0 3 1 3 1 64
1 "fm_shimautocalib"
0 
weight 1 1 9.9e+17 0 0.001 3 1 0 1 64
1 0 
0 
wc2 1 1 4 4 4 4 1 8195 1 64
1 65 
0 
wc 1 1 2 2 2 4 1 8203 1 64
1 11.5625 
0 
wdone 2 2 8 0 0 3 1 0 1 64
1 ""
0 
werr 2 2 6 0 0 3 1 3 1 64
1 ""
0 
wnt 2 2 6 0 0 3 1 3 1 64
1 ""
0 
wf1 1 1 9.99999984307e+17 -9.99999984307e+17 0 4 1 0 1 64
1 0.019316 
0 
wf 1 1 8190 0 1e-07 4 1 3 1 64
1 0.00256 
0 
wp 1 1 5000000 0 0 4 1 11 1 64
1 7050 
0 
wp1 1 1 100000 0 0 4 1 3 1 64
1 3313.31538621 
0 
z2xy 7 1 19 19 19 2 1 8192 1 64
1 0 
0 
yz2 7 1 19 19 19 2 1 8192 1 64
1 0 
0 
xdiag 1 1 1e+18 0 0 4 1 17 1 64
1 0 
0 
x1 7 1 19 19 19 2 1 8192 1 64
1 -734 
0 
wtfile 2 2 8 0 0 3 1 0 1 64
1 ""
0 
wshim 4 2 4 0 0 2 1 1 1 64
1 "n"
15 "e" "f" "g" "n" "s" "0" "1" "2" "3" "4" "5" "6" "7" "8" "9" 
wtfile1 2 2 8 0 0 3 1 0 1 64
1 ""
0 
x3 7 1 19 19 19 2 1 8192 1 64
1 0 
0 
x2y2 7 1 19 19 19 2 1 8192 1 64
1 -55 
0 
x4 7 1 19 19 19 2 1 8192 1 64
1 0 
0 
y1 7 1 19 19 19 2 1 8192 1 64
1 -641 
0 
xz 7 1 19 19 19 2 1 8192 1 64
1 312 
0 
xy 7 1 19 19 19 2 1 8192 1 64
1 451 
0 
xz2 7 1 19 19 19 2 1 8192 1 64
1 0 
0 
y4 7 1 19 19 19 2 1 8192 1 64
1 0 
0 
y3 7 1 19 19 19 2 1 8192 1 64
1 0 
0 
yz 7 1 19 19 19 2 1 8192 1 64
1 -342 
0 
z2 7 1 19 19 19 2 1 8192 1 64
1 -56 
0 
z1 7 1 19 19 19 2 1 8192 1 64
1 527 
0 
z1c 7 1 19 19 19 2 1 8192 1 64
1 -1044 
0 
z2x2y2 7 1 19 19 19 2 1 8192 1 64
1 0 
0 
z2c 7 1 19 19 19 2 1 8192 1 64
1 196 
0 
z2x3 7 1 19 19 19 2 1 8192 1 64
1 0 
0 
z4x 7 1 19 19 19 2 1 8192 1 64
1 0 
0 
z3y 7 1 19 19 19 2 1 8192 1 64
1 0 
0 
z3x 7 1 19 19 19 2 1 8192 1 64
1 0 
0 
z3 7 1 19 19 19 2 1 8192 1 64
1 0 
0 
z2y3 7 1 19 19 19 2 1 8192 1 64
1 0 
0 
z3c 7 1 19 19 19 2 1 8192 1 64
1 0 
0 
z3x3 7 1 19 19 19 2 1 8192 1 64
1 0 
0 
z3x2y2 7 1 19 19 19 2 1 8192 1 64
1 0 
0 
z3xy 7 1 19 19 19 2 1 8192 1 64
1 0 
0 
z4 7 1 19 19 19 2 1 8192 1 64
1 0 
0 
z3y3 7 1 19 19 19 2 1 8192 1 64
1 0 
0 
z4c 7 1 19 19 19 2 1 8192 1 64
1 0 
0 
z5y 7 1 19 19 19 2 1 8192 1 64
1 0 
0 
z5 7 1 19 19 19 2 1 8192 1 64
1 0 
0 
z4xy 7 1 19 19 19 2 1 8192 1 64
1 0 
0 
z4x2y2 7 1 19 19 19 2 1 8192 1 64
1 0 
0 
z4y 7 1 19 19 19 2 1 8192 1 64
1 0 
0 
z5x 7 1 19 19 19 2 1 8192 1 64
1 0 
0 
z8 7 1 19 19 19 2 1 8192 1 64
1 0 
0 
z7 7 1 19 19 19 2 1 8192 1 64
1 0 
0 
z6 7 1 19 19 19 2 1 8192 1 64
1 0 
0 
zx3 7 1 19 19 19 2 1 8192 1 64
1 0 
0 
zx2y2 7 1 19 19 19 2 1 8192 1 64
1 0 
0 
zxy 7 1 19 19 19 2 1 8192 1 64
1 0 
0 
zy3 7 1 19 19 19 2 1 8192 1 64
1 0 
0 
