# BIP pulse 720-50-20 : +/- 50% offset performance
#                       +/- 20% B1 field tolerance
#     pulse length eauivalent to 720deg rotation
# Smith, ..., Shaka, JMR 2001,151,269. 
%
#       Shape Parameters
#       ----------------
fmf 	= sqw	(frequency modulation function)
fla 	= 180.0	(default flipangle on resonance)
pwbw 	= 3.00  (pulsewidth to bandwidth product)
dres    = 1.0   (default tipangle resolution, deg)
steps 	= 300	(default number of steps)

#       Phase/Length Table
#       ------------------
cols 	= 2 (columns)
rows 	= 300 (rows) 
  
#        phase    flipangle
#        ------------------
         331.410  2.4
	 330.724  2.4
	 328.594  2.4
	 324.974  2.4
	 319.284  2.4
	 311.388  2.4
	 301.984  2.4
	 291.775  2.4
	 281.400  2.4
	 270.957  2.4
	 260.603  2.4
	 250.529  2.4
	 240.927  2.4
	 231.988  2.4
	 223.905  2.4
	 216.869  2.4
	 210.599  2.4
	 204.706  2.4
	 199.167  2.4
	 193.959  2.4
	 189.061  2.4
	 184.448  2.4
	 180.099  2.4
	 175.990  2.4
	 172.100  2.4
	 168.406  2.4
	 164.885  2.4
	 161.514  2.4
	 158.271  2.4
	 155.133  2.4
	 152.074  2.4
	 149.076  2.4
	 146.126  2.4
	 143.223  2.4
	 140.366  2.4
	 137.555  2.4
	 134.787  2.4
	 132.064  2.4
	 129.382  2.4
	 126.742  2.4
	 124.143  2.4
	 121.583  2.4
	 119.062  2.4
	 116.578  2.4
	 114.132  2.4
	 111.721  2.4
	 109.345  2.4
	 107.004  2.4
	 104.695  2.4
	 102.419  2.4
	 100.174  2.4
	  97.959  2.4
	  95.774  2.4
	  93.617  2.4
	  91.487  2.4
	  89.385  2.4
	  87.307  2.4
	  85.255  2.4
	  83.226  2.4
	  81.221  2.4
	  79.245  2.4
	  77.283  2.4
	  75.342  2.4
	  73.423  2.4
	  71.526  2.4
	  69.653  2.4
	  67.801  2.4
	  65.973  2.4
	  64.168  2.4
	  62.387  2.4
	  60.630  2.4
	  58.898  2.4
	  57.189  2.4
	  55.506  2.4
	  53.847  2.4
	  52.214  2.4
	  50.607  2.4
	  49.025  2.4
	  47.470  2.4
	  45.941  2.4
	  44.439  2.4
	  42.965  2.4
	  41.517  2.4
	  40.097  2.4
	  38.705  2.4
	  37.342  2.4
	  36.007  2.4
	  34.700  2.4
	  33.423  2.4
	  32.175  2.4
	  30.956  2.4
	  29.765  2.4
	  28.599  2.4
	  27.459  2.4
	  26.344  2.4
	  25.255  2.4
	  24.191  2.4
	  23.152  2.4
	  22.138  2.4
	  21.148  2.4
	  20.184  2.4
	  19.245  2.4
	  18.331  2.4
	  17.441  2.4
	  16.576  2.4
	  15.735  2.4
	  14.919  2.4
	  14.127  2.4
	  13.360  2.4
	  12.617  2.4
	  11.898  2.4
	  11.204  2.4
	  10.533  2.4
	   9.886  2.4
	   9.264  2.4
	   8.665  2.4
	   8.090  2.4
	   7.539  2.4
	   7.011  2.4
	   6.507  2.4
	   6.024  2.4
	   5.566  2.4
	   5.130  2.4
	   4.715  2.4
	   4.320  2.4
	   3.946  2.4
	   3.592  2.4
	   3.258  2.4
	   2.942  2.4
	   2.646  2.4
	   2.367  2.4
	   2.107  2.4
	   1.864  2.4
	   1.638  2.4
	   1.429  2.4
	   1.236  2.4
	   1.059  2.4
	   0.897  2.4
	   0.750  2.4
	   0.617  2.4
	   0.499  2.4
	   0.394  2.4
	   0.303  2.4
	   0.225  2.4
	   0.159  2.4
	   0.105  2.4
	   0.063  2.4
	   0.032  2.4
	   0.011  2.4
	   0.001  2.4
	   0.001  2.4
	   0.011  2.4
	   0.032  2.4
	   0.063  2.4
	   0.105  2.4
	   0.159  2.4
	   0.225  2.4
	   0.303  2.4
	   0.394  2.4
	   0.499  2.4
	   0.617  2.4
	   0.750  2.4
	   0.897  2.4
	   1.059  2.4
	   1.236  2.4
	   1.429  2.4
	   1.638  2.4
	   1.864  2.4
	   2.107  2.4
	   2.367  2.4
	   2.646  2.4
	   2.942  2.4
	   3.258  2.4
	   3.592  2.4
	   3.946  2.4
	   4.320  2.4
	   4.715  2.4
	   5.130  2.4
	   5.566  2.4
	   6.024  2.4
	   6.507  2.4
	   7.011  2.4
	   7.539  2.4
	   8.090  2.4
	   8.665  2.4
	   9.264  2.4
	   9.886  2.4
	  10.533  2.4
	  11.204  2.4
	  11.898  2.4
	  12.617  2.4
	  13.360  2.4
	  14.127  2.4
	  14.919  2.4
	  15.735  2.4
	  16.576  2.4
	  17.441  2.4
	  18.331  2.4
	  19.245  2.4
	  20.184  2.4
	  21.148  2.4
	  22.138  2.4
	  23.152  2.4
	  24.191  2.4
	  25.255  2.4
	  26.344  2.4
	  27.459  2.4
	  28.599  2.4
	  29.765  2.4
	  30.956  2.4
	  32.175  2.4
	  33.423  2.4
	  34.700  2.4
	  36.007  2.4
	  37.342  2.4
	  38.705  2.4
	  40.097  2.4
	  41.517  2.4
	  42.965  2.4
	  44.439  2.4
	  45.941  2.4
	  47.470  2.4
	  49.025  2.4
	  50.607  2.4
	  52.214  2.4
	  53.847  2.4
	  55.506  2.4
	  57.189  2.4
	  58.898  2.4
	  60.630  2.4
	  62.387  2.4
	  64.168  2.4
	  65.973  2.4
	  67.801  2.4
	  69.653  2.4
	  71.526  2.4
	  73.423  2.4
	  75.342  2.4
	  77.283  2.4
	  79.245  2.4
	  81.221  2.4
	  83.226  2.4
	  85.255  2.4
	  87.307  2.4
	  89.385  2.4
	  91.487  2.4
	  93.617  2.4
	  95.774  2.4
	  97.959  2.4
	 100.174  2.4
	 102.419  2.4
	 104.695  2.4
	 107.004  2.4
	 109.345  2.4
	 111.721  2.4
	 114.132  2.4
	 116.578  2.4
	 119.062  2.4
	 121.583  2.4
	 124.143  2.4
	 126.742  2.4
	 129.382  2.4
	 132.064  2.4
	 134.787  2.4
	 137.555  2.4
	 140.366  2.4
	 143.223  2.4
	 146.126  2.4
	 149.076  2.4
	 152.074  2.4
	 155.133  2.4
	 158.271  2.4
	 161.514  2.4
	 164.885  2.4
	 168.406  2.4
	 172.100  2.4
	 175.990  2.4
	 180.099  2.4
	 184.448  2.4
	 189.061  2.4
	 193.959  2.4
	 199.167  2.4
	 204.706  2.4
	 210.599  2.4
	 216.869  2.4
	 223.905  2.4
	 231.988  2.4
	 240.927  2.4
	 250.529  2.4
	 260.603  2.4
	 270.957  2.4
	 281.400  2.4
	 291.775  2.4
	 301.984  2.4
	 311.388  2.4
	 319.284  2.4
	 324.974  2.4
	 328.594  2.4
	 330.724  2.4
           0.00   2.4