acqcycles 1 1 9.99999984307e+17 -9.99999984307e+17 0 2 1 0 1 64
1 26 
0 
ACQtime 7 1 100000000 0 1 2 1 256 1 64
1 1041 
0 
array 2 2 256 0 0 2 1 1 1 64
1 "dof"
0 
arraydim 7 1 32768 1 1 2 1 5 1 64
1 26 
0 
arrayelemts 1 1 9.99999984307e+17 -9.99999984307e+17 0 2 1 0 1 64
1 1 
0 
d1 3 1 14 14 14 2 1 8194 1 64
1 20 
0 
dfrq 5 1 1000000000 -1000000000 0 2 1 8 1 64
1 499.6988043 
0 
dmm 4 2 4 0 0 2 1 0 1 64
1 "c"
9 "c" "f" "g" "m" "p" "r" "u" "w" "x" 
dof 5 1 8 8 8 2 5 8202 1 64
26 -836.5 -836.1 -835.7 -835.3 -834.9 -834.5 -834.1 -833.7 -833.3 -832.9 -832.5 -832.1 -831.7 -831.3 -830.9 -830.5 -830.1 -829.7 -829.3 -828.9 -828.5 -828.1 -827.7 -827.3 -826.9 -826.5 
0 
execprocess 2 2 8 0 0 2 1 0 1 64
1 "IPC13res_finddof"
0 
svftmplt 2 2 8 0 0 2 1 0 1 64
1 "DecouplerOptimize_"
0 
time_saved 2 2 8 0 0 4 1 0 1 64
1 "20130808T172943"
0 
REQexp 2 2 8 0 0 4 1 256 1 64
1 ""
0 
