ACQtime 7 1 100000000 0 1 2 1 256 1 64
1 7 
0 
at 1 1 14 14 14 2 1 8203 1 64
1 4.9999872 
0 
d1 3 1 14 14 14 2 1 8194 1 64
1 1 
0 
execprocess 2 2 8 0 0 2 1 0 1 64
1 ""
0 
method 2 2 6 0 0 2 1 3 1 64
1 "shimC13res"
0 
np 7 1 524288 32 2 2 1 11 1 64
1 19968 
0 
svftmplt 2 2 8 0 0 2 1 0 1 64
1 "ShimOptimize_"
0 
time_saved 2 2 8 0 0 4 1 0 1 64
1 "20130808T172935"
0 
wshim 4 2 4 0 0 2 1 1 1 64
1 "s"
15 "e" "f" "g" "n" "s" "0" "1" "2" "3" "4" "5" "6" "7" "8" "9" 
fn 7 1 524288 64 -2 3 1 1 1 64
1 131072 
0 
Gmap 2 2 8 0 0 2 1 1 1 64
1 "lk"
0 
Gmapname 2 2 8 0 0 2 1 1 1 64
1 ""
0 
REQexp 2 2 8 0 0 4 1 256 1 64
1 ""
0 
