lifrq 1 1 1000000000 -1000000000 0 4 1 0 0 64
1 0 
0 
dod 3 1 14 14 14 2 1 8194 1 64
1 0.00999999977648 
0 
ct 7 1 1000000000 0 1 2 1 6 1 64
1 0 
0 
ap 2 2 1023 0 0 4 1 6 1 64
1 "1:SAMPLE:date,solvent,file;1:ACQUISITION:sw:1,at:3,np:0,fb:0,bs(bs):0,ss(ss):0,d1:3,d2(d2):6,nt:0,ct:0;1:TRANSMITTER:tn,sfrq:3,tof:1,tpwr:0,pw:3,p1(p1):3;1:DECOUPLER:dn,dof:1,dm,dmm,dpwr:0,dmf:0;2:SPECIAL:temp:1,gain:0,spin:0,hst:3,pw90:3,alfa:3;2:FLAGS:il,in,dp,hs;2:PROCESSING:lb(lb):2,sb(sb):3,sbs(sb):3,gf(gf):3,gfs(gf):3,awc(awc):3,lsfid(lsfid):0,lsfrq(lsfrq):1,phfid(phfid):1,fn:0;2:DISPLAY:sp:1,wp:1,rfl:1,rfp:1,rp:1,lp:1;2:PLOT:wc:0,sc:0,vs:0,th:0,aig*,dcg*,dmg*;"
0 
CARBONnt 7 1 32767 0 0 3 1 1 1 64
1 0 
0 
AuCobs 4 2 4 0 0 3 1 1 1 64
1 "n"
0 
AuCdec 4 2 4 0 0 3 1 1 1 64
1 "n"
0 
AuCgrad 4 2 4 0 0 3 1 1 1 64
1 "n"
0 
Augcal 4 2 4 0 0 3 1 1 1 64
1 "n"
0 
AuHobs 4 2 4 0 0 3 1 1 1 64
1 "n"
0 
AuHdec 4 2 4 0 0 3 1 1 1 64
1 "n"
0 
C13pw90 6 1 13 13 13 2 1 8192 1 64
1 0 
0 
C13dpwr 7 1 32767 0 0 2 1 0 1 64
1 0 
0 
C13dmf 7 1 32767 0 0 2 1 0 1 64
1 0 
0 
C13pwxlvl 7 1 32767 0 0 2 1 0 1 64
1 0 
0 
C13pwx 6 1 13 13 13 2 1 8192 1 64
1 0 
0 
C13tpwr 7 1 32767 0 0 2 1 0 1 64
1 0 
0 
PFGflg 4 2 4 0 0 2 1 1 1 64
1 "n"
0 
H1pp 6 1 13 13 13 2 1 8192 1 64
1 0 
0 
H1dmf 7 1 32767 0 0 2 1 0 1 64
1 0 
0 
FLUORINEnt 7 1 32767 0 0 3 1 1 1 64
1 0 
0 
H1dpwr 7 1 32767 0 0 2 1 0 1 64
1 0 
0 
H1pw90 6 1 13 13 13 2 1 8192 1 64
1 0 
0 
H1pplvl 7 1 32767 0 0 2 1 0 1 64
1 0 
0 
H1tpwr 7 1 32767 0 0 2 1 0 1 64
1 0 
0 
aig 2 2 2 0 0 4 1 1 1 64
1 "nm"
2 "nm" "ai" 
PROTONnt 7 1 32767 0 0 3 1 1 1 64
1 0 
0 
PHOSPHORUSnt 7 1 32767 0 0 3 1 1 1 64
1 0 
0 
acqstatus 7 1 32767 0 0 2 1 0 1 64
2 101 0 
0 
Probegcal 1 1 9.99999984307e+17 -9.99999984307e+17 0 2 1 0 1 64
1 0 
0 
alfa 6 1 8190 -8190 0.025 2 1 2 1 64
1 6.6 
0 
alock 2 2 8 0 0 2 1 0 1 64
1 "s"
4 "a" "n" "s" "y" 
axis 4 2 4 0 0 4 1 0 1 64
1 "p"
11 "c" "d" "1" "2" "3" "h" "k" "m" "n" "p" "u" 
at 1 1 14 14 14 2 1 8203 1 64
1 2.048 
0 
arraydim 7 1 32768 1 1 2 1 5 1 64
1 1 
0 
array 2 2 256 0 0 2 1 1 1 64
1 ""
0 
arrayelemts 1 1 9.99999984307e+17 -9.99999984307e+17 0 2 1 0 1 64
1 0 
0 
awc 1 1 1 -1 0.001 3 1 1 0 64
1 0 
0 
awc1 1 1 1 -1 0.001 3 1 1 0 64
1 0 
0 
cp 2 2 1 0 0 2 1 0 1 64
1 "y"
2 "y" "n" 
bs 7 1 32767 0 1 2 1 0 1 64
1 16 
0 
axisf 4 2 4 0 0 4 1 0 1 64
1 "s"
4 "m" "n" "s" "u" 
cf 7 1 32767 0 1 3 1 1 0 64
1 1 
0 
celem 1 1 9.99999984307e+17 -9.99999984307e+17 0 2 1 0 1 64
1 1 
0 
console 2 2 8 0 0 2 1 0 1 64
1 "mercury"
0 
cr1 1 1 1000000000 -1000000000 0 4 1 3 1 64
1 0 
0 
cr 1 1 1000000000 -1000000000 0 4 1 1 1 64
1 0 
0 
crf 1 1 9.99999984307e+17 -9.99999984307e+17 0 4 1 0 1 64
1 0 
0 
dg1 2 2 1023 0 0 4 1 6 1 64
1 "1:DISPLAY:sp:1,wp:1,vs:0;1:REFERENCE:rfl:1,rfp:1,cr:1,delta:1;1:PHASE:lp:1,rp:1,rp1(ni):1,lp1(ni):1;2:CHART:sc:0,wc:0,hzmm:2,vp:0,axis,pltmod,,th:0,,ho:2,vo:2,,trace:2;3(ni):2D:sp1:1,wp1:1,sc2:0,wc2:0,rfl1:1,rfp1:1;3:FLAGS:aig*,dcg*,dmg*;3:FID:sf:3,wf:3,vf:0;4:INTEGRAL:intmod,is:2,ins:3,io:0,,lvl:3,tlt:3;"
0 
delta1 1 1 2000000 0 0 4 1 3 1 64
1 0 
0 
date 2 2 9 0 0 2 1 1 1 64
1 "Dec  3 96"
0 
d1 3 1 14 14 14 2 1 8194 1 64
1 1 
0 
cutoff 1 1 9.99999984307e+17 -9.99999984307e+17 0 4 1 0 0 64
1 200 
0 
d2 3 1 14 14 14 2 1 8194 1 64
1 0 
0 
dcg 2 2 3 0 0 4 1 1 1 64
1 "cdc"
2 "dc" "cdc" 
delta 1 1 2000000 0 0 4 1 1 1 64
1 493.799957275 
0 
dfrq 5 1 1000000000 -1000000000 0 2 1 8 1 64
1 100.6176224 
0 
deltaf 1 1 100 0 0 4 1 0 1 64
1 0 
0 
dfrq3 1 1 1000000000 0 0 2 1 9 1 64
1 0 
0 
dfrq2 1 1 1000000000 0 0 2 1 9 1 64
1 0 
0 
dg 2 2 1023 0 0 4 1 6 1 64
1 "1:ACQUISITION:seqfil,sw:1,at:3,np:0,fb:0,bs(bs):0,ss(ss):0,d1:3,d2(d2):6,nt:0,ct:0;1:SAMPLE:date,solvent,sample;2:TRANSMITTER:tn,sfrq:3,tof:1,tpwr:0,pw:3,p1(p1):3;2:DECOUPLER:dn,dof:1,dm,dmm,dpwr:0,dmf:0;3:SPECIAL:temp:1,spin:0,gain:0,hst:3,pw90:3,alfa:3;3:PRESATURATION:satmode,satfrq:1,satdly:3,satpwr;4:PROCESSING:cf(nf):0,lb:2,sb:3,sbs(sb):3,gf:3,gfs(gf):3,awc:3,lsfid:0,lsfrq(lsfrq):1,phfid(phfid):1,fn:0,math(math<>'f'),wtfile(wtfile<>'');4:FLAGS:il,in,dp,hs;"
0 
dmf 7 1 11 11 11 2 1 8194 1 64
1 11400 
0 
dlp 7 1 10 10 10 2 1 8194 0 64
1 1023 
0 
dgs 2 2 1023 0 0 4 1 6 1 64
4 "1:AXIAL SHIMS:z1:0,z1c:0,z2:0,z2c:0,z3:0,z4:0,z5:0;"
"2:NON AXIAL SHIMS:x1:0,y1:0,xz:0,yz:0,xy:0,x2y2:0,x3:0,y3:0;"
"4:AUTOMATION:method,wshim,load,,spin:0,gain:0,alock,loc:0;"
"4:SPECIAL:temp;"
0 
dg2 2 2 8 0 0 4 1 4 1 64
4 "1:1st DECOUPLING:dfrq:3,dn,dpwr(dpwr):0,dhp(dhp):1,dof:1,dm,dmm,dmf:0;"
"3(ni2):3D ACQUISITION:d3:3,sw2:1,ni2:0,phase2:0;"
"3(ni2):3D DISPLAY:rp2:1,lp2:1;"
"4(ni2):3D PROCESSING:lb2:3,sb2:3,sbs2(sb2):3,gf2:3,gfs2(gf2):3,awc2:3,wtfile2,proc2,fn2:0;"
0 
dhp 1 1 9 9 9 2 1 8192 0 64
1 1 
0 
dgs2 2 2 8 0 0 4 1 0 1 64
1 "1:DEFAULT SCANS:PROTONnt,CARBONnt,PHOSPHORUSnt,FLUORINEnt;2:SPECIAL:explist,macro,PFGflg;"
0 
dm2 4 2 4 0 0 2 1 0 1 64
1 "n"
4 "a" "n" "s" "y" 
dm 4 2 4 0 0 2 1 0 1 64
1 "nnn"
2 "n" "y" 
dm3 4 2 4 0 0 2 1 0 1 64
1 "n"
4 "a" "n" "s" "y" 
dmg1 2 2 8 0 0 4 1 0 1 64
1 ""
4 "" "av1" "ph1" "pwr1" 
dmf3 7 1 2000000 1 0 2 1 2 1 64
1 11400 
0 
dmf2 7 1 2000000 1 0 2 1 2 1 64
1 11400 
0 
dmg 2 2 2 0 0 4 1 3 1 64
1 "ph"
0 
dmm3 4 2 4 0 0 2 1 0 1 64
1 "c"
9 "c" "f" "g" "m" "p" "r" "u" "w" "x" 
dmm2 4 2 4 0 0 2 1 0 1 64
1 "c"
9 "c" "f" "g" "m" "p" "r" "u" "w" "x" 
dmm 4 2 4 0 0 2 1 0 1 64
1 "c"
9 "c" "f" "g" "m" "p" "r" "u" "w" "x" 
dn2 2 2 8 0 0 2 1 8 1 64
1 ""
0 
dn 2 2 4 0 0 2 1 8 1 64
1 "C13"
0 
dn3 2 2 8 0 0 2 1 8 1 64
1 ""
0 
gf 1 1 100000 0 0 3 1 1 0 64
1 0.10000000149 
0 
fb 7 1 55000 1000 200 2 1 11 1 64
1 4400 
0 
dres 7 1 360 1 0 2 1 0 1 64
1 1 
0 
dp 2 2 1 0 0 2 1 0 1 64
1 "y"
2 "y" "n" 
dof2 5 1 16 16 16 2 1 8202 1 64
1 0 
0 
dof 5 1 8 8 8 2 1 8202 1 64
1 0 
0 
dotflag 2 2 8 0 0 4 1 0 1 64
1 "n"
2 "n" "y" 
dof3 5 1 20 20 20 2 1 8202 1 64
1 0 
0 
dpwr2 7 1 18 18 18 2 1 8194 1 64
1 1 
0 
dpwr 7 1 9 9 9 2 1 8194 1 64
1 36 
0 
dpwr3 7 1 21 21 21 2 1 8194 1 64
1 1 
0 
dseq2 2 2 8 0 0 2 1 0 1 64
1 ""
0 
dres3 7 1 360 1 0 2 1 0 1 64
1 1 
0 
dres2 7 1 360 1 0 2 1 0 1 64
1 1 
0 
dseq 2 2 8 0 0 2 1 0 1 64
1 ""
0 
explist 2 2 8 0 0 2 1 256 1 64
1 "PROTON"
0 
dseq3 2 2 8 0 0 2 1 0 1 64
1 ""
0 
exppath 2 2 8 0 0 2 1 0 1 64
1 "/export/home/vnmr2/vnmrsys/exp4/acqfil"
0 
fn 7 1 524288 64 -2 3 1 1 0 64
1 32768 
0 
filter 7 1 1000000000 0 1 2 1 2 1 64
1 54.0999984741 
0 
file 2 2 6 0 0 2 1 3 1 64
1 "/ehome/glidtest/vnmrsys/parlib/GLIDE"
0 
filtfile 2 2 8 0 0 2 1 0 1 64
1 ""
0 
fpmult1 1 1 1000000000 0 0 3 2 0 0 64
1 0.5 
0 
fpmult 1 1 1000000000 0 0 3 1 0 0 64
1 1 
0 
fn1 7 1 524288 64 -2 3 1 1 1 64
1 1024 
0 
gain 1 1 60 0 2 2 1 0 0 64
1 0 
0 
hs 4 2 4 0 0 2 1 0 1 64
1 "nn"
2 "n" "y" 
gzlvl1 1 1 9.99999984307e+17 -9.99999984307e+17 0 2 1 0 1 64
1 2000 
0 
gfs1 1 1 1000 -1000 0.001 3 1 1 0 64
1 0 
0 
gf1 1 1 100000 0 0 3 1 1 0 64
1 1 
0 
gfs 1 1 1000 -1000 0.001 3 1 1 0 64
1 0 
0 
gt1 3 1 14 14 14 2 1 8192 1 64
1 0.001 
0 
gstab 3 1 14 14 14 2 1 8192 1 64
1 0.0005 
0 
gt3 3 1 14 14 14 2 1 8192 1 64
1 0.001 
0 
homo 2 2 8 0 0 2 1 0 1 64
1 "n"
2 "n" "y" 
ho 1 1 500 -500 0 4 1 1 1 64
1 0 
0 
gzlvl3 1 1 9.99999984307e+17 -9.99999984307e+17 0 2 1 0 1 64
1 1000 
0 
homo2 4 2 4 0 0 2 1 0 1 64
1 "n"
2 "n" "y" 
homo3 4 2 4 0 0 2 1 0 1 64
1 "n"
2 "n" "y" 
insref 1 1 9.99999984307e+17 -9.99999984307e+17 0 4 1 0 1 64
1 1 
0 
in 4 2 1 0 0 2 1 0 1 64
1 "n"
3 "n" "w" "y" 
hzmm 1 1 1000000000 -1000000000 0 4 1 11 1 64
1 4.00127220154 
0 
hst 3 1 0.02 0 2.5e-08 2 1 2 1 64
1 0.00800000037998 
0 
il 2 2 1 0 0 2 1 0 1 64
1 "n"
2 "y" "n" 
ins2 1 1 9.99999984307e+17 -9.99999984307e+17 0 4 1 0 1 64
1 1 
0 
ins 3 1 8190 0 1e-07 4 1 3 1 64
1 1 
0 
ins2ref 1 1 9.99999984307e+17 -9.99999984307e+17 0 4 1 0 1 64
1 1 
0 
is 1 1 1000000000 1e-06 0 4 1 3 1 64
1 500 
0 
io 7 1 500 -500 0.1 4 1 1 1 64
1 20 
0 
intmod 2 2 8 0 0 4 1 0 1 64
1 "off"
3 "off" "partial" "full" 
lb1 1 1 100000 -100000 0 3 1 1 1 64
1 0.318309992552 
0 
lb 1 1 100000 -100000 0 3 1 1 0 64
1 10 
0 
j1xh 5 1 1000000000 -1000000000 0 2 1 0 1 64
1 140 
0 
liamp 1 1 1000000000 0 0 4 1 0 0 64
1 0 
0 
tof 5 1 7 7 7 2 1 8202 1 64
1 0 
0 
rfband 4 2 4 0 0 2 1 0 1 64
1 "cccc"
3 "c" "h" "l" 
p1 6 1 13 13 13 2 1 8194 1 64
1 0 
0 
math 2 2 1 0 0 3 1 3 1 64
1 "f"
3 "d" "f" "i" 
lp1 1 1 3600 -3600 0.1 4 1 3 1 64
1 0 
0 
load 2 2 4 0 0 2 1 3 1 64
1 "n"
2 "y" "n" 
llfrq 1 1 1000000000 -1000000000 0 4 1 0 0 64
1 0 
0 
llamp 1 1 1000000000 0 0 4 1 0 0 64
1 0 
0 
lp 1 1 3600 -3600 0.1 4 1 3 1 64
1 0 
0 
lsfrq 1 1 9.99999984307e+17 -9.99999984307e+17 0 3 1 0 0 64
1 0 
0 
lsfid 7 1 64000 -64000 1 3 1 0 0 64
1 0 
0 
lvl 1 1 1000000000 -1000000000 0 4 1 1 1 64
1 0 
0 
lsfrq1 1 1 9.99999984307e+17 -9.99999984307e+17 0 3 1 0 0 64
1 0 
0 
macro 2 2 6 0 0 4 1 3 1 64
1 ""
0 
nt 7 1 1000000000 1 1 2 1 2 1 64
1 8 
0 
n3 2 2 6 0 0 4 1 3 1 64
1 ""
0 
n1 2 2 6 0 0 4 1 3 1 64
1 ""
0 
method 2 2 6 0 0 2 1 3 1 64
1 "z1z2"
0 
n2 2 2 6 0 0 4 1 3 1 64
1 ""
0 
np 7 1 524288 64 64 2 1 11 1 64
1 32768 
0 
osfb 1 1 100000 0 0 2 1 1 0 64
1 0 
0 
oscoef 7 1 49999 3 2 2 1 1 1 64
1 121 
0 
oslsfrq 1 1 9.99999984307e+17 -9.99999984307e+17 0 2 1 1 0 64
1 0 
0 
osfilt 2 2 8 0 0 2 1 0 1 64
1 ""
5 "a" "A" "b" "B" "" 
oversamp 7 1 68 0 1 2 1 9 1 64
1 1 
0 
pslabel 2 2 8 0 0 2 1 11 1 64
1 "s2pul"
0 
pmode 2 2 8 0 0 3 1 0 1 64
1 "partial"
0 
phfid 1 1 3600 -3600 0.1 3 1 0 0 64
1 0 
0 
parversion 1 1 9.99999984307e+17 -9.99999984307e+17 0 2 1 4 1 64
1 5.1 
0 
pad 3 1 14 14 14 2 1 8194 1 64
1 0.5 
0 
phfid1 1 1 3600 -3600 0.1 3 1 0 0 64
1 0 
0 
pltmod 2 2 8 0 0 4 1 0 1 64
1 "fixed"
5 "off" "fixed" "full" "variable" "user" 
proc 2 2 10 0 0 3 1 1 1 64
1 "ft"
0 
pplvl 7 1 32767 0 0 2 1 0 1 64
1 0 
0 
pp 6 1 8190 0 1e-07 2 1 2 1 64
1 17.5 
0 
priority 7 1 32768 0 1 2 1 0 1 64
1 5 
0 
proc1 2 2 10 0 0 3 2 1 1 64
1 "ft"
0 
r4 1 1 1e+18 -1e+18 0 4 1 1 1 64
1 0 
0 
r1 1 1 1e+18 -1e+18 0 4 1 1 1 64
1 0 
0 
pw90 6 1 13 13 13 2 1 8194 1 64
1 7.6 
0 
pw 6 1 13 13 13 2 1 8194 1 64
1 6.9999961853 
0 
pwx 6 1 10000000 0 0.1 2 1 0 1 64
1 12 
0 
pwxlvl 7 1 32767 0 0 2 1 0 1 64
1 0 
0 
r2 1 1 1e+18 -1e+18 0 4 1 1 1 64
1 0 
0 
r3 1 1 1e+18 -1e+18 0 4 1 1 1 64
1 0 
0 
r7 1 1 1e+18 -1e+18 0 4 1 1 1 64
1 0 
0 
r6 1 1 1e+18 -1e+18 0 4 1 1 1 64
1 0 
0 
r5 1 1 1e+18 -1e+18 0 4 1 1 1 64
1 0 
0 
refpos 1 1 9.99999984307e+17 -9.99999984307e+17 0 4 1 0 1 64
1 7.24 
0 
reffrq 1 1 9.99999984307e+17 -9.99999984307e+17 0 4 1 0 1 64
1 400.114452156 
0 
sf 1 1 8190 0 1e-07 4 1 3 1 64
1 0 
0 
rp1 1 1 3600 -3600 0.1 4 1 3 1 64
1 0 
0 
rfp1 1 1 1000000000 -1000000000 0 4 1 1 1 64
1 0 
0 
rfl1 1 1 1000000000 -1000000000 0 4 1 1 1 64
1 0 
0 
rfl 1 1 1000000000 -1000000000 0 4 1 1 1 64
1 3895.65649284 
0 
rfp 1 1 1000000000 -1000000000 0 4 1 1 1 64
1 2896.82863361 
0 
rof2 6 1 13 13 13 2 1 8194 1 64
1 2 
0 
rof1 6 1 13 13 13 2 1 8194 1 64
1 10 
0 
rp 1 1 3600 -3600 0.1 4 1 3 1 64
1 20 
0 
sb1 1 1 1000 -1000 0.001 3 1 1 0 64
1 0 
0 
satmode 4 2 4 0 0 2 1 0 1 64
1 "n"
0 
satdly 3 1 14 14 14 2 1 8192 1 64
1 0 
0 
sample 2 2 8 0 0 2 1 0 1 64
1 ""
0 
satfrq 5 1 1000000000 -1000000000 0 2 1 0 1 64
1 0 
0 
satpwr 1 1 9.99999984307e+17 -9.99999984307e+17 0 2 1 0 1 64
1 0 
0 
sb 1 1 1000 -1000 0.001 3 1 0 0 64
1 0 
0 
sbs1 1 1 1000 -1000 0.001 3 1 1 0 64
1 0 
0 
sbs 1 1 1000 -1000 0.001 3 1 1 0 64
1 0 
0 
sc2 7 1 3 3 3 4 1 8195 1 64
1 0 
0 
sc 7 1 1 1 1 4 1 8195 1 64
1 0 
0 
seqfil 2 2 8 0 0 2 1 11 1 64
1 "s2pul"
0 
ss 7 1 32767 -32768 0 2 1 0 1 64
1 0 
0 
solvent 2 2 6 0 0 2 1 11 1 64
1 "CDCl3"
0 
sfrq 1 1 1000000000 0 0 2 1 11 1 64
1 400.113538 
0 
sf1 1 1 9.99999984307e+17 -9.99999984307e+17 0 4 1 0 1 64
1 0 
0 
sn 1 1 1e+18 -1e+18 0 3 1 1 1 64
1 0 
0 
sp1 1 1 1000000000 -1000000000 0 4 1 3 1 64
1 649.999938965 
0 
sp 1 1 1000000000 -1000000000 0 4 1 3 1 64
1 -998.827859232 
0 
spin 1 1 32000000 0 0.1 2 1 0 0 64
1 20 
0 
tin 2 2 1 0 0 2 1 2 1 64
1 "n"
3 "n" "w" "y" 
temp 1 1 200 -150 0.1 2 1 8 0 64
1 29 
0 
sw 1 1 5 5 5 2 1 8203 1 64
1 8000 
0 
th 1 1 1000000000 0 0 4 1 1 1 64
1 20 
0 
tn 2 2 4 0 0 2 1 8 1 64
1 "H1"
0 
tlt 1 1 1000000000 -1000000000 0 4 1 1 1 64
1 0 
0 
xz2 7 1 19 19 19 2 1 8192 1 64
1 0 
0 
wexp 2 2 6 0 0 3 1 3 1 64
1 ""
0 
vpfi 1 1 500 -500 0 4 1 0 1 64
1 0 
0 
vf 1 1 1000000000 0 0 4 1 3 1 64
1 150 
0 
trace 2 2 2 0 0 4 1 3 1 64
1 "f1"
2 "f1" "f2" 
tpwr 7 1 17 17 17 2 1 8194 1 64
1 55 
0 
vp 1 1 500 -500 0 4 1 3 1 64
1 0 
0 
vo 1 1 500 -500 0 4 1 1 1 64
1 0 
0 
vpf 1 1 500 -500 0 4 1 0 1 64
1 0 
0 
wbs 2 2 6 0 0 3 1 3 1 64
1 ""
0 
vtc 1 1 255 0 1 2 1 2 1 64
1 25 
0 
vs2d 1 1 1000000000 1e-06 0 4 1 3 1 64
1 34.5486104488 
0 
vs 1 1 1000000000 1e-06 0 4 1 3 1 64
1 34.5486104488 
0 
vsproj 1 1 1000000000 1e-06 0 4 1 3 1 64
1 34.5486104488 
0 
vtwait 3 1 14 14 14 2 1 8194 1 64
1 300 
0 
wc2 7 1 4 4 4 4 1 8195 1 64
1 85 
0 
wc 7 1 2 2 2 4 1 8203 1 64
1 200 
0 
werr 2 2 6 0 0 3 1 3 1 64
1 ""
0 
wtfile1 2 2 15 0 0 3 2 1 1 64
1 ""
0 
wp 1 1 5000000 0 0 4 1 11 1 64
1 5998.80023995 
0 
wf1 1 1 9.99999984307e+17 -9.99999984307e+17 0 4 1 0 1 64
1 1.995 
0 
wf 1 1 8190 0 1e-07 4 1 3 1 64
1 1.99999904633 
0 
wnt 2 2 6 0 0 3 1 3 1 64
1 ""
0 
wshim 4 2 4 0 0 2 1 1 1 64
1 "s"
15 "e" "f" "g" "n" "s" "0" "1" "2" "3" "4" "5" "6" "7" "8" "9" 
wp1 1 1 100000 0 0 4 1 3 1 64
1 49.9999961853 
0 
wtfile 2 2 15 0 0 3 1 1 1 64
1 ""
0 
x3 7 1 19 19 19 2 1 8192 1 64
1 2 
0 
x1 7 1 19 19 19 2 1 8192 1 64
1 226 
0 
x2y2 7 1 19 19 19 2 1 8192 1 64
1 -4 
0 
xy 7 1 19 19 19 2 1 8192 1 64
1 70 
0 
x4 7 1 19 19 19 2 1 8192 1 64
1 0 
0 
xz 7 1 19 19 19 2 1 8192 1 64
1 20 
0 
z3y3 7 1 19 19 19 2 1 8192 1 64
1 0 
0 
z3 7 1 19 19 19 2 1 8192 1 64
1 68 
0 
z1 7 1 19 19 19 2 1 8192 1 64
1 971 
0 
y4 7 1 19 19 19 2 1 8192 1 64
1 0 
0 
y3 7 1 19 19 19 2 1 8192 1 64
1 -36 
0 
y1 7 1 19 19 19 2 1 8192 1 64
1 160 
0 
yz2 7 1 19 19 19 2 1 8192 1 64
1 0 
0 
yz 7 1 19 19 19 2 1 8192 1 64
1 27 
0 
z2x2y2 7 1 19 19 19 2 1 8192 1 64
1 0 
0 
z2 7 1 19 19 19 2 1 8192 1 64
1 -383 
0 
z1c 7 1 19 19 19 2 1 8192 1 64
1 111 
0 
z2c 7 1 19 19 19 2 1 8192 1 64
1 -243 
0 
z2xy 7 1 19 19 19 2 1 8192 1 64
1 0 
0 
z2x3 7 1 19 19 19 2 1 8192 1 64
1 0 
0 
z2y3 7 1 19 19 19 2 1 8192 1 64
1 0 
0 
z3x2y2 7 1 19 19 19 2 1 8192 1 64
1 0 
0 
z3x 7 1 19 19 19 2 1 8192 1 64
1 0 
0 
z3c 7 1 19 19 19 2 1 8192 1 64
1 0 
0 
z3xy 7 1 19 19 19 2 1 8192 1 64
1 0 
0 
z3x3 7 1 19 19 19 2 1 8192 1 64
1 0 
0 
z3y 7 1 19 19 19 2 1 8192 1 64
1 0 
0 
z5 7 1 19 19 19 2 1 8192 1 64
1 113 
0 
z4x 7 1 19 19 19 2 1 8192 1 64
1 0 
0 
z4c 7 1 19 19 19 2 1 8192 1 64
1 0 
0 
z4 7 1 19 19 19 2 1 8192 1 64
1 -476 
0 
z4xy 7 1 19 19 19 2 1 8192 1 64
1 0 
0 
z4x2y2 7 1 19 19 19 2 1 8192 1 64
1 0 
0 
z4y 7 1 19 19 19 2 1 8192 1 64
1 0 
0 
z7 7 1 19 19 19 2 1 8192 1 64
1 0 
0 
z5y 7 1 19 19 19 2 1 8192 1 64
1 0 
0 
z5x 7 1 19 19 19 2 1 8192 1 64
1 0 
0 
z6 7 1 19 19 19 2 1 8192 1 64
1 0 
0 
zx2y2 7 1 19 19 19 2 1 8192 1 64
1 0 
0 
z8 7 1 19 19 19 2 1 8192 1 64
1 0 
0 
zxy 7 1 19 19 19 2 1 8192 1 64
1 0 
0 
zx3 7 1 19 19 19 2 1 8192 1 64
1 0 
0 
zy3 7 1 19 19 19 2 1 8192 1 64
1 0 
0 
