execplot 2 2 8 0 0 3 1 16384 1 64
1 "plot_dosy3D"
0
execprocess 2 2 8 0 0 3 1 16384 1 64
1 "process_dosy3D"
0
nullflg 4 2 4 0 0 2 1 0 1 64
1 "y"
0 
r1 1 1 1e+18 -1e+18 0 3 1 1 1 64
1 4 
0 
gfs1 1 1 1000 -1000 0.001 3 1 1 0 64
1 0 
0 
dg1 2 2 1023 0 0 4 1 6 1 64
1 "1:DISPLAY:sp:1,wp:1,vs:0;1:REFERENCE:rfl:1,rfp:1,cr:1,delta:1;1:PHASE:lp:1,rp:1,rp1(ni):1,lp1(ni):1;2:CHART:sc:0,wc:0,hzmm:2,vp:0,axis,pltmod,,th:0,,ho:2,vo:2,,trace:2;3(ni):2D:sp1:1,wp1:1,sc2:0,wc2:0,rfl1:1,rfp1:1;3:FLAGS:aig*,dcg*,dmg*;3:FID:sf:3,wf:3,vf:0;4:INTEGRAL:intmod,is:2,ins:3,io:0,,lvl:3,tlt:3;"
0 
bs 7 1 32767 0 1 2 1 0 1 64
1 1 
0 
aig 2 2 2 0 0 4 1 1 1 64
1 "ai"
2 "nm" "ai" 
Gmap 2 2 8 0 0 2 1 1 1 64
1 "lk"
0 
Archive2 2 2 8 0 0 2 1 0 1 64
1 ""
0 
Archive1 2 2 8 0 0 2 1 0 1 64
1 ""
0 
ACQtime 7 1 100000000 0 1 2 1 256 1 64
1 25.428774 
0 
DAC_to_G 1 1 9.99999984307e+17 -9.99999984307e+17 0 2 1 0 1 64
1 0.0101 
0 
CARBONnt 7 1 32767 0 0 3 1 1 1 64
1 0 
0 
EDratio 1 1 9.99999984307e+17 -9.99999984307e+17 0 2 1 0 1 64
1 1 
0 
DG 2 2 1023 0 0 4 1 6 1 64
1 "1:ACQUISITION:sfrq:3,tn,at:3,np:0,sw:1,fb:0,bs:0,ss:0,tpwr(tpwr):0,tpwrf(tpwrf):0,pw:1,p1:1,d1:3,d2:3,tof:1,nt:0,ct:0;2:SAMPLE:solvent,file;2:DECOUPLING:dn,dof:1,dm,dmm,dpwr(dpwr):0,dmf:0;2:GRADIENTS:gzlvl1:0,gt1:4,led:4;3:PROCESSING:cf(nf):0,lb:2,sb:3,sbs(sb):3,gf:3,gfs(gf):3,awc:3,lsfid:0,phfid:1,wtfile,proc,fn:0,math;4(ni):2D PROCESSING:lb1:2,sb1:3,sbs1(sb1):3,gf1:3,gfs1(gf1):3,awc1:3,wtfile1,proc1,fn1:0;4:FLAGS:il,in,dp,hs;4:SPECIAL:temp:1,gain:0,pp:1,pplvl:0,j1xh:1,mult:0,satflag,gzlvl0:0,gt0:4;"
0 
acqcycles 1 1 9.99999984307e+17 -9.99999984307e+17 0 2 1 0 1 64
1 1920 
0 
MinSW 2 2 8 0 0 3 1 0 1 64
1 "off"
3 "off" "auto" "manual" 
Hprescan 2 2 8 0 0 3 1 0 1 64
6 "off"
"auto"
"off"
""
"Complete"
"Complete"
0 
Gmapname 2 2 8 0 0 2 1 1 1 64
1 ""
0 
J 3 1 14 14 14 2 1 8192 1 64
1 8 
0 
REQexp 2 2 8 0 0 4 1 256 1 64
1 "wet1D PRESAT PROTON"
0 
PROTONnt 7 1 32767 0 0 3 1 1 1 64
1 0 
0 
actionid 2 2 8 0 0 4 1 0 1 64
1 "null"
0 
acqpath 2 2 8 0 0 2 1 0 1 64
1 ""
0 
acqdim 7 1 1000000000 -1000000000 0 2 1 0 1 64
1 2 
0 
acqstatus 7 1 32767 0 0 2 1 0 1 64
2 101 18 
0 
adir2tmplt 2 2 8 0 0 2 1 0 1 64
1 ""
0 
adirtmplt 2 2 8 0 0 2 1 0 1 64
1 "/home/vnmr1/vnmrsys/data"
0 
archivedir 2 2 8 0 0 2 1 0 1 64
1 ""
0 
alt_grd 4 2 4 0 0 2 1 0 1 64
1 "n"
0 
alock 2 2 8 0 0 2 1 0 1 64
1 "n"
5 "a" "n" "s" "u" "y" 
alfa 6 1 8190 0 0.4 2 1 2 1 64
1 6.4 
0 
alpha 1 1 1 0 0.0001 2 1 0 1 64
1 0.2 
0 
ap 2 2 1023 0 0 4 1 6 1 64
1 "1:SAMPLE:date,solvent,file;1:ACQUISITION:sfrq:3,tn:2,at:3,np:0,sw:1,fb:0,bs(bs):0,ss(ss):0,tpwr(tpwr):0,tpwrf(tpwrf):0,pw:1,p1(p1):1,d1:3,d2(d2):3,tof:1,nt:0,ct:0,gain:0;1:DOSY:gzlvl1:0,gt1:6,gstab:6,del:6,dosyfrq:4,dosytimecubed:15,alpha:3,gzlvlE:0,gzlvl_max:0,gtE:6,EDratio:3,DAC_to_G:7;2:FLAGS:il,in,dp,hs,delflag;2:DEC. & VT:dn:2,dof:1,dm,dmm,dmf,dpwr(dpwr):0,dpwrf(dpwrf):0,dhp(dhp):0,dlp(dlp):0,temp(temp):1;2:PROCESSING:cf(nf):0,lb(lb):2,sb(sb):3,sbs(sb):3,gf(gf):3,gfs(gf):3,awc(awc):3,lsfid(lsfid):0,phfid(phfid):1,wtfile,proc,fn:0,math,fn1:0;2:DISPLAY:sp:1,wp:1,vs:0,sc:0,wc:0,hzmm:2,is:2,rfl:1,rfp:1,th:0,ins:3,aig*,dcg*,dmg*;"
0 
ampmode 4 2 4 0 0 2 1 0 1 64
1 "dddp"
0 
apptype 2 2 8 0 0 2 1 1 1 64
1 "heterodosy3D"
0 
at 1 1 14 14 14 2 1 8203 1 64
1 2.047968 
0 
arraydim 7 1 32768 1 1 2 1 5 1 64
1 1920 
0 
array 2 2 256 0 0 2 1 1 1 64
1 "gzlvl1"
0 
arrayelemts 1 1 9.99999984307e+17 -9.99999984307e+17 0 2 1 0 1 64
1 2 
0 
awc1 1 1 1 -1 0.001 3 1 1 0 64
1 0 
0 
awc 1 1 1 -1 0.001 3 1 1 0 64
1 0 
0 
axis 4 2 4 0 0 4 1 0 1 64
1 "pd"
12 "c" "d" "1" "2" "3" "h" "k" "m" "n" "p" "u" "D" 
axisf 4 2 4 0 0 4 1 0 1 64
1 "s"
4 "m" "n" "s" "u" 
date 2 2 9 0 0 2 1 1 1 64
1 "Dec 31 2003"
0 
cp 2 2 1 0 0 2 1 0 1 64
1 "y"
2 "y" "n" 
cf 7 1 32767 0 1 3 1 1 0 64
1 1 
0 
c180 2 2 8 0 0 2 1 0 1 64
1 "y"
0 
c13wet 4 2 4 0 0 2 1 0 1 64
1 ""
0 
celem 1 1 9.99999984307e+17 -9.99999984307e+17 0 2 1 0 1 64
1 0 
0 
composit 4 2 4 0 0 2 1 0 1 64
1 "n"
2 "y" "n" 
comment 2 2 8 0 0 3 1 0 1 64
1 ""
0 
compH 1 1 9.99999984307e+17 -9.99999984307e+17 0 2 1 0 1 64
1 1.03 
0 
console 2 2 8 0 0 2 1 0 1 64
1 "inova"
0 
compshape 2 2 8 0 0 2 1 0 1 64
1 ""
0 
convcomp 4 2 4 0 0 2 1 0 1 64
1 "n"
0 
customflag 4 2 4 0 0 4 1 0 1 64
1 "n"
0 
cr1 1 1 1000000000 -1000000000 0 4 1 3 1 64
1 -1419.57057292 
0 
cr 1 1 1000000000 -1000000000 0 4 1 1 1 64
1 155.388600816 
0 
cppauseflg 4 2 4 0 0 4 1 0 1 64
1 "n"
0 
ct 7 1 1000000000 0 1 2 1 6 1 64
1 0 
0 
crf 1 1 9.99999984307e+17 -9.99999984307e+17 0 4 1 0 1 64
1 1.2661163738 
0 
d2 3 1 14 14 14 2 1 8194 1 64
1 0 
0 
d1 3 1 14 14 14 2 1 8194 1 64
1 2 
0 
cutoff 1 1 9.99999984307e+17 -9.99999984307e+17 0 4 1 0 0 64
1 200 
0 
dataProcessed 1 1 9.99999984307e+17 -9.99999984307e+17 0 3 1 0 1 64
1 0 
0 
d3 3 1 14 14 14 2 1 8192 1 64
1 0.005 
0 
dataid 2 2 8 0 0 2 1 0 1 64
1 ""
0 
del 3 1 14 14 14 2 1 8192 1 64
1 0.05 
0 
dec2wave 2 2 8 0 0 2 1 0 1 64
1 "g"
0 
dcrmv 4 2 9.99999984307e+17 -9.99999984307e+17 0 4 1 0 1 64
1 "n"
2 "y" "n" 
dbwwet 1 1 9.99999984307e+17 -9.99999984307e+17 0 2 1 0 1 64
1 5000 
0 
datname 2 2 8 0 0 3 1 0 1 64
1 ""
0 
dcg 2 2 3 0 0 4 1 1 1 64
1 ""
2 "dc" "cdc" 
ddrpm 2 2 8 0 0 2 1 0 1 64
1 "e"
0 
ddrtc 6 1 1000 0 0.4 2 1 0 1 64
1 30.4 
0 
decwave 2 2 8 0 0 2 1 0 1 64
1 "W40_HCN5mm"
0 
dec3wave 2 2 8 0 0 2 1 0 1 64
1 "g"
0 
decsat 3 1 14 14 14 2 1 8192 1 64
1 0.0487 
0 
decwavewet 2 2 8 0 0 2 1 0 1 64
1 "w"
0 
deltaf 1 1 100 0 0 4 1 0 1 64
1 0.00637306899563 
0 
delta 1 1 2000000 0 0 4 1 1 1 64
1 99.7054890385 
0 
delflag 4 2 4 0 0 2 1 0 1 64
1 "y"
0 
del2 1 1 9.99999984307e+17 -9.99999984307e+17 0 2 1 0 1 64
1 0 
0 
delta1 1 1 2000000 0 0 4 1 3 1 64
1 392.740885417 
0 
dfrq2 1 1 1000000000 0 0 2 1 9 1 64
1 0 
0 
dfrq 5 1 1000000000 -1000000000 0 2 1 8 1 64
1 125.6889877 
0 
dg 2 2 1023 0 0 4 1 6 1 64
1 "1:ACQUISITION:sfrq:3,tn,at:3,np:0,sw:1,fb:0,bs:0,ss:0,tpwr(tpwr):0,tpwrf(tpwrf):0,pw:1,pwx:1,pwxlvl:0,j1xh,d1:3,d2:3,tof:1,nt:0,ct:0,gain:0;2:SAMPLE:solvent,temp:1,file;2:DECOUPLING:dn,dof:1,dm,dmm,dpwr(dpwr):0,homo;3:DOSY:convcomp,delflag,gzlvl1:0,gt1:4,gzlvl2:0,gt2:4,gzlvl3:0,gt3:4,gstab:4,del:4,dosyfrq:4,dosytimecubed:15,gzlvl_max:0,DAC_to_G:7,hsgt:4,hsgpwr:0;4:PROCESSING:cf(nf):0,lb:2,sb:3,sbs(sb):3,gf:3,gfs(gf):3,lsfid:0,phfid:1,proc,fn:0,fn1:0,math;4:FLAGS:il,in,dp,hs;"
0 
dfrq3 1 1 1000000000 0 0 2 1 9 1 64
1 0 
0 
dpwr 7 1 9 9 9 2 1 8192 1 64
1 32 
0 
dn3 2 2 8 0 0 2 1 8 1 64
1 ""
0 
dmg1 2 2 8 0 0 4 1 0 1 64
1 ""
4 "" "av1" "ph1" "pwr1" 
dlp 7 1 10 10 10 2 1 8194 0 64
1 0 
0 
dgssm 2 2 8 0 0 4 1 6 1 64
1 "1:WET:wet,gzlvlw,gtw:6,gswet:6,dz:6;1:C13 WET:c13wet,dofwet:1,dpwrwet,dmfwet;2:WETshapes:wetshape1,wetshape2,wetshape3,wetshape4;3:WETpowers:wetpwr1,wetpwr2,wetpwr3,wetpwr4;3:WETpulses:pwwet1:3,pwwet2:3,pwwet3:3,pwwet4:3;4:PRESAT:satmode,satpwr,satdly:3,satfrq:1;"
0 
dgs 2 2 1023 0 0 4 1 6 1 64
4 "1:AXIAL SHIMS:z1:0,z1c:0,z2:0,z2c:0,z3:0,z4:0,z5:0;"
"2:NON AXIAL SHIMS:x1:0,y1:0,xz:0,yz:0,xy:0,x2y2:0,x3:0,y3:0;"
"4:AUTOMATION:method,wshim,load,,spin:0,gain:0,alock,loc:0;"
"4:SPECIAL:temp;"
0 
dg2 2 2 8 0 0 4 1 4 1 64
6 "1:1st DECOUPLING:dfrq:3,dn,dpwr:0,dof:1,dm,dmm,dmf:0,dseq,dres:1,homo;"
"2(numrfch>2):2nd DECOUPLING:dfrq2:3,dn2,dpwr2:0,dof2:1,dm2,dmm2,dmf2:0,dseq2,dres2:1,homo2;"
"2(numrfch>3):3rd DECOUPLING:dfrq3:3,dn3,dpwr3:0,dof3:1,dseq3,dres3:1,homo3;"
"3(ni2):3D ACQUISITION:d3:3,sw2:1,ni2:0,phase2:0;"
"3(ni2):3D DISPLAY:rp2:1,lp2:1;"
"4(ni2):3D PROCESSING:lb2:3,sb2:3,sbs2(sb2):3,gf2:3,gfs2(gf2):3,awc2:3,wtfile2,proc2,fn2:0;"
0 
dglp 2 2 8 0 0 4 1 7 1 64
1 "1(lpfilt):LP:lpalg,lpopt,lpfilt:0,lpnupts:0,strtlp:0,lpext:0,strtext:0;2(lpfilt1):LP 1:lpalg1,lpopt1,lpfilt1:0,lpnupts1:0,strtlp1:0,lpext1:0,strtext1:0;3(lpfilt2):LP 2:lpalg2,lpopt2,lpfilt2:0,lpnupts2:0,strtlp2:0,lpext2:0,strtext2:0;4:LP OUTPUT:lpprint(lpfilt):0,lptrace(lpfilt):0,lpprint1(lpfilt1):0,lptrace1(lpfilt1):0,lpprint2(lpfilt2):0,lptrace2(lpfilt2):0;"
0 
dgss 2 2 8 0 0 4 1 6 1 64
1 "1:WET:wet,wetshape,wetpwr,pwwet:3,composit,compshape,gzlvlw,gtw:6,gswet:6,dz:6;2:C13 WET:c13wet,dofwet:1,dpwrwet,dmfwet,decwavewet;4:PRESAT:satmode,satpwr,satdly:3,satfrq:1;"
0 
dgs2 2 2 8 0 0 4 1 0 1 64
1 "1:DEFAULT SCANS:PROTONnt,CARBONnt,PHOSPHORUSnt,FLUORINEnt;2:SPECIAL:explist,macro,PFGflg;"
0 
dhp 1 1 9 9 9 2 1 8192 0 64
1 20 
0 
dgwet 2 2 8 0 0 4 1 0 1 64
1 "1:WET:wet,wetshape,wetpwr,pwwet:1,composit,compshape,gzlvlw,gtw:6,gswet:6,dz:6;2:C13 WET:c13wet,dofwet:1,dpwrwet,dmmwet,dmfwet,decwavewet;"
0 
displaymode 4 2 9.99999984307e+17 -9.99999984307e+17 0 4 1 0 1 64
1 "r"
0 
disCmd 2 2 8 0 0 4 1 0 1 64
1 ""
0 
dmf 7 1 11 11 11 2 1 8194 1 64
1 32258 
0 
dm2 4 2 4 0 0 2 1 0 1 64
1 "n"
4 "a" "n" "s" "y" 
dm 4 2 4 0 0 2 1 0 1 64
1 "nny"
4 "a" "n" "s" "y" 
dm3 4 2 4 0 0 2 1 0 1 64
1 "n"
4 "a" "n" "s" "y" 
dmf3 7 1 2000000 1 0 2 1 2 1 64
1 700 
0 
dmf2 7 1 2000000 1 0 2 1 2 1 64
1 7000 
0 
dmg 2 2 2 0 0 4 1 3 1 64
1 "ph"
0 
dmfwet 1 1 9.99999984307e+17 -9.99999984307e+17 0 2 1 0 1 64
1 0 
0 
dn 2 2 4 0 0 2 1 8 1 64
1 "C13"
0 
dmm2 4 2 4 0 0 2 1 0 1 64
1 "c"
9 "c" "f" "g" "m" "p" "r" "u" "w" "x" 
dmm 4 2 4 0 0 2 1 0 1 64
1 "ccp"
9 "c" "f" "g" "m" "p" "r" "u" "w" "x" 
dmmwet 2 2 8 0 0 2 1 0 1 64
1 ""
0 
dmm3 4 2 4 0 0 2 1 0 1 64
1 "c"
9 "c" "f" "g" "m" "p" "r" "u" "w" "x" 
dmwet 2 2 8 0 0 2 1 0 1 64
1 ""
0 
dn2ref 2 2 8 0 0 4 1 1 1 64
1 ""
0 
dn2 2 2 8 0 0 2 1 8 1 64
1 ""
0 
dn2shapes 2 2 8 0 0 2 1 256 1 64
3 ""
""
""
0 
dof3 5 1 20 20 20 2 1 8202 1 64
1 0 
0 
dnshapes 2 2 8 0 0 2 1 256 1 64
3 ""
""
""
0 
dn4ref 2 2 8 0 0 4 1 1 1 64
1 ""
0 
dn3shapes 2 2 8 0 0 2 1 256 1 64
3 ""
""
""
0 
dn3ref 2 2 8 0 0 4 1 1 1 64
1 ""
0 
dnref 2 2 8 0 0 4 1 1 1 64
1 "Me4Si, 1% in CDCl3"
0 
dof 5 1 8 8 8 2 1 8202 1 64
1 -2485.03003652 
0 
dod 3 1 14 14 14 2 1 8194 1 64
1 0.00999999977648 
0 
dof2 5 1 16 16 16 2 1 8202 1 64
1 0 
0 
dosyfrq 1 1 9.99999984307e+17 -9.99999984307e+17 0 2 1 0 1 64
1 399.9587 
0 
dosy_autoincr 4 2 4 0 0 3 1 0 1 64
1 "n"
0 
dofwet 1 1 9.99999984307e+17 -9.99999984307e+17 0 2 1 0 1 64
1 0 
0 
dofalt 5 1 1000000000 -1000000000 0 2 1 0 1 64
1 -763.8 
0 
doscout 7 1 10 -10 1 2 1 0 1 64
1 0 
0 
dosy_peaknum 7 1 1000 1 1 3 1 0 1 64
1 1 
0 
dosy_peakmult 1 1 10000 0.5 0.001 3 1 0 1 64
1 10 
0 
dotflag 2 2 8 0 0 4 1 0 1 64
1 "n"
2 "n" "y" 
dosygamma 1 1 9.99999984307e+17 -9.99999984307e+17 0 2 1 0 1 64
1 267523481.481 
0 
dosytimecubed 1 1 9.99999984307e+17 -9.99999984307e+17 0 2 1 0 1 64
1 3.946667e-07 
0 
dp 2 2 1 0 0 2 1 0 1 64
1 "y"
2 "y" "n" 
dpatwet 2 2 8 0 0 2 1 0 1 64
1 "waltz16"
0 
f2SW 2 2 8 0 0 2 1 1 1 64
1 ""
0 
dseq3 2 2 8 0 0 2 1 0 1 64
1 ""
0 
dres3 7 1 360 1 0 2 1 0 1 64
1 1 
0 
dpwrwet 1 1 9.99999984307e+17 -9.99999984307e+17 0 2 1 0 1 64
1 0 
0 
dpwr3 7 1 21 21 21 2 1 8194 1 64
1 1 
0 
dpwr2 7 1 18 18 18 2 1 8194 1 64
1 1 
0 
dpwrf 7 1 4095 0 1 2 1 2 0 64
1 4095 
0 
dres 7 1 360 1 0 2 1 0 1 64
1 9 
0 
dqdelay 3 1 14 14 14 2 1 8192 1 64
1 19.99999905 
0 
dres2 7 1 360 1 0 2 1 0 1 64
1 1 
0 
dseq 2 2 8 0 0 2 1 0 1 64
1 "W40_AutoX_DB_8868"
0 
dreswet 1 1 9.99999984307e+17 -9.99999984307e+17 0 2 1 0 1 64
1 0 
0 
dseq2 2 2 8 0 0 2 1 0 1 64
1 ""
0 
explist 2 2 8 0 0 2 1 256 1 64
1 ""
0 
emailaddr 2 2 8 0 0 4 1 0 1 64
1 ""
0 
dz 3 1 14 14 14 2 1 8192 1 64
1 0 
0 
dseqwet 2 2 8 0 0 2 1 0 1 64
1 ""
0 
email_ 2 2 8 0 0 2 1 0 1 64
1 ""
0 
edit 4 2 4 0 0 2 1 0 1 64
1 "n"
0 
emessage 4 2 4 0 0 2 1 0 1 64
1 "n"
0 
ex_max 1 1 9.99999984307e+17 -9.99999984307e+17 0 2 1 0 1 64
1 2700 
0 
f1SW 2 2 8 0 0 2 1 1 1 64
1 ""
0 
exppath 2 2 8 0 0 2 1 0 1 64
1 "/export/home/vnmr1/vnmrsys/exp5/acqfil"
0 
f1180 4 2 4 0 0 2 1 0 1 64
1 "n"
0 
f1coef 2 2 8 0 0 3 1 1 1 64
1 "1 0 0 1 0 1 1 0"
0 
fpmult 1 1 10 -10 0 3 1 0 1 64
1 1 
0 
filter 7 1 1000000000 0 1 2 1 2 1 64
1 43.0999984741 
0 
fidid 2 2 8 0 0 2 1 0 1 64
1 ""
0 
fb 7 1 6 6 6 2 1 8203 0 64
1 1000 
0 
fad 4 2 4 0 0 2 1 0 1 64
1 "y"
0 
file 2 2 6 0 0 2 1 3 1 64
1 "/home/vnmr1/vnmrsys/DOSY_3.0_test/parlib/Dghmqcidosy.par"
0 
fn 7 1 524288 64 -2 3 1 1 1 64
1 4096 
0 
filtfile 2 2 8 0 0 2 1 0 1 64
1 ""
0 
fn1 7 1 524288 64 -2 3 1 1 1 64
1 256 
0 
gain 1 1 60 0 2 2 1 0 1 64
1 20 
0 
ftproc 1 1 9.99999984307e+17 -9.99999984307e+17 0 3 1 256 1 64
2 1 0 
0 
fpmult1 1 1 1000000000 0 0 3 1 0 0 64
1 0 
0 
fzoom 7 1 32767 0 0 4 1 0 1 64
1 0 
0 
gf1 1 1 100000 0 0 3 1 1 1 64
1 0.096 
0 
gf 1 1 100000 0 0 3 1 1 1 64
1 1 
0 
gfs 1 1 1000 -1000 0.001 3 1 1 0 64
1 0 
0 
lp1 1 1 3600 -3600 0.1 4 1 3 1 64
1 27.5 
0 
il 2 2 1 0 0 2 1 0 1 64
1 "n"
2 "y" "n" 
gzlvl1_max 7 1 32767 -32767 1 2 1 0 1 64
1 25000 
0 
gt5 3 1 0.01 0 1e-06 2 1 0 1 64
1 0.001 
0 
gt0 3 1 0.01 0 1e-06 2 1 0 1 64
1 0.002 
0 
gstab 3 1 14 14 14 2 1 8192 1 64
1 0.002 
0 
grec 3 1 14 14 14 2 1 8192 1 64
1 0.0002 
0 
gmapspin 2 2 8 0 0 2 1 0 1 64
1 "n"
2 "n" "y" 
grise 3 1 14 14 14 2 1 8192 1 64
1 0.002 
0 
gstab2 3 1 14 14 14 2 1 8192 1 64
1 0.0005 
0 
gswet 1 1 9.99999984307e+17 -9.99999984307e+17 0 2 1 0 1 64
1 0 
0 
gt2 3 1 0.01 0 1e-06 2 1 0 1 64
1 0.002 
0 
gt1 3 1 0.01 0 1e-06 2 1 0 1 64
1 0.002 
0 
gt3 3 1 0.01 0 1e-06 2 1 0 1 64
1 0.002 
0 
gt4 3 1 0.01 0 1e-06 2 1 0 1 64
1 0.005 
0 
gths 3 1 14 14 14 2 1 8192 1 64
1 0.001 
0 
gt8 3 1 14 14 14 2 1 8192 1 64
1 0.001 
0 
gt7 3 1 14 14 14 2 1 8192 1 64
1 0.001 
0 
gt6 3 1 14 14 14 2 1 8192 1 64
1 0.001 
0 
gtD 3 1 14 14 14 2 1 8192 1 64
1 0 
0 
gt9 3 1 14 14 14 2 1 8192 1 64
1 0.001 
0 
gtE 3 1 14 14 14 2 1 8192 1 64
1 0 
0 
gzlvl0 7 1 32767 -32767 1 2 1 0 1 64
1 7500 
0 
gxppars 2 2 8 0 0 2 1 0 1 64
1 ""
0 
gtr2 3 1 14 14 14 2 1 8192 1 64
1 0 
0 
gtr1 3 1 14 14 14 2 1 8192 1 64
1 0 
0 
gtw 3 1 14 14 14 2 1 8192 1 64
1 0 
0 
gz_alt 2 2 8 0 0 2 1 0 1 64
1 "n"
0 
gzlvl1 7 1 32767 -32767 1 2 1 0 1 64
15 50 547 772 945 1091 1220 1336 1443 1542 1636 1724 1808 1889 1966 2040 
0 
gzlvl1_inc 7 1 32767 -32767 1 2 1 0 1 64
1 15 
0 
homo 2 2 8 0 0 2 1 8 1 64
1 "n"
2 "n" "y" 
gzlvlhs 7 1 32767 -32767 1 2 1 0 1 64
1 5000 
0 
gzlvl7 1 1 1000000 -1000000 1 2 1 0 1 64
1 3122 
0 
gzlvl3 7 1 32767 -32767 1 2 1 0 1 64
1 2718 
0 
gzlvl2 1 1 32767 -32767 1 2 1 0 1 64
1 5405 
0 
gzlvl1_min 7 1 32767 -32767 1 2 1 0 1 64
1 1000 
0 
gzlvl5 1 1 1000000 -1000000 1 2 1 0 1 64
1 2230 
0 
gzlvl4 1 1 32767 -32767 1 2 1 0 1 64
1 0 
0 
gzlvl6 1 1 1000000 -1000000 1 2 1 0 1 64
1 2676 
0 
gzlvl9 1 1 1000000 -1000000 1 2 1 0 1 64
1 4014 
0 
gzlvl8 1 1 1000000 -1000000 1 2 1 0 1 64
1 3568 
0 
gzlvlE 1 1 1000000 -1000000 1 2 1 0 1 64
1 0 
0 
gzlvlD 1 1 1000000 -1000000 1 2 1 0 1 64
1 0 
0 
gzlvl_max 7 1 32767 -32767 1 2 1 0 1 64
1 32700 
0 
hdpwr 7 1 49 -16 1 2 1 2 1 64
1 1 
0 
gzlvlw 7 1 32768 -32768 1 2 1 0 1 64
1 3144 
0 
hdof 5 1 7 7 7 2 1 8194 1 64
1 0 
0 
ho 1 1 500 -500 0 4 1 1 1 64
1 0 
0 
heatingpulsesflag 4 2 4 0 0 2 1 0 1 64
1 "n"
0 
hs 4 2 4 0 0 2 1 0 1 64
1 "nn"
2 "n" "y" 
homo3 4 2 4 0 0 2 1 0 1 64
1 "n"
2 "n" "y" 
homo2 4 2 4 0 0 2 1 0 1 64
1 "n"
2 "n" "y" 
hst 3 1 0.02 0 2.5e-08 2 1 2 1 64
1 0.00800000037998 
0 
hsgpwr 7 1 32767 0 0 2 1 0 1 64
1 0 
0 
hsglvl 1 1 9.99999984307e+17 -9.99999984307e+17 0 2 1 0 1 64
1 990 
0 
hsgt 3 1 0.01 0 1e-06 2 1 0 1 64
1 0.001 
0 
hzmm 1 1 1000000000 -1000000000 0 4 1 11 1 64
1 0.127255119403 
0 
ident 2 2 8 0 0 3 1 0 1 64
1 ""
0 
io 1 1 500 -500 0.1 4 1 1 1 64
1 20 
0 
insref 1 1 9.99999984307e+17 -9.99999984307e+17 0 4 1 0 1 64
1 1 
0 
ins2 1 1 9.99999984307e+17 -9.99999984307e+17 0 4 1 0 1 64
1 1000 
0 
ins 3 1 8190 0 1e-07 4 1 3 1 64
1 1 
0 
in 4 2 1 0 0 2 1 0 1 64
1 "n"
3 "n" "w" "y" 
ins2ref 1 1 9.99999984307e+17 -9.99999984307e+17 0 4 1 0 1 64
1 1 
0 
intmod 2 2 8 0 0 4 1 0 1 64
1 "off"
3 "off" "partial" "full" 
int_flg 4 2 4 0 0 3 1 0 1 64
1 "n"
0 
investigator 2 2 8 0 0 2 1 0 1 64
1 ""
0 
invgcal 1 1 1000000 -1000000 1 2 1 0 1 64
1 446 
0 
lifrq 1 1 1000000000 -1000000000 0 4 1 0 0 64
1 0 
0 
lb 1 1 100000 -100000 0 3 1 1 1 64
1 -0.7 
0 
jnxh 3 1 8190 0 1.00000001169e-07 2 1 0 1 64
1 8 
0 
j1xh 1 1 9.99999984307e+17 -9.99999984307e+17 0 2 1 0 1 64
1 7 
0 
is 1 1 1000000000 1e-06 0 4 1 3 1 64
1 2645.40091165 
0 
lap 2 2 8 0 0 2 1 0 1 64
1 "1:SAMPLE:date,solvent,file;1:ACQUISITION:sfrq:5,tn:2,at:4,np:0,sw:1,fb:0,bs(bs):0,ss(ss):0,tpwr(tpwr):0,pw,p1(p1),pp(pp):1,d1:4,d2(d2):4,tof:1,nt:0,ct:0,alock,gain:0;1:FLAGS:il,in,dp,hs;1(ni):2D ACQ:sw1:1,ni:0;1(ni):2D DISPLAY:sp1:1,wp1:1,sc2:0,wc2:0,rfl1:1,rfp1:1,lp1:1,rp1:1;2:DEC. & VT:dn:2,dof:1,dm,dmm,dmf,dpwr(dpwr):0,temp(temp):1;2:PROC:cf(nf):0,lb(lb):2,sb(sb):3,sbs(sb):3,gf(gf):3,gfs(gf):3,awc(awc):3,lsfid(lsfid):0,phfid(phfid):1,wtfile,proc,fn:0,math,werr,wexp,wbs,wnt;2(ni):2D PROC:lb1(lb1):2,sb1(sb1):3,sbs1(sb1):3,gf1(gf1):3,gfs1(gf1):3,awc1(awc1):3,wtfile1,proc1,fn1:0;2:DISPLAY:sp:1,wp:1,vs:0,sc:0,wc:0,hzmm:2,is:2,rfl:1,rfp:1,th:0,ins:3,aig*,dcg*,dmg*;3:PHASE:lp:1,rp:1,lp1(ni):1,rp1(ni):1;3:CHART:wc:1,sc:1,hzmm:2,vp:1,ho:1,vo:1,axis,pltmod,th:0,rplot,trace:2,cutoff(cutoff):1;3:REFERENCE:rfl:1,rfp:1,rfl1(ni):1,rfp1(ni):1,cr:1,delta:1,cr1(ni):1,delta1(ni):1;3:INTEGRAL:intmod,is:2,ins:3,io:0,lvl:3,tlt:3;3:AUTO:method,wshim,load,spin:0,gain:0;"
0 
kappa 1 1 9.99999984307e+17 -9.99999984307e+17 0 2 1 0 1 64
1 0.15 
0 
lastexp 1 1 9999 1 1 4 1 1 1 64
1 7 
0 
led 3 1 14 14 14 2 1 8192 1 64
1 0.03 
0 
lb1 1 1 100000 -100000 0 3 1 1 0 64
1 0.318309992552 
0 
ldshimdelay 3 1 14 14 14 2 1 8192 1 64
1 15 
0 
ledflag 4 2 4 0 0 2 1 0 1 64
1 "y"
0 
liamp 1 1 1000000000 0 0 4 1 0 0 64
1 0 
0 
load 2 2 4 0 0 2 1 3 1 64
1 "n"
2 "y" "n" 
llamp 1 1 1000000000 0 0 4 1 0 0 64
13 0.00539115350693 0.017333464697 0.0214778520167 0.0166868045926 0.018241064623 0.0188938360661 0.0170779973269 0.0257054958493 0.0144860977307 0.0101100271568 0.00639583682641 0.0228274036199 0.00826262496412 
0 
lkgate_flg 4 2 4 0 0 2 1 0 1 64
1 "n"
0 
lkgt_flg 2 2 8 0 0 2 1 0 1 64
1 "n"
0 
llfrq 1 1 1000000000 -1000000000 0 4 1 0 0 64
13 680.369828026 447.553868921 413.352154047 412.13066423 409.199088669 403.580235511 394.541210866 385.502186221 382.082014734 369.622818601 358.873708212 353.254855054 347.636001896 
0 
lot 2 2 8 0 0 2 1 0 1 64
1 ""
0 
locdir 2 2 8 0 0 2 1 0 1 64
1 ""
0 
longlist 2 2 8 0 0 2 1 0 1 64
1 ""
0 
lp 1 1 3600 -3600 0.1 4 1 3 1 64
1 0 
0 
lowlim 1 1 1000 0 0.001 3 1 0 1 64
1 0 
0 
phfid 1 1 3600 -3600 0.1 3 1 0 0 64
1 0 
0 
n3 2 2 6 0 0 3 1 3 1 64
1 ""
0 
lsfrq 1 1 9.99999984307e+17 -9.99999984307e+17 0 3 1 0 0 64
1 0 
0 
lpopt 2 2 8 0 0 3 1 0 1 64
1 "b"
0 
lpfilt 7 1 32767 1 1 3 1 0 1 64
1 32 
0 
lpext 7 1 1000000 0 1 3 1 0 1 64
1 1 
0 
lpalg1 2 2 8 0 0 3 1 0 1 64
1 "lpfft"
0 
lpalg 2 2 8 0 0 3 1 0 1 64
1 "lpfft"
0 
lpext1 7 1 1000000 0 1 3 1 0 1 64
1 1 
0 
lpnupts 7 1 1000000 1 1 3 1 0 1 64
1 64 
0 
lpfilt1 7 1 32767 1 1 3 1 0 1 64
1 32 
0 
lpnupts1 7 1 1000000 1 1 3 1 0 1 64
1 64 
0 
lptrace 7 1 32767 0 1 3 1 0 1 64
1 0 
0 
lpprint 7 1 63 0 1 3 1 0 1 64
1 0 
0 
lpopt1 2 2 8 0 0 3 1 0 1 64
1 "b"
0 
lpprint1 7 1 63 0 1 3 1 0 1 64
1 0 
0 
lsfid 7 1 64000 -64000 1 3 1 0 0 64
1 0 
0 
lptrace1 7 1 32767 0 1 3 1 0 1 64
1 0 
0 
math 2 2 1 0 0 3 1 3 1 64
1 "f"
3 "d" "f" "i" 
lvl 1 1 1000000000 -1000000000 0 4 1 1 1 64
1 2.8187810939 
0 
lsfrq1 1 1 9.99999984307e+17 -9.99999984307e+17 0 3 1 0 0 64
1 0 
0 
macro 2 2 6 0 0 3 1 3 1 64
1 ""
0 
modules 2 2 8 0 0 2 1 1 1 64
1 " presat wet gradient"
0 
method 2 2 6 0 0 2 1 3 1 64
1 "z1z2"
0 
mbond 4 2 4 0 0 2 1 0 1 64
1 "n"
0 
n1 2 2 6 0 0 3 1 3 1 64
1 ""
0 
mult 1 1 1.5 0 0.5 2 1 0 1 64
1 0.5 
0 
n2 2 2 6 0 0 3 1 3 1 64
1 ""
0 
obsSW 2 2 8 0 0 2 1 1 1 64
1 "setsw(14,-2)"
0 
notebook 2 2 8 0 0 2 1 0 1 64
1 ""
0 
newmodules 2 2 8 0 0 2 1 1 1 64
1 ""
0 
nameprefix 2 2 8 0 0 2 1 9 1 64
1 ""
0 
name 2 2 8 0 0 3 1 0 1 64
1 ""
0 
ni 7 1 32767 0 0 2 1 0 1 64
1 128 
0 
npoint 7 1 32767 0 0 2 1 0 1 64
1 6 
0 
np 7 1 524288 32 2 2 1 11 1 64
1 32820 
0 
nt 7 1 1000000000 1 1 2 1 2 1 64
1 4 
0 
page 2 2 8 0 0 2 1 0 1 64
1 ""
0 
oslsfrq 1 1 9.99999984307e+17 -9.99999984307e+17 0 2 1 1 0 64
1 0 
0 
oscoef 7 1 49999 3 2 2 1 1 0 64
1 31 
0 
operator_ 2 2 8 0 0 2 1 0 1 64
1 "vnmr1"
0 
osfb 1 1 100000 0 0 2 1 1 0 64
1 0 
0 
osfilt 2 2 8 0 0 2 1 0 1 64
1 "a"
5 "a" "A" "b" "B" "" 
p1 6 1 13 13 13 2 1 8194 1 64
1 0 
0 
oversamp 7 1 68 0 1 2 1 9 1 64
1 68 
0 
pad 3 1 14 14 14 2 1 8194 1 64
1 0 
0 
parversion 1 1 9.99999984307e+17 -9.99999984307e+17 0 2 1 4 1 64
1 5.1 
0 
parlabel 2 2 8 0 0 2 1 5 1 64
1 "PROTON"
0 
paramChanged 1 1 9.99999984307e+17 -9.99999984307e+17 0 2 1 0 1 64
1 0 
0 
parrev 1 1 9.99999984307e+17 -9.99999984307e+17 0 2 1 0 1 64
1 1 
0 
pfgon 2 2 8 0 0 2 1 0 1 64
1 "nny"
0 
phase 7 1 20 0 1 2 1 0 1 64
2 1 2 
0 
proc 2 2 10 0 0 3 1 1 1 64
1 "ft"
0 
pp 6 1 13 13 13 2 1 8192 1 64
1 12.3 
0 
pmode 2 2 8 0 0 3 1 0 1 64
1 "full"
0 
plt2Darg 2 2 8 0 0 4 1 272 1 64
5 "pos"
"7"
"1.5"
"top"
"side"
0 
plocklist 2 2 8 0 0 2 1 1 1 64
1 ""
0 
phfid1 1 1 3600 -3600 0.1 3 1 0 0 64
1 0 
0 
pltmod 2 2 8 0 0 4 1 0 1 64
1 "full"
5 "off" "fixed" "full" "variable" "user" 
pltopt 4 2 4 0 0 2 1 0 1 64
1 "n"
0 
position2 2 2 8 0 0 3 1 0 1 64
1 ""
0 
position1 2 2 8 0 0 3 1 0 1 64
1 ""
0 
prgd1 3 1 14 14 14 2 1 8192 1 64
1 0.0002 
0 
preacq 6 1 13 13 13 2 1 8192 0 64
1 0 
0 
pplvl_cf 1 1 9.99999984307e+17 -9.99999984307e+17 0 2 1 0 1 64
1 1 
0 
pplvl 7 1 63 -16 1 2 1 0 1 64
1 58 
0 
prcopt 4 2 4 0 0 2 1 0 1 64
1 "y"
0 
prescan 2 2 8 0 0 3 1 0 1 64
11 "Not done"
"Not done"
"y"
"y"
""
"n"
"off"
"nnn"
"off"
""
"Not done"
0 
presatgh2 1 1 9.99999984307e+17 -9.99999984307e+17 0 2 1 0 1 64
1 10 
0 
precond_flg 2 2 8 0 0 2 1 0 1 64
1 "y"
0 
presatinit 4 2 4 0 0 2 1 0 1 64
1 "n"
0 
prgcycle 7 1 32767 0 0 2 1 8 1 64
1 2 
0 
prg_flg 2 2 8 0 0 2 1 0 1 64
1 "y"
0 
prggt 3 1 14 14 14 2 1 8192 1 64
1 0.001 
0 
prgflg 4 2 4 0 0 2 1 8 1 64
1 "n"
0 
prgd2 3 1 14 14 14 2 1 8192 1 64
1 0.0002 
0 
prggstab 3 1 14 14 14 2 1 8192 1 64
1 0.0005 
0 
prgpw 6 1 13 13 13 2 1 8192 1 64
1 6.9 
0 
prggzlvl 1 1 1000000 -1000000 1 2 1 0 1 64
1 1944 
0 
prgtime 3 1 14 14 14 2 1 8192 1 64
1 0.0015 
0 
prgpwr 7 1 32767 0 0 2 1 0 1 64
1 50 
0 
priority 7 1 32768 0 1 2 1 0 1 64
1 5 
0 
pw 6 1 13 13 13 2 1 8194 1 64
1 6.9 
0 
processid 1 1 9.99999984307e+17 -9.99999984307e+17 0 2 1 0 1 64
1 0 
0 
procdim 7 1 1000000000 -1000000000 0 3 1 0 1 64
1 0 
0 
proc1 2 2 10 0 0 3 2 1 1 64
1 "ft"
0 
psatsolv 2 2 8 0 0 2 1 0 1 64
1 "D2O"
0 
protocols 2 2 8 0 0 3 1 0 1 64
1 ""
0 
protoFile 2 2 8 0 0 4 1 33040 1 64
5 ""
"dosy3d"
"Dbppste_ghsqcse"
"dosy3d"
"Proton"
0 
psppm 2 2 8 0 0 2 1 1 1 64
1 ""
0 
pslabel 2 2 8 0 0 2 1 11 1 64
1 "Dghmqcidosy"
0 
pstof 5 1 1000000000 -1000000000 0 2 1 264 1 64
1 0 
0 
pwx2lvl 1 1 63 -16 1 2 1 0 1 64
1 55 
0 
pwwet3 6 1 1000000 0 0.025 2 1 0 1 64
1 0 
0 
pwwet1 6 1 1000000 0 0.025 2 1 0 1 64
1 0 
0 
pw90 6 1 13 13 13 2 1 8194 1 64
1 6.9 
0 
pwwet 6 1 1000000 0 0.1 2 1 0 1 64
1 0 
0 
pwwet2 6 1 1000000 0 0.025 2 1 0 1 64
1 0 
0 
pwx 6 1 13 13 13 2 1 8192 1 64
1 9.1 
0 
pwwet4 6 1 1000000 0 0.025 2 1 0 1 64
1 0 
0 
pwx2 6 1 13 13 13 2 1 8192 1 64
1 15 
0 
pwxlvl 7 1 32767 0 0 2 1 0 1 64
1 52 
0 
pwx2lvl_cf 1 1 9.99999984307e+17 -9.99999984307e+17 0 2 1 0 1 64
1 1 
0 
qlvl 1 1 2 1 1 2 1 0 1 64
1 1 
0 
pwxlvl_cf 1 1 9.99999984307e+17 -9.99999984307e+17 0 2 1 0 1 64
1 0.947 
0 
queue 2 2 8 0 0 2 1 0 1 64
1 ""
0 
tof 5 1 7 7 7 2 1 8202 1 64
1 499.7 
0 
spin 1 1 39 0 1 2 1 0 1 64
1 0 
0 
sb 1 1 1000 -1000 0.001 3 1 0 0 64
1 1.024 
0 
rof2 6 1 13 13 13 2 1 8194 1 64
1 19.6125 
0 
reffrq 1 1 9.99999984307e+17 -9.99999984307e+17 0 4 1 0 1 64
1 399.958463525 
0 
r6 1 1 1e+18 -1e+18 0 3 1 1 1 64
1 0 
0 
r4 1 1 1e+18 -1e+18 0 3 1 1 1 64
1 0 
0 
r2 1 1 1e+18 -1e+18 0 3 1 1 1 64
1 3.16227766017 
0 
r3 1 1 1e+18 -1e+18 0 3 1 1 1 64
1 702.728368926 
0 
r5 1 1 1e+18 -1e+18 0 3 1 1 1 64
1 0 
0 
ref 5 1 1000000000 -1000000000 0 3 1 0 1 64
1 0 
0 
readlvl1 1 1 9.99999984307e+17 -9.99999984307e+17 0 2 1 0 1 64
1 0 
0 
r7 1 1 1e+18 -1e+18 0 3 1 1 1 64
1 0 
0 
readlvl2 1 1 9.99999984307e+17 -9.99999984307e+17 0 2 1 0 1 64
1 0 
0 
ref_pw90 6 1 13 13 13 2 1 8192 1 64
1 5.475 
0 
ref1 5 1 1000000000 -1000000000 0 3 5 0 1 64
1 0 
0 
ref_pwr 1 1 9.99999984307e+17 -9.99999984307e+17 0 2 1 0 1 64
1 60 
0 
rfl 1 1 1000000000 -1000000000 0 4 1 1 1 64
1 1008.31435643 
0 
refpos 1 1 9.99999984307e+17 -9.99999984307e+17 0 4 1 0 1 64
1 0 
0 
reffrq1 1 1 9.99999984307e+17 -9.99999984307e+17 0 4 1 0 1 64
1 125.643353855 
0 
refsource1 2 2 8 0 0 4 1 0 1 64
1 "sfrq"
0 
refpos1 1 1 9.99999984307e+17 -9.99999984307e+17 0 4 1 0 0 64
1 0 
0 
rfband 4 2 4 0 0 2 1 0 1 64
1 "cccc"
3 "c" "h" "l" 
rfp 1 1 1000000000 -1000000000 0 4 1 1 1 64
1 0 
0 
rfl1 1 1 1000000000 -1000000000 0 4 1 1 1 64
1 1.81914888928 
0 
rfp1 1 1 1000000000 -1000000000 0 4 1 1 1 64
1 0 
0 
rof1 6 1 13 13 13 2 1 8194 1 64
1 9.9999961853 
0 
sampleowner 2 2 8 0 0 2 1 0 1 64
1 ""
0 
sample 2 2 8 0 0 2 1 0 1 64
1 ""
0 
rp 1 1 3600 -3600 0.1 4 1 3 1 64
1 15.7384908156 
0 
rof3 6 1 13 13 13 2 1 8192 1 64
1 2 
0 
rp1 1 1 3600 -3600 0.1 4 1 3 1 64
1 -14.5 
0 
samplename 2 2 8 0 0 2 1 8 1 64
1 ""
0 
satfrq 5 1 1000000000 -1000000000 0 2 1 256 1 64
1 499.7 
0 
satflag 4 2 4 0 0 2 1 0 1 64
1 "y"
0 
satdly 3 1 14 14 14 2 1 8192 1 64
1 2 
0 
satflg 4 2 4 0 0 2 1 0 1 64
1 "n"
0 
satpwr 1 1 17 17 17 2 1 8192 1 64
1 0 
0 
satmode 4 2 4 0 0 2 1 0 1 64
1 "nnn"
0 
saveshapes 2 2 8 0 0 2 1 256 1 64
1 ""
0 
sf 1 1 8190 0 1e-07 4 1 3 1 64
1 0 
0 
sc2 1 1 3 3 3 4 1 8195 1 64
1 0 
0 
sbs1 1 1 1000 -1000 0.001 3 1 1 0 64
1 0 
0 
sb1 1 1 1000 -1000 0.001 3 1 1 0 64
1 0.128 
0 
sbs 1 1 1000 -1000 0.001 3 1 1 0 64
1 0 
0 
sc 1 1 1 1 1 4 1 8195 1 64
1 6.625 
0 
sdirtmplt 2 2 8 0 0 2 1 0 1 64
1 "$samplename$_%DATE%_"
0 
scans 2 2 8 0 0 3 1 0 1 64
1 ""
0 
seqfil 2 2 8 0 0 2 1 11 1 64
1 "Dghmqcidosy"
0 
sedelay 3 1 14 14 14 2 1 8192 1 64
1 0.0025 
0 
slpsat 4 2 4 0 0 2 1 0 1 64
1 "n"
0 
shims 2 2 8 0 0 2 1 0 1 64
1 ""
0 
sf1 1 1 9.99999984307e+17 -9.99999984307e+17 0 4 1 0 1 64
1 0 
0 
sfrq 1 1 1000000000 0 0 2 1 11 1 64
1 499.8218962 
0 
slpname 2 2 8 0 0 2 1 256 1 64
1 ""
0 
shimstab 3 1 14 14 14 2 1 8192 1 64
1 0 
0 
solvent 2 2 6 0 0 2 1 11 1 64
1 "D2O"
0 
sn 1 1 1e+18 -1e+18 0 3 1 1 1 64
1 0 
0 
sp 1 1 1000000000 -1000000000 0 4 1 3 1 64
1 -40.3746154667 
0 
sp1 1 1 1000000000 -1000000000 0 4 1 3 1 64
1 -1894.99375 
0 
temp 1 1 200 -150 0.1 2 1 8 0 64
1 30 
0 
strtpar 2 2 8 0 0 2 1 0 1 64
1 ""
0 
sspul 4 2 4 0 0 2 1 0 1 64
1 "y"
0 
ss 7 1 32767 -32768 0 2 1 0 1 64
1 8 
0 
srate 7 1 32767 0 1 2 1 0 1 64
1 25 
0 
spoilerpulsesflag 4 2 4 0 0 2 1 0 1 64
1 "y"
0 
sslsfrq 1 1 9.99999984307e+17 -9.99999984307e+17 0 3 1 0 0 64
1 0 
0 
ssfilter 1 1 50000 10 0.1 3 1 0 0 64
1 50 
0 
ssntaps 7 1 2500 0 1 3 1 0 1 64
1 121 
0 
ssorder 7 1 20 1 1 3 1 0 0 64
1 7 
0 
strtext1 7 1 1000000 1 1 3 1 0 1 64
1 1 
0 
startexp 1 1 9999 1 1 4 1 1 1 64
1 2 
0 
sstrim 6 1 13 13 13 2 1 8192 1 64
1 0 
0 
sspulX 4 2 4 0 0 2 1 0 1 64
1 "y"
0 
strtext 7 1 1000000 1 1 3 1 0 1 64
1 1 
0 
strtlp 7 1 1000000 1 1 3 1 0 1 64
1 2 
0 
strtlp1 7 1 1000000 1 1 3 1 0 1 64
1 2 
0 
svfopt 4 2 4 0 0 2 1 0 1 64
1 "y"
0 
studyowner 2 2 8 0 0 2 1 0 1 64
1 "vnmr1"
0 
study 2 2 8 0 0 3 1 0 1 64
1 ""
0 
studyid_ 2 2 8 0 0 2 1 0 1 64
1 "tmpstudy"
0 
studystatus 2 2 8 0 0 2 1 0 1 64
1 "Empty"
0 
studytime 1 1 9.99999984307e+17 -9.99999984307e+17 0 2 1 0 1 64
1 780 
0 
sw 1 1 5 5 5 2 1 8203 1 64
1 8012.82051282 
0 
svftmplt 2 2 8 0 0 2 1 0 1 64
1 "data_$seqfil$_%R3%"
0 
tau 3 1 14 14 14 2 1 8192 1 64
1 0 
0 
sw1 1 1 5000000 1 -2.5e-08 2 5 0 1 64
1 18850.1413761 
0 
taumb 3 1 8190 0 1.00000001169e-07 2 1 0 1 64
1 0.07100000083 
0 
time_saved 2 2 8 0 0 2 1 0 1 64
1 "20090610T213141"
0 
time_exp 2 2 8 0 0 2 1 0 1 64
1 ""
0 
th 1 1 1000000000 0 0 4 1 1 1 64
1 3 
0 
text_string 2 2 8 0 0 4 1 256 1 64
1 ""
0 
time_complete 2 2 8 0 0 2 1 0 1 64
1 "20040101T092932"
0 
th2d 1 1 1 1e-18 0 4 1 17 1 64
1 0.8 
0 
time_processed 2 2 8 0 0 3 1 0 1 64
1 "20070216T181102"
0 
time_plotted 2 2 8 0 0 3 1 0 1 64
1 ""
0 
time_run 2 2 8 0 0 2 1 0 1 64
1 "20031231T130713"
0 
tlt 1 1 1000000000 -1000000000 0 4 1 1 1 64
1 -8.01696315888 
0 
time_submitted_local 2 2 8 0 0 2 1 0 1 64
1 "20031231T112517X11AM%%"
0 
time_submitted 2 2 8 0 0 2 1 0 1 64
1 "20031231T112517"
0 
time_svfdate 2 2 8 0 0 2 1 0 1 64
1 "20031231T112517"
0 
tin 2 2 1 0 0 2 1 2 1 64
1 "n"
3 "n" "w" "y" 
tnref 2 2 8 0 0 4 1 1 1 64
1 "Me4Si, 1% in CDCl3"
0 
tn 2 2 4 0 0 2 1 8 1 64
1 "H1"
0 
tnshapes 2 2 8 0 0 2 1 256 1 64
3 ""
""
""
0 
wp1 1 1 100000 0 0 4 1 3 1 64
1 496.09375 
0 
vtc 1 1 255 0 1 2 1 2 1 64
1 25 
0 
vjdialog 2 2 8 0 0 4 1 256 1 64
1 ""
0 
tunemethod 2 2 8 0 0 2 1 0 1 64
1 "lohi"
0 
tpwr_cf 1 1 9.99999984307e+17 -9.99999984307e+17 0 2 1 0 1 64
1 1.0327 
0 
tpwr 7 1 17 17 17 2 1 8194 1 64
1 54 
0 
trace 2 2 2 0 0 4 1 3 1 64
1 "f2"
2 "f1" "f2" 
tpwrf 7 1 4095 0 1 2 1 2 0 64
1 4095 
0 
triax_flg 4 2 4 0 0 2 1 0 1 64
1 "n"
0 
userplotter 2 2 8 0 0 4 1 0 1 64
1 ""
0 
uplim 1 1 1000 0 0.001 4 1 0 1 64
1 25 
0 
tweek 1 1 9.99999984307e+17 -9.99999984307e+17 0 2 1 0 1 64
1 0 
0 
username 2 2 8 0 0 2 1 0 1 64
1 "vnmr1"
0 
vf 1 1 1000000000 0 0 4 1 3 1 64
1 3806.65346373 
0 
vp 7 1 500 -500 0.1 4 1 3 1 64
1 0 
0 
vjdialogarg 2 2 8 0 0 4 1 256 1 64
1 ""
0 
vo 1 1 500 -500 0 4 1 1 1 64
1 30 
0 
vs 1 1 1000000000 1e-06 0 4 1 3 1 64
1 30000 
0 
vpfi 1 1 500 -500 0 4 1 0 1 64
1 0 
0 
vpf 1 1 500 -500 0 4 1 0 1 64
1 0 
0 
vs2d 1 1 1000000000 1e-06 0 4 1 3 1 64
1 100 
0 
vsproj 1 1 1000000000 1e-06 0 4 1 3 1 64
1 21330.8583222 
0 
wetfrqw 1 1 9.99999984307e+17 -9.99999984307e+17 0 2 1 256 1 64
1 80 
0 
wdone 2 2 8 0 0 3 1 0 1 64
1 "acqdone"
0 
wc 1 1 2 2 2 4 1 8203 1 64
1 190.8 
0 
vtwait 3 1 14 14 14 2 1 8194 1 64
1 300 
0 
wbs 2 2 6 0 0 3 1 3 1 64
1 ""
0 
wc2 1 1 4 4 4 4 1 8195 1 64
1 100.125 
0 
wetfly 4 2 4 0 0 2 1 0 1 64
1 "n"
2 "y" "n" 
werr 2 2 6 0 0 3 1 3 1 64
1 ""
0 
wds 2 2 8 0 0 3 1 0 1 64
1 ""
0 
wet 4 2 4 0 0 2 1 0 1 64
1 "n"
2 "y" "n" 
wetfrq 5 1 1000000000 -1000000000 0 2 1 256 1 64
1 499.789583915 
0 
wetfrqs 2 2 8 0 0 2 1 256 1 64
1 "seduce"
0 
wetpwr4 1 1 9.99999984307e+17 -9.99999984307e+17 0 2 1 0 1 64
1 0 
0 
wetpwr2 1 1 9.99999984307e+17 -9.99999984307e+17 0 2 1 0 1 64
1 0 
0 
wetpwr 1 1 48 -16 0 2 1 0 1 64
1 -6 
0 
wetpeaks 7 1 10 0 1 2 1 0 0 64
1 0 
0 
wetpwr1 1 1 9.99999984307e+17 -9.99999984307e+17 0 2 1 0 1 64
1 0 
0 
wetpwr3 1 1 9.99999984307e+17 -9.99999984307e+17 0 2 1 0 1 64
1 0 
0 
wexp 2 2 6 0 0 3 1 3 1 64
1 "cdGM svf('29Si_paper/New_dil/New_dil_H_DY_3D_31xii03') "
0 
wetshape2 2 2 8 0 0 2 1 0 1 64
1 "wetshp"
0 
wetshape 2 2 8 0 0 2 1 0 1 64
1 "Pbox"
0 
wetset 2 2 8 0 0 4 1 0 1 64
1 "set1"
0 
wetshape1 2 2 8 0 0 2 1 0 1 64
1 "wetshp"
0 
wetshape4 2 2 8 0 0 2 1 0 1 64
1 "wetshp"
0 
wetshape3 2 2 8 0 0 2 1 0 1 64
1 "wetshp"
0 
whatemail 2 2 8 0 0 2 1 0 1 64
1 "message"
0 
wf1 1 1 9.99999984307e+17 -9.99999984307e+17 0 4 1 0 1 64
1 0.256 
0 
wf 1 1 8190 0 1e-07 4 1 3 1 64
1 2.0480512 
0 
wnt 2 2 6 0 0 3 1 3 1 64
1 ""
0 
whenemail 2 2 8 0 0 2 1 0 1 64
1 "never"
0 
wp 1 1 5000000 0 0 4 1 11 1 64
1 499.74336579 
0 
y1 7 1 19 19 19 2 1 8192 1 64
1 859 
0 
wtune 4 2 4 0 0 2 1 0 1 64
1 "st12"
10 "s" "t" "e" "v" "i" "n" "1" "2" "3" "4" 
wshim 4 2 4 0 0 2 1 1 1 64
1 "n"
15 "e" "f" "g" "n" "s" "0" "1" "2" "3" "4" "5" "6" "7" "8" "9" 
wrefpwr 7 1 32767 0 0 2 1 0 1 64
1 17 
0 
wqinit 2 2 8 0 0 4 1 0 1 64
1 ""
0 
wrefpw 6 1 13 13 13 2 1 8192 1 64
1 2400 
0 
wrefshape 2 2 8 0 0 2 1 0 1 64
1 "W_supp"
0 
wrefpwrf 7 1 4095 0 1 2 1 0 1 64
1 2125 
0 
wrtp 2 2 8 0 0 4 1 0 1 64
1 ""
0 
wtfile 2 2 15 0 0 3 1 1 1 64
1 ""
0 
wstart 2 2 8 0 0 3 1 0 1 64
1 ""
0 
wtfile1 2 2 15 0 0 3 2 1 1 64
1 ""
0 
x3 7 1 19 19 19 2 1 8192 1 64
1 -128 
0 
x1 7 1 19 19 19 2 1 8192 1 64
1 -6910 
0 
x2y2 7 1 19 19 19 2 1 8192 1 64
1 7311 
0 
xy 7 1 19 19 19 2 1 8192 1 64
1 5984 
0 
xdiag 1 1 1e+18 0 0 4 1 17 1 64
1 0 
0 
x4 7 1 19 19 19 2 1 8192 1 64
1 0 
0 
xhn 7 1 32767 0 0 2 1 0 1 64
1 1 
0 
xz 7 1 19 19 19 2 1 8192 1 64
1 -7480 
0 
xz2 7 1 19 19 19 2 1 8192 1 64
1 -256 
0 
z4 7 1 19 19 19 2 1 8192 1 64
1 -620 
0 
z2c 7 1 19 19 19 2 1 8192 1 64
1 196 
0 
yz2 7 1 19 19 19 2 1 8192 1 64
1 -960 
0 
y4 7 1 19 19 19 2 1 8192 1 64
1 0 
0 
y3 7 1 19 19 19 2 1 8192 1 64
1 -512 
0 
yz 7 1 19 19 19 2 1 8192 1 64
1 2880 
0 
z1c 7 1 19 19 19 2 1 8192 1 64
1 -1044 
0 
z1 7 1 19 19 19 2 1 8192 1 64
1 -2652 
0 
z2 7 1 19 19 19 2 1 8192 1 64
1 -8772 
0 
z3c 7 1 19 19 19 2 1 8192 1 64
1 0 
0 
z2xy 7 1 19 19 19 2 1 8192 1 64
1 3584 
0 
z2x2y2 7 1 19 19 19 2 1 8192 1 64
1 -576 
0 
z2x3 7 1 19 19 19 2 1 8192 1 64
1 0 
0 
z3 7 1 19 19 19 2 1 8192 1 64
1 3917 
0 
z2y3 7 1 19 19 19 2 1 8192 1 64
1 0 
0 
z3x3 7 1 19 19 19 2 1 8192 1 64
1 0 
0 
z3x2y2 7 1 19 19 19 2 1 8192 1 64
1 0 
0 
z3x 7 1 19 19 19 2 1 8192 1 64
1 -128 
0 
z3y 7 1 19 19 19 2 1 8192 1 64
1 -256 
0 
z3xy 7 1 19 19 19 2 1 8192 1 64
1 0 
0 
z3y3 7 1 19 19 19 2 1 8192 1 64
1 0 
0 
z7 7 1 19 19 19 2 1 8192 1 64
1 0 
0 
z4y 7 1 19 19 19 2 1 8192 1 64
1 0 
0 
z4x 7 1 19 19 19 2 1 8192 1 64
1 0 
0 
z4c 7 1 19 19 19 2 1 8192 1 64
1 0 
0 
z4x2y2 7 1 19 19 19 2 1 8192 1 64
1 0 
0 
z4xy 7 1 19 19 19 2 1 8192 1 64
1 0 
0 
z5x 7 1 19 19 19 2 1 8192 1 64
1 0 
0 
z5 7 1 19 19 19 2 1 8192 1 64
1 -10668 
0 
z6 7 1 19 19 19 2 1 8192 1 64
1 -3305 
0 
z5y 7 1 19 19 19 2 1 8192 1 64
1 0 
0 
zx2y2 7 1 19 19 19 2 1 8192 1 64
1 -3904 
0 
z8 7 1 19 19 19 2 1 8192 1 64
1 0 
0 
zoom 7 1 32767 0 0 2 1 0 1 64
1 2 
0 
zxy 7 1 19 19 19 2 1 8192 1 64
1 -1216 
0 
zx3 7 1 19 19 19 2 1 8192 1 64
1 0 
0 
zy3 7 1 19 19 19 2 1 8192 1 64
1 0 
0 
