insref 1 1 9.99999984307e+17 -9.99999984307e+17 0 4 1 0 1 64
1 1 
0 
dod 3 1 14 14 14 2 1 8194 1 64
1 0.00999999977648 
0 
dataProcessed 1 1 9.99999984307e+17 -9.99999984307e+17 0 3 1 0 1 64
1 0 
0 
ap 2 2 1023 0 0 4 1 6 1 64
1 "1:ACQUISITION H1:sfrq:3,at:3,np,sw:1,bs,ss,tpwr,compH:2,pw:1,d1:3,tof:1,nt,ct,gain;1:SAMPLE:date,file,solvent,temp:1;1:C13:dfrq:3,dof,pwClvl,compC:2,pwC:2,dm,dmm,dmf,dpwr,dseq,dres:1;1:OPTIONS:jumpret,diff(jumpret):1,wet;1(wet):WET:autosoft,wetshape(autosoft='n'),wetpwr(autosoft='n'),wetpw(wet):1,dz(wet):6,gswet(wet),satmode,satpwr(satmode),satdly(satmode):3,scuba,hscuba(scuba):6,mess_flg,tpwrmess(mess_flg),dly_pg(mess_flg):6,aromatic,ribose,N15refoc,JCH:1;1:N15 PULSES:N15refoc,dfrq2:3,dof2,pwN:1,pwNlvl,compN:2,dpwr2,dm2,dmm2,dmf2;2:2D PARAMETERS 13C:d2:4,sw1:1,ni,f1180,phase;2:GRADIENTS:mag_flg,gzcal(mag_flg):6,gzlvl0,gzlvl5,gt5:6,gzlvlr,grecov:6;2:FLAGS ETC:dp,hs,il,,werr,wbs,wnt,wexp;2:DISPLAY:sp:1,wp:1,vs,sc,wc,hzmm:2,is:2,rfl:1,rfp:1,th,ins:3,aig*,dcg*,dmg*;2:2D DISPLAY:sp1:1,wp1:1,sc2,wc2,rfl1:1,rfp1:1;2:PROCESSING:lb(lb):2,sb(sb):3,sbs(sb):3,gf(gf):3,gfs(gf):3,fn,math;2:2D PROCESSING:lb1(lb1):3,sb1(sb1):3,sbs1(sb1):3,gf1(gf1):3,gfs1(gf1):3,fn1;"
0 
H1reffrq 1 1 9.99999984307e+17 -9.99999984307e+17 0 2 1 0 1 64
1 499.922475824 
0 
CSseed 1 1 9.99999984307e+17 -9.99999984307e+17 0 2 1 0 1 64
1 169 
0 
CSdnoise 4 2 4 0 0 3 1 0 1 64
1 "y"
0 
CS_inf 4 2 4 0 0 3 1 0 1 64
1 "y"
0 
BPexpress_gui 7 1 32767 0 0 2 1 0 1 64
1 0 
0 
Archive1 2 2 8 0 0 2 1 0 1 64
1 ""
0 
ACQtime 7 1 100000000 0 1 2 1 256 1 64
1 0 
0 
Archive2 2 2 8 0 0 2 1 0 1 64
1 ""
0 
CS_cln 4 2 4 0 0 3 1 0 1 64
1 "y"
0 
CS_dpars 4 2 4 0 0 3 1 0 1 64
1 "y"
0 
CS_se 4 2 4 0 0 3 1 0 1 64
1 "n"
0 
CSdensity 1 1 100 0 0 2 1 0 1 64
1 50 
0 
CSlines 7 1 32767 0 0 2 1 0 1 64
1 4 
0 
CSdomain 7 1 32767 0 0 2 1 0 1 64
1 1 
0 
CSinp 2 2 8 0 0 2 1 0 1 64
1 ""
0 
CSprofile 2 2 8 0 0 2 1 256 1 64
3 ""
""
""
0 
CSniIndex 7 1 32767 0 0 2 1 256 1 64
1 0 
0 
CSni2Index 7 1 32767 0 0 2 1 256 1 64
1 0 
0 
CSpars 2 2 8 0 0 2 1 256 1 64
1 ""
0 
CSprosize 7 1 32767 0 0 2 1 256 1 64
3 0 0 0 
0 
CSreconmethod 2 2 8 0 0 2 1 0 1 64
1 "CLEAN"
0 
CSthr 1 1 100 1 0.1 3 1 0 1 64
1 2 
0 
CSshowsch 4 2 4 0 0 2 1 0 1 64
1 "y"
0 
CSshowpro 4 2 4 0 0 2 1 0 1 64
1 "y"
0 
CSshape 2 2 8 0 0 2 1 0 1 64
1 "gexp"
0 
CSsp 7 1 32767 0 0 3 1 0 1 64
1 0 
0 
Gmap 2 2 8 0 0 2 1 1 1 64
1 "no"
0 
CSwp 7 1 32767 0 0 3 1 0 1 64
1 0 
0 
CStype 4 2 4 0 0 2 1 0 1 64
1 "a"
0 
CSwt 4 2 4 0 0 2 1 0 1 64
1 "n"
0 
Gmapname 2 2 8 0 0 2 1 1 1 64
1 ""
0 
WATER 4 2 4 0 0 2 1 0 1 64
1 "y"
0 
N15 2 2 8 0 0 2 1 0 1 64
1 "dg2"
0 
JCH 3 1 14 14 14 2 1 8192 1 64
1 160 
0 
IPrunid 2 2 8 0 0 2 1 0 1 64
1 ""
0 
MinSW 2 2 8 0 0 3 1 0 1 64
1 "off"
4 "off" "auto" "manual" "skip" 
N180_flg 4 2 4 0 0 2 1 0 1 64
1 "n"
2 "n" "y" 
N15refoc 4 2 4 0 0 2 1 0 1 64
1 "y"
0 
REQexp 2 2 8 0 0 4 1 256 1 64
2 ""
"ignore"
0 
PFGflg 4 2 4 0 0 2 1 0 1 64
1 "n"
0 
SPARSE 4 2 4 0 0 2 1 0 1 64
1 "n"
0 
acqstatus 7 1 32767 0 0 2 1 0 1 64
2 101 27 
0 
acqdim 7 1 1000000000 -1000000000 0 2 1 0 1 64
1 1 
0 
acqcycles 1 1 9.99999984307e+17 -9.99999984307e+17 0 2 1 0 1 64
1 1 
0 
aig 2 2 2 0 0 4 1 1 1 64
1 "ai"
2 "nm" "ai" 
adir2tmplt 2 2 8 0 0 2 1 0 1 64
1 ""
0 
actionid 2 2 8 0 0 2 1 0 1 64
1 "null"
0 
adirtmplt 2 2 8 0 0 2 1 0 1 64
1 ""
0 
alock 2 2 8 0 0 2 1 0 1 64
1 "n"
5 "a" "n" "s" "u" "y" 
alfa 6 1 8190 -8190 0.0125 2 1 2 1 64
1 6.6 
0 
ampmode 2 2 8 0 0 2 1 0 1 64
1 "dddp"
0 
bs 7 1 32767 0 1 2 1 0 0 64
1 4 
0 
autosoft 4 2 4 0 0 2 1 0 1 64
1 "n"
0 
arraydim 7 1 32768 1 1 2 1 5 1 64
1 1 
0 
aromatic 4 2 4 0 0 2 1 0 1 64
1 "y"
0 
apptype 2 2 8 0 0 2 1 1 1 64
1 "rna_gChmqc"
0 
archivedir 2 2 8 0 0 2 1 0 1 64
1 ""
0 
array 2 2 256 0 0 2 1 1 1 64
1 ""
0 
at_ni 1 1 9.99999984307e+17 -9.99999984307e+17 0 2 1 0 1 64
1 0.001 
0 
at 1 1 14 14 14 2 1 8203 1 64
1 0.0640224 
0 
arrayelemts 1 1 9.99999984307e+17 -9.99999984307e+17 0 2 1 0 1 64
1 0 
0 
at_ni3 1 1 9.99999984307e+17 -9.99999984307e+17 0 2 1 0 1 64
1 0.001 
0 
at_ni2 1 1 9.99999984307e+17 -9.99999984307e+17 0 2 1 0 1 64
1 0.001 
0 
at_obs 1 1 9.99999984307e+17 -9.99999984307e+17 0 2 1 0 1 64
1 0.001 
0 
awc1 1 1 1 -1 0.001 3 1 1 1 64
1 0.979591836735 
0 
awc 1 1 1 -1 0.001 3 1 1 0 64
1 0.928571428571 
0 
avwdir 2 2 8 0 0 3 1 0 1 64
1 ""
0 
axis 4 2 4 0 0 4 1 0 1 64
1 "pd"
11 "c" "d" "1" "2" "3" "h" "k" "m" "n" "p" "u" 
awc2 1 1 1 -1 0.001 3 1 1 0 64
1 0 
0 
axisf 4 2 4 0 0 4 1 0 1 64
1 "s"
4 "m" "n" "s" "u" 
crf 1 1 9.99999984307e+17 -9.99999984307e+17 0 4 1 0 1 64
1 0 
0 
cp 2 2 1 0 0 2 1 0 1 64
1 "y"
2 "y" "n" 
compC 1 1 9.99999984307e+17 -9.99999984307e+17 0 2 1 0 1 64
1 0.538024971623 
0 
cf 7 1 32767 0 1 3 1 1 0 64
1 1 
0 
celem 1 1 9.99999984307e+17 -9.99999984307e+17 0 2 1 0 1 64
1 1 
0 
comment 2 2 8 0 0 3 1 0 1 64
1 ""
0 
compN 1 1 9.99999984307e+17 -9.99999984307e+17 0 2 1 0 1 64
1 0.767857142857 
0 
compH 1 1 9.99999984307e+17 -9.99999984307e+17 0 2 1 0 1 64
1 1.05763888889 
0 
compD 1 1 9.99999984307e+17 -9.99999984307e+17 0 2 1 0 1 64
1 1 
0 
console 2 2 8 0 0 2 1 0 1 64
1 "inova"
0 
concentration 1 1 9.99e+17 -9.99e+17 0 2 1 0 1 64
1 0 
0 
cr1 1 1 1000000000 -1000000000 0 4 1 3 1 64
1 19197.6981859 
0 
cr 1 1 1000000000 -1000000000 0 4 1 1 1 64
1 2748.7630568 
0 
cppauseflg 4 2 4 0 0 4 1 0 1 64
1 "n"
0 
cr2 1 1 9.99999984307e+17 -9.99999984307e+17 0 4 1 0 1 64
1 0 
0 
cutoff 1 1 9.99999984307e+17 -9.99999984307e+17 0 4 1 0 0 64
1 200 
0 
ct 7 1 1000000000 0 1 2 1 6 1 64
1 0 
0 
customflag 4 2 4 0 0 4 1 0 1 64
1 "n"
0 
d3 3 1 14 14 14 2 1 8194 1 64
1 0 
0 
d1 3 1 14 14 14 2 1 8194 1 64
1 1 
0 
d2 3 1 14 14 14 2 1 8194 1 64
1 0 
0 
dataID 2 2 8 0 0 2 1 0 1 64
1 ""
0 
dhp 1 1 9 9 9 2 1 8192 0 64
1 35 
0 
dfrq 5 1 1000000000 -1000000000 0 2 1 8 1 64
1 125.7189256 
0 
dec3wave 2 2 8 0 0 2 1 0 1 64
1 "g"
0 
ddrpm 2 2 8 0 0 2 1 0 1 64
1 ""
0 
dcg 2 2 3 0 0 4 1 1 1 64
1 "cdc"
2 "dc" "cdc" 
date 2 2 9 0 0 2 1 1 1 64
1 "Jul 12 2002"
0 
dcrmv 4 2 9.99999984307e+17 -9.99999984307e+17 0 4 1 0 1 64
1 "n"
2 "y" "n" 
dec2wave 2 2 8 0 0 2 1 0 1 64
1 "g"
0 
ddrtc 6 1 13 13 13 2 1 8192 1 64
1 0 
0 
delta1 1 1 5000000 0 0 4 1 3 1 64
1 2811.50130246 
0 
delta 1 1 5000000 0 0 4 1 1 1 64
1 5999.02296043 
0 
decwave 2 2 8 0 0 2 1 0 1 64
1 "g"
0 
deltaf 1 1 100 0 0 4 1 0 1 64
1 0.00580626569343 
0 
delta2 1 1 9.99999984307e+17 -9.99999984307e+17 0 4 1 0 1 64
1 0 
0 
density 1 1 9.99999984307e+17 -9.99999984307e+17 0 2 1 0 1 64
1 1 
0 
dg1 2 2 8 0 0 4 1 0 1 64
1 "1:DISPLAY:sp:1,wp:1,sp1(ni):1,wp1(ni):1,sp2(ni2):1,wp2(ni2):1;1:FID:sf:3,wf:3,vf:0;1:FLAGS:aig*,dcg*,pmode*(ni),dmg*,dmg1*(ni),dmg2*(ni2);1:PHASE:rp:1,lp:1,rp1:1,lp1:1,rp2:1,lp2:1;2:REFERENCING:rfl:1,rfp:1,cr:1,delta:1,,rfl1(ni):1,rfp1(ni):1,cr1(ni):1,delta1(ni):1,,rfl2(ni2):1,rfp2(ni2):1,cr2(ni2):1,delta2(ni2):1;3:CHART:sc:0,wc:0,sc2(ni):0,wc2(ni):0,,hzmm:2,vs:1,vp:1,th:1,ho:2,vo:2,axis,,pltmod,rplot;4(ni):DIMENSIONS:trace,plane(ni2);4:INTEGRAL:intmod,is:2,ins:3,io:0,,lvl:3,tlt:3;4(ni2):3D OPTIONS:fiddc3d,specdc3d,ptspec3d,ntype3d;"
0 
dfrq3 1 1 1000000000 0 0 2 1 9 1 64
1 0 
0 
dfrq2 1 1 1000000000 0 0 2 1 9 1 64
1 50.6683063 
0 
dg 2 2 1023 0 0 4 1 6 1 64
1 "1:ACQUISITION H1:sfrq:3,at:3,np:0,sw:1,bs(bx),ss,tpwr,compH:2,pw:1,d1:3,tof:1,nt:0,ct:0,gain:0;2:C13 RF:dfrq:5,dof:0,pwClvl:0,compC:2,pwC:2;2:C13 DIMENSION:d2(d2):6,sw1:1,ni,phase,f1180,;2:DELAYS:JCH:1,diff(jumret):5;3:OPTIONS:satmode,scuba(satmode),satpwr(satmode),satdly(satmode),mess_flg,tpwrmess(mess_flg),wet,wetshape(wet),wetpwr(wet):1,wetpw(wet):1,dz(wet):5,gtw(wet):5,gzlvlw(wet):0,gswet(wet):5,gswet2(wet):5,jumpret,,aromatic,ribose,dofdec,N15refoc,;4:SAMPLE:date,solvent,temp:1,;4:FOR INFORMATION:sequence,processing,linearpred,N15;"
0 
dgp 2 2 8 0 0 4 1 0 1 64
1 "1:DOWNSAMPLE:downsamp,dscoef,dsfb,dslsfrq,filtfile;1:OVERSAMPLE:oversamp,oscoef,osfb,oslsfrq,osfilt;1:CONDITIONAL:werr,wexp,wbs,wnt;2:WEIGHT:lb:3,sb:3,sbs(sb):3,gf:3,gfs(gf):3,awc:3,ssfilter,ssntaps,ssorder,sslsfrq:1;2:PROCESS:cf(nf),lsfid,phfid:1,lsfrq:1,proc,fn,rp:1,lp:1;3(ni):WEIGHT 1:lb1:3,sb1:3,sbs1(sb1):3,gf1:3,gfs1(gf1):3,awc1:3,wtfile1;3(ni):PROCESS 1:phfid1:1,lsfrq1:1,proc1,f1coef,fn1,rp1:1,lp1:1;4(ni2):WEIGHT 2:lb2:3,sb2:3,sbs2(sb2):3,gf2:3,gfs2(gf2):3,awc2:3,wtfile2;4(ni2):PROCESS 2:phfid2:1,lsfrq2:1,proc2,f2coef,fn2,rp2:1,lp2:1;"
0 
dglp 2 2 8 0 0 4 1 7 1 64
1 "1(lpfilt):LP:lpalg,lpopt,lpfilt:0,lpnupts:0,strtlp:0,lpext:0,strtext:0,,proc,ni,celem;2(lpfilt1):LP 1:lpalg1,lpopt1,lpfilt1:0,lpnupts1:0,strtlp1:0,lpext1:0,strtext1:0,,proc1;3(lpfilt2):LP 2:lpalg2,lpopt2,lpfilt2:0,lpnupts2:0,strtlp2:0,lpext2:0,strtext2:0,,proc2;4:LP OUTPUT:lpprint(lpfilt):0,lptrace(lpfilt):0,lpprint1(lpfilt1):0,lptrace1(lpfilt1):0,lpprint2(lpfilt2):0,lptrace2(lpfilt2):0;"
0 
dg2 2 2 1023 0 0 4 1 7 1 64
1 "1:CHANNEL 2:dfrq:3,dn,dpwr:0,dof:1,dm,dmm,dmf,dseq,dres:1;2:CHANNEL 3:dfrq2:3,dn2,pwN:1,pwNlvl:0,compN:2,dof2:1,dm2,dmm2,dpwr2:0,N15refoc,;3(dm3='nyn'):CHANNEL 4:dfrq3:3,dn3,dpwr3,dof3:1,dm3,dmm3,dmf3,dseq3,dres3:1;4:GRADIENTS:gzlvl0:0,gzlvl5:0,gt5:5,gzlvlr:0;"
0 
dgn 2 2 1023 0 0 4 1 6 1 64
1 "1:NEW PARAMETERS:tsatpwr:0,tpwrmess:0,pwClvl:0,pwNlvl:0,pwC:1,pwN:1,gt0:1,gt1:1,jnh:6,diff:6,dly_pg:6,grecov:6,tofps:1,at:1,;2:MORE NEW:gzlvl0:1,gzlvl1:1,hscuba:0,fscuba:0,fsat:0,f1180:0,mess_flg:0,dd_flg:0;"
0 
dgs 2 2 1023 0 0 4 1 6 1 64
5 "1:AXIAL SHIMS:z1:0,z2:0,z3:0,z4:0,z5:0,z6:0,z7:0;"
"2:NON AXIAL SHIMS:x1:0,y1:0,xz:0,yz:0,xy:0,x2y2:0,x3:0,y3:0,xz2:0,yz2:0,zxy:0,zx2y2:0,z3x:0,z3y:0;"
"3:NON AXIAL SHIMS:z2x2y2:0,z2xy:0,zx3:0,zy3:0,z4x:0,z4y:0;"
"4:AUTOMATION:method,wshim,load,,spin:0,gain:0,alock,loc:0;"
"4:SPECIAL:temp;"
0 
dmg1 2 2 8 0 0 4 1 0 1 64
1 ""
4 "" "av1" "ph1" "pwr1" 
dly_pg 3 1 14 14 14 2 1 8192 1 64
1 0 
0 
displaymode 4 2 9.99999984307e+17 -9.99999984307e+17 0 4 1 0 1 64
1 "r"
6 "r" "i" "a" "e" "z" "s" 
dimension 2 2 8 0 0 2 1 0 1 64
1 ""
0 
diff 3 1 14 14 14 2 1 8192 1 64
1 599.87700489 
0 
disCmd 2 2 8 0 0 4 1 0 1 64
1 ""
0 
dlp 7 1 10 10 10 2 1 8194 0 64
1 30 
0 
dmf 7 1 11 11 11 2 1 8194 1 64
1 23256 
0 
dm2 4 2 4 0 0 2 1 0 1 64
1 "nnn"
4 "a" "n" "s" "y" 
dm 4 2 4 0 0 2 1 0 1 64
1 "nny"
4 "a" "n" "s" "y" 
dm3 4 2 4 0 0 2 1 0 1 64
1 "n"
4 "a" "n" "s" "y" 
dmf3 7 1 2000000 1 0 2 1 2 1 64
1 200 
0 
dmf2 7 1 2000000 1 0 2 1 2 1 64
1 4950 
0 
dmg 2 2 2 0 0 4 1 3 1 64
1 "ph"
0 
dn2ref 2 2 8 0 0 4 1 1 1 64
1 ""
0 
dmm3 4 2 4 0 0 2 1 0 1 64
1 "c"
9 "c" "f" "g" "m" "p" "r" "u" "w" "x" 
dmm2 4 2 4 0 0 2 1 0 1 64
1 "ccc"
9 "c" "f" "g" "m" "p" "r" "u" "w" "x" 
dmm 4 2 4 0 0 2 1 0 1 64
1 "ccp"
9 "c" "f" "g" "m" "p" "r" "u" "w" "x" 
dn2 2 2 8 0 0 2 1 8 1 64
1 "N15"
0 
dn 2 2 4 0 0 2 1 8 1 64
1 "C13"
0 
dn3ref 2 2 8 0 0 4 1 1 1 64
1 ""
0 
dn3 2 2 8 0 0 2 1 8 1 64
1 ""
0 
dn2shapes 2 2 8 0 0 2 1 256 1 64
3 ""
""
""
0 
dn4ref 2 2 8 0 0 4 1 1 1 64
1 ""
0 
dn3shapes 2 2 8 0 0 2 1 256 1 64
3 ""
""
""
0 
dnref 2 2 8 0 0 4 1 1 1 64
1 ""
0 
dnshapes 2 2 8 0 0 2 1 256 1 64
3 ""
""
""
0 
fn2 7 1 524288 64 -2 3 1 1 0 64
1 0 
0 
dss_sc2 1 1 9.99999984307e+17 -9.99999984307e+17 0 4 1 0 1 64
1 0 
0 
dres2 7 1 360 1 0 2 1 0 1 64
1 90 
0 
dpwr 1 1 9 9 9 2 1 8192 1 64
1 37 
0 
dofdec 4 2 4 0 0 2 1 0 1 64
1 "n"
0 
dof2 5 1 16 16 16 2 1 8202 1 64
1 6637.097024 
0 
dof 5 1 8 8 8 2 1 8202 1 64
1 1405.5444124 
0 
dof3 5 1 20 20 20 2 1 8202 1 64
1 0 
0 
downsamp 7 1 999 1 1 3 1 1 0 64
1 0 
0 
dotflag 2 2 8 0 0 4 1 0 1 64
1 "n"
2 "n" "y" 
dp 2 2 1 0 0 2 1 0 1 64
1 "y"
2 "y" "n" 
dpf_wc2 1 1 9.99999984307e+17 -9.99999984307e+17 0 4 1 0 1 64
1 155 
0 
dreffrq 1 1 9.99999984307e+17 -9.99999984307e+17 0 2 1 0 1 64
1 125.705271583 
0 
dpwr3 1 1 21 21 21 2 1 8194 1 64
1 1 
0 
dpwr2 1 1 18 18 18 2 1 8194 1 64
1 43 
0 
dreffrq3 1 1 9.99999984307e+17 -9.99999984307e+17 0 2 1 0 1 64
1 0 
0 
dreffrq2 1 1 9.99999984307e+17 -9.99999984307e+17 0 2 1 0 1 64
1 50.6567045435 
0 
dres 7 1 360 1 0 2 1 0 1 64
1 9 
0 
dseq2 2 2 8 0 0 2 1 0 1 64
1 ""
0 
dscoef 7 1 49999 3 2 3 1 1 1 64
1 251 
0 
dres3 7 1 360 1 0 2 1 0 1 64
1 90 
0 
dseq 2 2 8 0 0 2 1 0 1 64
1 "wurst40"
0 
dslsfrq 1 1 9.99999984307e+17 -9.99999984307e+17 0 3 1 1 0 64
1 0 
0 
dsfb 1 1 9.99999984307e+17 -9.99999984307e+17 0 3 1 1 0 64
1 0 
0 
dseq3 2 2 8 0 0 2 1 0 1 64
1 ""
0 
dss_sc 1 1 9.99999984307e+17 -9.99999984307e+17 0 4 1 0 1 64
1 0 
0 
f2180 4 2 4 0 0 2 1 0 1 64
1 "y"
2 "n" "y" 
explabel 2 2 8 0 0 2 1 0 1 64
1 "rna_gChmqc"
0 
dz 3 1 14 14 14 2 1 8192 1 64
1 0 
0 
dss_wc2 1 1 9.99999984307e+17 -9.99999984307e+17 0 4 1 0 1 64
1 154.5 
0 
dss_wc 1 1 9.99999984307e+17 -9.99999984307e+17 0 4 1 0 1 64
1 237.5 
0 
dutyc 1 1 9.99999984307e+17 -9.99999984307e+17 0 2 1 0 1 64
1 0.1 
0 
emailwhen 2 2 8 0 0 2 1 0 1 64
1 ""
0 
emailaddr 2 2 8 0 0 4 1 0 1 64
1 ""
0 
eOptions 2 2 8 0 0 4 1 264 1 64
1 ""
0 
empty_noise 1 1 9.99999984307e+17 -9.99999984307e+17 0 2 1 0 1 64
1 0 
0 
emessage 4 2 4 0 0 2 1 0 1 64
1 "n"
0 
execprocess 2 2 8 0 0 2 1 0 1 64
1 " return "
0 
f1180 4 2 4 0 0 2 1 0 1 64
1 "n"
0 
explist 2 2 8 0 0 2 1 256 1 64
1 ""
0 
exppath 2 2 8 0 0 2 1 0 1 64
1 "/export/home/krishk/vnmrsys/exp2/acqfil"
0 
f1coef 2 2 8 0 0 3 1 1 1 64
1 ""
0 
f1SW 2 2 8 0 0 2 1 1 1 64
1 ""
0 
file 2 2 6 0 0 2 1 3 1 64
1 "/rpdnmr/applab/data/etishche/et_biopack_update/parlib_src//rna_gChmqc.par"
0 
fdfdir 2 2 8 0 0 3 1 0 1 64
1 ""
0 
faculty 2 2 8 0 0 2 1 0 1 64
1 ""
0 
f2coef 2 2 8 0 0 3 1 1 1 64
1 ""
0 
f2SW 2 2 8 0 0 2 1 1 1 64
1 ""
0 
fb 7 1 6 6 6 2 1 8203 1 64
1 4000 
0 
fadflg 4 2 4 0 0 2 1 0 1 64
1 "n"
0 
fidID 2 2 8 0 0 2 1 0 1 64
1 "none"
0 
fdffile 2 2 8 0 0 3 1 0 1 64
1 ""
0 
fiddc3d 4 2 4 0 0 3 1 0 1 64
1 "nnn"
0 
filtfile 2 2 8 0 0 2 1 0 1 64
1 ""
0 
filter 7 1 1000000000 0 1 2 1 2 1 64
1 54.0999984741 
0 
filename 2 2 8 0 0 2 1 1 1 64
1 ""
0 
fn 7 1 524288 64 -2 3 1 1 1 64
1 1024 
0 
flip_flg 4 2 4 0 0 2 1 0 1 64
1 "y"
0 
fn1 7 1 524288 64 -2 3 1 1 1 64
1 1024 
0 
gzcal 1 1 9.99999984307e+17 -9.99999984307e+17 0 2 1 0 1 64
1 0.002043 
0 
gfs1 1 1 1000 -1000 0.001 3 1 1 1 64
1 0.0015852379147 
0 
fscuba 4 2 4 0 0 2 1 0 1 64
1 "n"
2 "n" "y" 
fpmult1 1 1 1000000000 0 0 3 1 0 1 64
1 0.5 
0 
fn_obs 7 1 32767 0 0 2 1 0 1 64
1 4096 
0 
fn_ni2 7 1 32767 0 0 2 1 0 1 64
1 512 
0 
fn_ni 7 1 32767 0 0 2 1 0 1 64
1 1024 
0 
fn_ni3 7 1 32767 0 0 2 1 0 1 64
1 256 
0 
fpmult 1 1 1000000000 0 0 3 1 0 1 64
1 0.5 
0 
fpmult2 1 1 1000000000 0 0 3 1 0 0 64
1 0 
0 
fsat 4 2 4 0 0 2 1 0 1 64
1 "n"
2 "n" "y" 
gf 1 1 100000 0 0 3 1 1 0 64
1 0.022 
0 
fzoom 7 1 32767 0 0 4 1 0 1 64
1 0 
0 
ftproc 1 1 9.99999984307e+17 -9.99999984307e+17 0 3 1 256 1 64
2 1 0 
0 
gain 1 1 60 0 2 2 1 0 1 64
1 22 
0 
gain2 1 1 60 0 2 2 1 1 1 64
1 30 
0 
gf2 1 1 100000 0 0 3 1 1 0 64
1 0 
0 
gf1 1 1 100000 0 0 3 1 1 1 64
1 0.00829918682575 
0 
gfs 1 1 1000 -1000 0.001 3 1 1 0 64
1 0.00980430748314 
0 
gswet 3 1 14 14 14 2 1 8192 1 64
1 0.0001 
0 
gradalt 1 1 9.99999984307e+17 -9.99999984307e+17 0 2 1 0 1 64
1 1 
0 
gfs2 1 1 1000 -1000 0.001 3 1 1 0 64
1 0 
0 
grecov 3 1 14 14 14 2 1 8192 1 64
1 0.0001 
0 
gt5 1 1 9.99999984307e+17 -9.99999984307e+17 0 2 1 0 1 64
1 0.0005 
0 
gswet2 3 1 14 14 14 2 1 8192 1 64
1 0.00045 
0 
gtw 3 1 14 14 14 2 1 8192 1 64
1 0.002 
0 
gxppars 2 2 8 0 0 2 1 0 1 64
1 ""
0 
ho 1 1 500 -500 0 4 1 1 1 64
1 0 
0 
hdfrqw 1 1 9.99999984307e+17 -9.99999984307e+17 0 2 1 256 0 64
1 10 
0 
gzsize 1 1 9.99999984307e+17 -9.99999984307e+17 0 2 1 0 1 64
1 0 
0 
gzlvlr 1 1 500 -500 50 2 1 0 1 64
1 500 
0 
gzlvl5 1 1 32000 -32000 100 2 1 0 1 64
1 4000 
0 
gzlvl0 1 1 32000 -32000 100 2 1 0 1 64
1 2000 
0 
gzlvlw 1 1 9.99999984307e+17 -9.99999984307e+17 0 2 1 0 1 64
1 8000 
0 
hdfrqc 5 1 1000000000 -1000000000 0 2 1 256 0 64
1 0 
0 
gzwin 1 1 9.99999984307e+17 -9.99999984307e+17 0 2 1 0 1 64
1 0 
0 
hdpwr 1 1 9 9 9 2 1 8194 1 64
1 1 
0 
hdof 5 1 7 7 7 2 1 8194 1 64
1 0 
0 
hdmf 1 1 9.99999984307e+17 -9.99999984307e+17 0 2 1 0 1 64
1 600 
0 
hdpsmode 4 2 4 0 0 2 1 0 1 64
1 "n"
0 
hdres 1 1 9.99999984307e+17 -9.99999984307e+17 0 2 1 0 1 64
1 9 
0 
hdpwrf 1 1 4095 0 0 2 1 0 1 64
1 4095 
0 
hdwave 2 2 8 0 0 2 1 0 1 64
1 "SEDUCE1"
0 
hdseq 2 2 8 0 0 2 1 0 1 64
1 ""
0 
hdwshimlist 2 2 8 0 0 2 1 0 1 64
1 ""
0 
hzmm 1 1 1000000000 -1000000000 0 4 1 11 1 64
1 33.7381916329 
0 
homo3 4 2 4 0 0 2 1 0 1 64
1 "n"
2 "n" "y" 
homo2 4 2 4 0 0 2 1 0 1 64
1 "n"
2 "n" "y" 
homo 2 2 8 0 0 2 1 8 1 64
1 "n"
2 "n" "y" 
hs 4 2 4 0 0 2 1 0 1 64
1 "nn"
2 "n" "y" 
homorof2 6 1 13 13 13 2 1 8192 1 64
1 2 
0 
homorof1 6 1 13 13 13 2 1 8192 1 64
1 2 
0 
homorof3 6 1 13 13 13 2 1 8192 1 64
1 2 
0 
hscuba 3 1 14 14 14 2 1 8192 1 64
1 0.06 
0 
hst 3 1 0.02 0 2.5e-08 2 1 2 1 64
1 0.00800000037998 
0 
ins 3 1 8190 0 1e-07 4 1 3 1 64
1 1 
0 
il 2 2 1 0 0 2 1 0 1 64
1 "n"
2 "y" "n" 
ident 2 2 8 0 0 3 1 0 1 64
1 ""
0 
in 4 2 1 0 0 2 1 0 1 64
1 "n"
3 "n" "w" "y" 
ins2ref 1 1 9.99999984307e+17 -9.99999984307e+17 0 4 1 0 1 64
1 1 
0 
ins2 1 1 9.99999984307e+17 -9.99999984307e+17 0 4 1 0 1 64
1 1 
0 
rof1 6 1 13 13 13 2 1 8194 1 64
1 10 
0 
phase2 7 1 4 0 1 2 1 0 1 64
1 1 
0 
lpopt 2 2 8 0 0 3 1 0 1 64
1 "b"
0 
load 2 2 4 0 0 2 1 3 1 64
1 "n"
2 "y" "n" 
ldshimdelay 3 1 14 14 14 2 1 8192 1 64
1 15 
0 
jch 3 1 14 14 14 2 1 8192 1 64
1 200 
0 
io 1 1 500 -500 0.1 4 1 1 1 64
1 10 
0 
intstd 2 2 8 0 0 2 1 0 1 64
1 ""
0 
intmod 2 2 8 0 0 4 1 0 1 64
1 "off"
3 "off" "partial" "full" 
investigator 2 2 8 0 0 2 1 0 1 64
1 ""
0 
is 1 1 1000000000 1e-06 0 4 1 3 1 64
1 3689.47730563 
0 
iswt 1 1 9.99999984307e+17 -9.99999984307e+17 0 2 1 0 1 64
1 0 
0 
lb1 1 1 100000 -100000 0 3 1 1 1 64
1 -20 
0 
layout 2 2 8 0 0 4 1 0 1 64
1 "rna_gChmqc"
0 
jumpret 4 2 4 0 0 2 1 0 1 64
1 "n"
0 
lb 1 1 100000 -100000 0 3 1 1 0 64
1 -1 
0 
lb2 1 1 100000 -100000 0 3 1 1 0 64
1 0 
0 
llamp 1 1 1000000000 0 0 4 1 0 0 64
2 -6.92719695508e-05 0.000112660374725 
0 
lifrq 1 1 1000000000 -1000000000 0 4 1 0 0 64
1 0 
0 
liamp 1 1 1000000000 0 0 4 1 0 0 64
1 0 
0 
linearpred 2 2 8 0 0 2 1 0 1 64
1 "dglp"
0 
llfrq 1 1 1000000000 -1000000000 0 4 1 0 0 64
2 4349.86002562 3918.79281587 
0 
lllabel 2 2 8 0 0 3 1 0 1 64
1 ""
0 
lpalg1 2 2 8 0 0 3 1 0 1 64
1 "lpfft"
0 
lp1 1 1 3600 -3600 0.1 4 1 3 1 64
1 0 
0 
lot 2 2 8 0 0 2 1 0 1 64
1 ""
0 
longlist 2 2 8 0 0 2 1 256 1 64
1 ""
0 
locdir 2 2 8 0 0 2 1 0 1 64
1 ""
0 
lp 1 1 3600 -3600 0.1 4 1 3 1 64
1 0 
0 
lp2 1 1 3600 -3600 0.1 4 1 3 1 64
1 -180 
0 
lpalg 2 2 8 0 0 3 1 0 1 64
1 "lpfft"
0 
lpfilt 7 1 32767 1 1 3 1 0 1 64
1 8 
0 
lpext1 7 1 1000000 0 1 3 1 0 1 64
1 131 
0 
lpext 7 1 1000000 0 1 3 1 0 1 64
1 2 
0 
lpalg2 2 2 8 0 0 3 1 0 1 64
1 "lpfft"
0 
lpext2 7 1 1000000 0 1 3 1 0 1 64
1 1 
0 
lpfilt2 7 1 32767 1 1 3 1 0 1 64
1 32 
0 
lpfilt1 7 1 32767 1 1 3 1 0 1 64
1 8 
0 
lpnupts1 7 1 1000000 1 1 3 1 0 1 64
1 131 
0 
lpnupts 7 1 1000000 1 1 3 1 0 1 64
1 256 
0 
lpnupts2 7 1 1000000 1 1 3 1 0 1 64
1 64 
0 
n3 2 2 6 0 0 3 1 3 1 64
1 ""
0 
lsfrq2 1 1 9.99999984307e+17 -9.99999984307e+17 0 3 1 0 0 64
1 0 
0 
lptrace1 7 1 32767 0 1 3 1 0 1 64
1 0 
0 
lpprint1 7 1 63 0 1 3 1 0 1 64
1 0 
0 
lpopt2 2 2 8 0 0 3 1 0 1 64
1 "b"
0 
lpopt1 2 2 8 0 0 3 1 0 1 64
1 "f"
0 
lpprint 7 1 63 0 1 3 1 0 1 64
1 0 
0 
lptrace 7 1 32767 0 1 3 1 0 1 64
1 0 
0 
lpprint2 7 1 63 0 1 3 1 0 1 64
1 0 
0 
lsfid 7 1 64000 -64000 1 3 1 0 0 64
1 0 
0 
lptrace2 7 1 32767 0 1 3 1 0 1 64
1 0 
0 
lsfrq 1 1 9.99999984307e+17 -9.99999984307e+17 0 3 1 0 0 64
1 0 
0 
lsfid2 7 1 64000 -64000 1 3 1 0 0 64
1 0 
0 
lsfrq1 1 1 9.99999984307e+17 -9.99999984307e+17 0 3 1 0 0 64
1 0 
0 
mess_flg 4 2 4 0 0 2 1 0 1 64
1 "n"
2 "n" "y" 
mag_flg 4 2 4 0 0 2 1 0 1 64
1 "n"
0 
macro 2 2 6 0 0 3 1 3 1 64
1 ""
0 
lvl 1 1 1000000000 -1000000000 0 4 1 1 1 64
1 0 
0 
math 2 2 1 0 0 3 1 3 1 64
1 "f"
3 "d" "f" "i" 
modules 2 2 8 0 0 2 1 1 1 64
1 " par2D"
0 
method 2 2 6 0 0 2 1 3 1 64
1 "z1z2"
0 
mfslp 4 2 4 0 0 2 1 0 1 64
1 "n"
0 
n1 2 2 6 0 0 3 1 3 1 64
1 ""
0 
n2 2 2 6 0 0 3 1 3 1 64
1 ""
0 
oscoef 7 1 49999 3 2 2 1 1 0 64
1 31 
0 
notebook 2 2 8 0 0 2 1 0 1 64
1 ""
0 
ncycn 1 1 9.99999984307e+17 -9.99999984307e+17 0 2 1 0 1 64
1 3 
0 
nameprefix 2 2 8 0 0 2 1 9 1 64
1 ""
0 
name 2 2 8 0 0 3 1 0 1 64
1 ""
0 
ncycc 1 1 9.99999984307e+17 -9.99999984307e+17 0 2 1 0 1 64
1 1 
0 
ni 7 1 32767 0 0 2 1 0 1 64
1 0 
0 
newmodules 2 2 8 0 0 2 1 1 1 64
1 ""
0 
ntype3d 4 2 4 0 0 3 1 0 1 64
1 "nn"
0 
nt 7 1 1000000000 1 1 2 1 2 1 64
1 8 
0 
np 7 1 524288 32 2 2 1 11 1 64
1 1026 
0 
nuc_obs 2 2 8 0 0 2 1 0 1 64
1 "N/A!"
0 
nuc_ni2 2 2 8 0 0 2 1 0 1 64
1 "N/A!"
0 
nuc_ni 2 2 8 0 0 2 1 0 1 64
1 "N/A!"
0 
nuc_ni3 2 2 8 0 0 2 1 0 1 64
1 "CO"
0 
obsSW 2 2 8 0 0 2 1 1 1 64
1 ""
0 
operator_ 2 2 8 0 0 2 1 0 1 64
1 "et"
0 
pad 3 1 14 14 14 2 1 8194 1 64
1 0.5 
0 
oversamp 7 1 68 0 1 2 1 9 0 64
1 1 
0 
osfilt 2 2 8 0 0 2 1 0 1 64
1 "a"
5 "a" "A" "b" "B" "" 
osfb 1 1 100000 0 0 2 1 1 0 64
1 0 
0 
oslsfrq 1 1 9.99999984307e+17 -9.99999984307e+17 0 2 1 1 0 64
1 0 
0 
p1 6 1 13 13 13 2 1 8194 1 64
1 0 
0 
parversion 1 1 9.99999984307e+17 -9.99999984307e+17 0 2 1 4 1 64
1 5.1 
0 
paramChanged 1 1 9.99999984307e+17 -9.99999984307e+17 0 2 1 0 1 64
1 0 
0 
page 2 2 8 0 0 2 1 0 1 64
1 ""
0 
parlabel 2 2 8 0 0 2 1 5 1 64
1 ""
0 
parver 2 2 8 0 0 2 1 0 1 64
1 "VnmrJ VERSION 4.2 REVISION devel"
0 
phase 7 1 4 0 1 2 1 0 1 64
1 1 
0 
path3d 2 2 8 0 0 4 1 0 1 64
1 "/data/dumont/lukavsky/vnmrsys/exp8/datadir3d"
0 
pwHs 6 1 13 13 13 2 1 8192 1 64
1 1418 
0 
proc 2 2 10 0 0 3 1 1 1 64
1 "ft"
0 
position1 2 2 8 0 0 3 1 0 1 64
1 ""
0 
pipeQ3 2 2 8 0 0 3 1 0 1 64
2 "0"
"0"
0 
phfid2 1 1 3600 -3600 0.1 3 1 0 0 64
1 0 
0 
phfid1 1 1 3600 -3600 0.1 3 1 0 0 64
1 0 
0 
phfid 1 1 3600 -3600 0.1 3 1 0 0 64
1 0 
0 
pipeQ1 2 2 8 0 0 3 1 0 1 64
2 "0"
"0"
0 
pipeGLB 2 2 8 0 0 3 1 0 1 64
2 "4"
"4"
0 
pipeELB 2 2 8 0 0 3 1 0 1 64
2 "0"
"0"
0 
pipeGOFF 2 2 8 0 0 3 1 0 1 64
2 "0"
"0"
0 
pipeQ2 2 2 8 0 0 3 1 0 1 64
2 "0"
"0"
0 
plocklist 2 2 8 0 0 2 1 1 1 64
1 ""
0 
pipeistIter 2 2 8 0 0 3 1 0 1 64
1 "1024"
0 
pipeistCMult 2 2 8 0 0 3 1 0 1 64
1 "0.3"
0 
pipeistTMult 2 2 8 0 0 3 1 0 1 64
1 "0.7"
0 
pipeistMaxRes 2 2 8 0 0 3 1 0 1 64
1 "1"
0 
plane 2 2 8 0 0 4 1 0 1 64
1 "f1f3"
6 "f1f3" "f3f1" "f2f3" "f3f2" "f1f2" "f2f1" 
pltmod 2 2 8 0 0 4 1 0 1 64
1 "off"
5 "off" "fixed" "full" "variable" "user" 
plt2Darg 2 2 8 0 0 4 1 272 1 64
8 "both"
"20"
"1.3"
"f2"
"f1"
""
""
""
0 
plotoption 2 2 8 0 0 4 1 0 1 64
1 ""
0 
pmode 2 2 8 0 0 3 1 0 1 64
1 "full"
0 
pltopt 4 2 4 0 0 2 1 0 1 64
1 "y"
0 
preacq 6 1 13 13 13 2 1 8192 0 64
1 0 
0 
pplvl_cf 1 1 9.99999984307e+17 -9.99999984307e+17 0 2 1 0 1 64
1 1 
0 
pp 6 1 13 13 13 2 1 8192 1 64
1 15 
0 
position2 2 2 8 0 0 3 1 0 1 64
1 ""
0 
pplvl 1 1 9 9 9 2 1 8192 1 64
1 55 
0 
prcopt 4 2 4 0 0 2 1 0 1 64
1 "y"
0 
prescribed 2 2 8 0 0 2 1 0 1 64
1 "n"
0 
prescan 2 2 8 0 0 3 1 256 1 64
11 "Not done"
"Not done"
"off"
"off"
"off"
"off"
"off"
"on"
"on"
""
""
0 
priority 7 1 32768 0 1 2 1 0 1 64
1 5 
0 
ptspec3d 4 2 4 0 0 3 1 0 1 64
1 "nnn"
0 
proc_obs 2 2 8 0 0 2 1 0 1 64
1 "BPexpress_setup_proc('obs')"
0 
proc_ni 2 2 8 0 0 2 1 0 1 64
1 "BPexpress_setup_proc('ni')"
0 
proc2 2 2 8 0 0 3 1 1 1 64
1 "ft"
0 
proc1 2 2 10 0 0 3 2 1 1 64
1 "ft"
0 
proc_3d 2 2 8 0 0 2 1 0 1 64
1 "BPexpress_setup_proc('3d')"
0 
proc_ni2 2 2 8 0 0 2 1 0 1 64
1 "BPexpress_setup_proc('ni2')"
0 
proc_nus_cmd 2 2 8 0 0 2 1 0 1 64
1 "BPexpress_setup_proc('nus')"
0 
processID 1 1 9.99999984307e+17 -9.99999984307e+17 0 2 1 0 1 64
1 0 
0 
procdim 7 1 32767 0 0 3 1 0 1 64
1 0 
0 
protocols 2 2 8 0 0 3 1 0 1 64
1 ""
0 
processing 2 2 8 0 0 2 1 0 1 64
1 "dgp"
0 
pslabel 2 2 8 0 0 2 1 11 1 64
1 "rna_gChmqc"
0 
pwC 6 1 13 13 13 2 1 8192 1 64
1 11.5 
0 
pw11_flg 4 2 4 0 0 2 1 0 1 64
1 "y"
0 
pw 6 1 13 13 13 2 1 8194 1 64
1 9 
0 
pw90 6 1 13 13 13 2 1 8194 1 64
1 9 
0 
pwClvl 1 1 63 -37 0.5 2 1 2 1 64
1 60 
0 
reffrq 1 1 9.99999984307e+17 -9.99999984307e+17 0 4 1 0 1 64
1 599.374095576 
0 
r4 1 1 1e+18 -1e+18 0 3 1 1 1 64
1 0 
0 
pwx2lvl 1 1 18 18 18 2 1 8192 1 64
1 55 
0 
pwx 6 1 13 13 13 2 1 8192 1 64
1 15 
0 
pwNlvl 1 1 63 -37 0.5 2 1 2 1 64
1 60 
0 
pwN 6 1 13 13 13 2 1 8192 1 64
1 29 
0 
pwl 6 1 13 13 13 2 1 8192 1 64
1 1418 
0 
pwx2 6 1 13 13 13 2 1 8192 1 64
1 15 
0 
r1 1 1 1e+18 -1e+18 0 3 1 1 1 64
1 0 
0 
pwxlvl 1 1 9 9 9 2 1 8192 1 64
1 55 
0 
pwx2lvl_cf 1 1 9.99999984307e+17 -9.99999984307e+17 0 2 1 0 1 64
1 1 
0 
pwxlvl_cf 1 1 9.99999984307e+17 -9.99999984307e+17 0 2 1 0 1 64
1 1 
0 
r2 1 1 1e+18 -1e+18 0 3 1 1 1 64
1 0 
0 
r3 1 1 1e+18 -1e+18 0 3 1 1 1 64
1 0 
0 
ref 1 1 9.99999984307e+17 -9.99999984307e+17 0 3 1 0 1 64
1 0 
0 
r6 1 1 1e+18 -1e+18 0 3 1 1 1 64
1 0 
0 
r5 1 1 1e+18 -1e+18 0 3 1 1 1 64
1 0 
0 
r7 1 1 1e+18 -1e+18 0 3 1 1 1 64
1 0 
0 
rcvrs 4 2 4 0 0 2 1 1 1 64
1 "y"
2 "n" "y" 
ref_pw90 6 1 13 13 13 3 1 8192 1 64
1 11.0125 
0 
ref1 1 1 9.99999984307e+17 -9.99999984307e+17 0 2 1 0 1 64
1 0 
0 
ref_pwr 7 1 32767 0 0 3 1 0 1 64
1 60 
0 
rfband 4 2 4 0 0 2 1 0 1 64
1 "cccc"
3 "c" "h" "l" 
refpos1 1 1 9.99999984307e+17 -9.99999984307e+17 0 4 1 0 1 64
1 0 
0 
reffrq2 1 1 9.99999984307e+17 -9.99999984307e+17 0 4 1 0 1 64
1 599.9221281 
0 
reffrq1 1 1 9.99999984307e+17 -9.99999984307e+17 0 4 1 0 1 64
1 500.227231152 
0 
refpos 1 1 9.99999984307e+17 -9.99999984307e+17 0 4 1 0 1 64
1 0 
0 
refsource1 2 2 8 0 0 4 1 0 1 64
1 "sfrq"
0 
refpos2 1 1 9.99999984307e+17 -9.99999984307e+17 0 4 1 0 0 64
1 0 
0 
researchgroup 2 2 8 0 0 2 1 0 1 64
1 ""
0 
refsource2 2 2 8 0 0 4 1 0 1 64
1 "sfrq"
0 
retentiontime_ 2 2 8 0 0 2 1 0 1 64
1 ""
0 
rfp 1 1 1000000000 -1000000000 0 4 1 1 1 64
1 0 
0 
rfl1 1 1 1000000000 -1000000000 0 4 1 1 1 64
1 2522.64353233 
0 
rfl 1 1 1000000000 -1000000000 0 4 1 1 1 64
1 1227.48624034 
0 
rfl2 1 1 9.99999984307e+17 -9.99999984307e+17 0 4 1 0 1 64
1 0 
0 
rfp2 1 1 9.99999984307e+17 -9.99999984307e+17 0 4 1 0 1 64
1 0 
0 
rfp1 1 1 1000000000 -1000000000 0 4 1 1 1 64
1 18240.374923 
0 
ribose 4 2 4 0 0 2 1 0 1 64
1 "n"
0 
vsproj 1 1 1000000000 1e-06 0 4 1 3 1 64
1 37199.4600725 
0 
ssorder 7 1 20 1 1 3 1 0 1 64
1 7 
0 
seqfil 2 2 8 0 0 2 1 11 1 64
1 "rna_gChmqc"
0 
satdly 3 1 14 14 14 2 1 8192 1 64
1 0.5 
0 
sample 2 2 8 0 0 2 1 0 1 64
1 "HCVIIIe2"
0 
rp1 1 1 3600 -3600 0.1 4 1 3 1 64
1 0 
0 
rof2 6 1 13 13 13 2 1 8194 1 64
1 2 
0 
rp 1 1 3600 -3600 0.1 4 1 3 1 64
1 175.106747627 
0 
rp2 1 1 3600 -3600 0.1 4 1 3 1 64
1 90 
0 
sa 7 1 10000000 0 0 3 1 1 0 64
1 1024 
0 
sampleowner 2 2 8 0 0 2 1 0 1 64
1 ""
0 
samplename 2 2 8 0 0 2 1 8 1 64
1 ""
0 
sample_noise 1 1 9.99999984307e+17 -9.99999984307e+17 0 2 1 0 1 64
1 0 
0 
sampwt 1 1 9.99999984307e+17 -9.99999984307e+17 0 2 1 0 1 64
1 0 
0 
sampling 2 2 8 0 0 2 1 0 1 64
1 "s"
0 
sas 7 1 10000000 0 0 3 1 1 0 64
1 0 
0 
sbs 1 1 1000 -1000 0.001 3 1 1 1 64
1 -0.064 
0 
sb 1 1 1000 -1000 0.001 3 1 0 1 64
1 -0.064 
0 
satpwr 1 1 9.99999984307e+17 -9.99999984307e+17 0 2 1 0 1 64
1 3 
0 
satmode 4 2 4 0 0 2 1 0 1 64
1 "n"
0 
satfrq 5 1 1000000000 -1000000000 0 2 1 0 1 64
1 0 
0 
saveshapes 2 2 8 0 0 2 1 256 1 64
1 ""
0 
sb1 1 1 1000 -1000 0.001 3 1 1 0 64
1 0.0123089067638 
0 
sb2 1 1 1000 -1000 0.001 3 1 1 0 64
1 0 
0 
sc 1 1 1 1 1 4 1 8195 1 64
1 3.125 
0 
sbs2 1 1 1000 -1000 0.001 3 1 1 0 64
1 0 
0 
sbs1 1 1 1000 -1000 0.001 3 1 1 0 64
1 -0.00829918729141 
0 
scans 2 2 8 0 0 3 1 0 1 64
1 ""
0 
sc2 1 1 3 3 3 4 1 8195 1 64
1 0 
0 
scuba 4 2 4 0 0 2 1 0 1 64
1 "n"
0 
scoutinfo 2 2 8 0 0 2 1 256 1 64
1 ""
0 
sdirtmplt 2 2 8 0 0 2 1 0 1 64
1 ""
0 
sp 1 1 1000000000 -1000000000 0 4 1 3 1 64
1 -1227.48624034 
0 
shims 2 2 8 0 0 2 1 0 1 64
1 ""
0 
sf1 1 1 9.99999984307e+17 -9.99999984307e+17 0 4 1 0 1 64
1 0 
0 
setup_nus_cmd 2 2 8 0 0 2 1 0 1 64
1 "BPexpress_setup_nus"
0 
sequence 2 2 8 0 0 2 1 0 1 64
1 "dg2"
0 
sf 1 1 8190 0 1e-07 4 1 3 1 64
1 0 
0 
sf2 1 1 9.99999984307e+17 -9.99999984307e+17 0 4 1 0 1 64
1 0 
0 
sfrq 1 1 1000000000 0 0 2 1 11 1 64
1 499.9247574 
0 
sn 1 1 1e+18 -1e+18 0 3 1 1 1 64
1 0 
0 
solvent 2 2 6 0 0 2 1 11 1 64
1 "d2o"
0 
spin 1 1 39 0 1 2 1 0 0 64
1 0 
0 
sp2 1 1 9.99999984307e+17 -9.99999984307e+17 0 4 1 0 1 64
1 0 
0 
sp1 1 1 1000000000 -1000000000 0 4 1 3 1 64
1 15717.7313907 
0 
specdc3d 4 2 4 0 0 3 1 0 1 64
1 "nnn"
0 
ssfilter 1 1 50000 10 0.1 3 1 0 0 64
1 200 
0 
sreffrq 1 1 9.99999984307e+17 -9.99999984307e+17 0 2 1 0 1 64
1 499.922475824 
0 
srate 7 1 32767 0 1 2 1 0 1 64
1 25 
0 
ss 7 1 32767 -32768 0 2 1 0 1 64
1 4 
0 
sslsfrq 1 1 9.99999984307e+17 -9.99999984307e+17 0 3 1 0 0 64
1 0 
0 
ssntaps 7 1 2500 0 1 3 1 0 1 64
1 200 
0 
time_exp 2 2 8 0 0 2 1 0 1 64
1 ""
0 
sw 1 1 5 5 5 2 1 8203 1 64
1 8012.82051282 
0 
strtlp1 7 1 1000000 1 1 3 1 0 1 64
1 131 
0 
strtext1 7 1 1000000 1 1 3 1 0 1 64
1 132 
0 
strtext 7 1 1000000 1 1 3 1 0 1 64
1 2 
0 
sspul 4 2 4 0 0 2 1 0 1 64
1 "n"
0 
strtlp 7 1 1000000 1 1 3 1 0 1 64
1 1 
0 
strtext2 7 1 1000000 1 1 3 1 0 1 64
1 1 
0 
study 2 2 8 0 0 3 1 0 1 64
1 ""
0 
strtpar 2 2 8 0 0 2 1 0 1 64
1 ""
0 
strtlp2 7 1 1000000 1 1 3 1 0 1 64
1 2 
0 
svfopt 4 2 4 0 0 2 1 0 1 64
1 "y"
0 
studystatus 2 2 8 0 0 2 1 0 1 64
1 ""
0 
studyowner 2 2 8 0 0 2 1 0 1 64
1 "et"
0 
svftmplt 2 2 8 0 0 2 1 0 1 64
1 ""
0 
th 1 1 1000000000 0 0 4 1 1 1 64
1 6 
0 
sw2 1 1 5000000 1 -1.25e-08 2 1 0 1 64
1 3000 
0 
sw1 1 1 5000000 1 -1.25e-08 2 1 0 1 64
1 3773.94093782 
0 
temp 1 1 200 -150 0.1 2 1 8 1 64
1 25 
0 
text_string 2 2 8 0 0 4 1 256 1 64
1 ""
0 
time_complete 2 2 8 0 0 2 1 0 1 64
1 "20020712T104405"
0 
th2d 1 1 1 1e-18 0 4 1 17 1 64
1 0.8 
0 
tpwr 1 1 63 -37 0.5 2 1 2 1 64
1 57 
0 
tin 2 2 1 0 0 2 1 2 1 64
1 "n"
3 "n" "w" "y" 
time_saved 2 2 8 0 0 2 1 0 1 64
1 "20140403T164951"
0 
time_processed 2 2 8 0 0 3 1 0 1 64
1 ""
0 
time_plotted 2 2 8 0 0 3 1 0 1 64
1 ""
0 
time_run 2 2 8 0 0 2 1 0 1 64
1 "20020712T104338"
0 
time_submitted_local 2 2 8 0 0 2 1 0 1 64
1 "20020712T104338X10AMFriJul"
0 
time_submitted 2 2 8 0 0 2 1 0 1 64
1 "20020712T104338"
0 
time_svfdate 2 2 8 0 0 2 1 0 1 64
1 "20020712T104338"
0 
tof 5 1 7 7 7 2 1 8202 1 64
1 -218 
0 
tlt 1 1 1000000000 -1000000000 0 4 1 1 1 64
1 0 
0 
tlpwr 7 1 9 9 9 2 1 8194 1 64
1 16 
0 
tnref 2 2 8 0 0 4 1 1 1 64
1 ""
0 
tn 2 2 4 0 0 2 1 8 1 64
1 "H1"
0 
tnshapes 2 2 8 0 0 2 1 256 1 64
3 ""
""
""
0 
tofh8 5 1 1000000000 -1000000000 0 2 1 0 1 64
1 1370 
0 
tofh1 5 1 1000000000 -1000000000 0 2 1 0 1 64
1 3950 
0 
tofps 5 1 1000000000 -1000000000 0 2 1 0 1 64
1 0 
0 
vo 1 1 500 -500 0 4 1 1 1 64
1 90 
0 
user 2 2 9 0 0 2 1 1 1 64
1 " 1-15-87"
0 
trace 2 2 2 0 0 4 1 3 1 64
1 "f1"
3 "f1" "f2" "f3" 
tpwrmess 7 1 9 9 9 2 1 8194 1 64
1 0 
0 
tpwr_cf 1 1 9.99999984307e+17 -9.99999984307e+17 0 2 1 0 1 64
1 1 
0 
tsatpwr 7 1 9 9 9 2 1 8194 1 64
1 1 
0 
tunemethod 2 2 8 0 0 2 1 0 1 64
1 "n"
0 
vf 1 1 1000000000 0 0 4 1 3 1 64
1 160343.888197 
0 
userplotter 2 2 8 0 0 4 1 0 1 64
1 ""
0 
username 2 2 8 0 0 2 1 0 1 64
1 "krishk"
0 
userprocess 2 2 8 0 0 2 1 0 1 64
1 "return"
0 
vjdialogarg 2 2 8 0 0 4 1 256 1 64
1 ""
0 
vjdialog 2 2 8 0 0 4 1 256 1 64
1 ""
0 
vpf 1 1 500 -500 0 4 1 0 1 64
1 0 
0 
vp 7 1 500 -500 0.1 4 1 3 1 64
1 0 
0 
volume 1 1 9.99999984307e+17 -9.99999984307e+17 0 2 1 0 1 64
1 0 
0 
vs 1 1 1000000000 1e-06 0 4 1 3 1 64
1 537.167342426 
0 
vpfi 1 1 500 -500 0 4 1 0 1 64
1 0 
0 
vs2d 1 1 1000000000 1e-06 0 4 1 3 1 64
1 109802.279741 
0 
xdiag 1 1 1e+18 0 0 4 1 17 1 64
1 0 
0 
wexp 2 2 6 0 0 3 1 3 1 64
1 ""
0 
wc2 1 1 4 4 4 4 1 8195 1 64
1 154.5 
0 
watershape 2 2 8 0 0 2 1 0 1 64
1 "H2Osinc"
0 
vtwait 3 1 14 14 14 2 1 8194 1 64
1 300 
0 
vtc 1 1 255 0 1 2 1 2 1 64
1 25 
0 
wbs 2 2 6 0 0 3 1 3 1 64
1 ""
0 
wc 1 1 2 2 2 4 1 8203 1 64
1 237.5 
0 
wetpw 6 1 50000 0 0.1 2 1 0 1 64
1 9000 
0 
werr 2 2 6 0 0 3 1 3 1 64
1 "return"
0 
wdone 2 2 8 0 0 3 1 0 1 64
1 "acqdone"
0 
wds 2 2 8 0 0 3 1 0 1 64
1 ""
0 
wet 4 2 4 0 0 2 1 0 1 64
1 "n"
0 
wetshape 4 2 4 0 0 2 1 0 1 64
1 "gauss"
0 
wetpwr 1 1 9.99999984307e+17 -9.99999984307e+17 0 2 1 0 1 64
1 0.8 
0 
wshim 4 2 4 0 0 2 1 1 1 64
1 "n"
15 "e" "f" "g" "n" "s" "0" "1" "2" "3" "4" "5" "6" "7" "8" "9" 
wnt 2 2 6 0 0 3 1 3 1 64
1 ""
0 
wf1 1 1 9.99999984307e+17 -9.99999984307e+17 0 4 1 0 1 64
1 0.1356672 
0 
wf 1 1 8190 0 1e-07 4 1 3 1 64
1 0.0640224 
0 
wf2 1 1 9.99999984307e+17 -9.99999984307e+17 0 4 1 0 1 64
1 0 
0 
wp1 1 1 100000 0 0 4 1 3 1 64
1 3773.94093782 
0 
wp 1 1 5000000 0 0 4 1 11 1 64
1 8012.82051282 
0 
wqinit 2 2 8 0 0 4 1 0 1 64
1 ""
0 
wp2 1 1 9.99999984307e+17 -9.99999984307e+17 0 4 1 0 1 64
1 3000 
0 
wrtp 2 2 8 0 0 3 1 0 1 64
1 ""
0 
x1 7 1 19 19 19 2 1 8192 1 64
1 -3557 
0 
wtfile1 2 2 15 0 0 3 2 1 1 64
1 ""
0 
wtfile 2 2 15 0 0 3 1 1 1 64
1 ""
0 
wstart 2 2 8 0 0 3 1 0 1 64
1 ""
0 
wtfile2 2 2 8 0 0 3 1 1 1 64
1 ""
0 
wtune 4 2 4 0 0 2 1 0 1 64
1 "n"
11 "s" "t" "e" "i" "n" "o" "v" "1" "2" "3" "4" 
x3 7 1 19 19 19 2 1 8192 1 64
1 -3988 
0 
x2y2 7 1 19 19 19 2 1 8192 1 64
1 2915 
0 
x4 7 1 19 19 19 2 1 8192 1 64
1 0 
0 
z3xy 7 1 19 19 19 2 1 8192 1 64
1 0 
0 
z2xy 7 1 19 19 19 2 1 8192 1 64
1 2544 
0 
yz2 7 1 19 19 19 2 1 8192 1 64
1 -4552 
0 
y1 7 1 19 19 19 2 1 8192 1 64
1 817 
0 
xz 7 1 19 19 19 2 1 8192 1 64
1 -507 
0 
xy 7 1 19 19 19 2 1 8192 1 64
1 -1064 
0 
xz2 7 1 19 19 19 2 1 8192 1 64
1 3227 
0 
y4 7 1 19 19 19 2 1 8192 1 64
1 0 
0 
y3 7 1 19 19 19 2 1 8192 1 64
1 -5274 
0 
yz 7 1 19 19 19 2 1 8192 1 64
1 631 
0 
z2 7 1 19 19 19 2 1 8192 1 64
1 1322 
0 
z1 7 1 19 19 19 2 1 8192 1 64
1 9286 
0 
z1c 7 1 19 19 19 2 1 8192 1 64
1 -1044 
0 
z2x2y2 7 1 19 19 19 2 1 8192 1 64
1 546 
0 
z2c 7 1 19 19 19 2 1 8192 1 64
1 196 
0 
z2x3 7 1 19 19 19 2 1 8192 1 64
1 0 
0 
z3c 7 1 19 19 19 2 1 8192 1 64
1 0 
0 
z3 7 1 19 19 19 2 1 8192 1 64
1 -508 
0 
z2y3 7 1 19 19 19 2 1 8192 1 64
1 0 
0 
z3x2y2 7 1 19 19 19 2 1 8192 1 64
1 0 
0 
z3x 7 1 19 19 19 2 1 8192 1 64
1 -1646 
0 
z3x3 7 1 19 19 19 2 1 8192 1 64
1 0 
0 
z4y 7 1 19 19 19 2 1 8192 1 64
1 -802 
0 
z4c 7 1 19 19 19 2 1 8192 1 64
1 0 
0 
z3y3 7 1 19 19 19 2 1 8192 1 64
1 0 
0 
z3y 7 1 19 19 19 2 1 8192 1 64
1 -64 
0 
z4 7 1 19 19 19 2 1 8192 1 64
1 3981 
0 
z4x2y2 7 1 19 19 19 2 1 8192 1 64
1 0 
0 
z4x 7 1 19 19 19 2 1 8192 1 64
1 88 
0 
z4xy 7 1 19 19 19 2 1 8192 1 64
1 0 
0 
z6 7 1 19 19 19 2 1 8192 1 64
1 10042 
0 
z5x 7 1 19 19 19 2 1 8192 1 64
1 0 
0 
z5 7 1 19 19 19 2 1 8192 1 64
1 5959 
0 
z5y 7 1 19 19 19 2 1 8192 1 64
1 0 
0 
zx2y2 7 1 19 19 19 2 1 8192 1 64
1 -1564 
0 
z8 7 1 19 19 19 2 1 8192 1 64
1 0 
0 
z7 7 1 19 19 19 2 1 8192 1 64
1 5546 
0 
zoom 7 1 32767 0 0 4 1 0 1 64
1 0 
0 
zxy 7 1 19 19 19 2 1 8192 1 64
1 -3453 
0 
zx3 7 1 19 19 19 2 1 8192 1 64
1 -2108 
0 
zy3 7 1 19 19 19 2 1 8192 1 64
1 1290 
0 
