lpe2 1 1 9.99999984307e+17 -9.99999984307e+17 0 2 1 0 1 64
1 0 
0 
dsfb 1 1 9.99999984307e+17 -9.99999984307e+17 0 3 1 1 0 64
1 0 
0 
dg1 2 2 1023 0 0 4 1 6 1 64
1 "1:DISPLAY:sp:1,wp:1,vs:0;1:REFERENCE:rfl:1,rfp:1,cr:1,delta:1;1:PHASE:lp:1,rp:1,rp1(ni):1,lp1(ni):1;2:CHART:sc:0,wc:0,hzmm:2,vp:0,axis,pltmod,,th:0,,ho:2,vo:2,,rplot,trace:2;3(ni):2D:sp1:1,wp1:1,sc2:0,wc2:0,rfl1:1,rfp1:1;3:FLAGS:aig*,dcg*,dmg*;3:FID:sf:3,wf:3,vf:0;4:INTEGRAL:intmod,is:2,ins:3,io:0,,lvl:3,tlt:3;"
0 
compC 1 1 9.99999984307e+17 -9.99999984307e+17 0 2 1 0 1 64
1 0.836 
0 
actionid 2 2 8 0 0 2 1 0 1 64
1 "null"
0 
CSseed 1 1 9.99999984307e+17 -9.99999984307e+17 0 2 1 0 1 64
1 169 
0 
CSdensity 1 1 100 0 0 2 1 0 1 64
1 50 
0 
CNrefoc 4 2 4 0 0 2 1 0 1 64
1 "n"
0 
B0 1 1 9.99999984307e+17 -9.99999984307e+17 0 2 1 0 1 64
1 140964 
0 
Archive1 2 2 8 0 0 2 1 0 1 64
1 ""
0 
ACQtime 7 1 100000000 0 1 2 1 256 1 64
1 0 
0 
Archive2 2 2 8 0 0 2 1 0 1 64
1 ""
0 
BPexpress_gui 7 1 32767 0 0 2 1 0 1 64
1 0 
0 
C13refoc 4 2 4 0 0 2 1 0 1 64
1 "n"
0 
CS_dpars 4 2 4 0 0 3 1 0 1 64
1 "y"
0 
CS_cln 4 2 4 0 0 3 1 0 1 64
1 "y"
0 
CS_inf 4 2 4 0 0 3 1 0 1 64
1 "y"
0 
CS_se 4 2 4 0 0 3 1 0 1 64
1 "n"
0 
CSlines 7 1 32767 0 0 2 1 0 1 64
1 4 
0 
CSdomain 7 1 32767 0 0 2 1 0 1 64
1 1 
0 
CSdnoise 4 2 4 0 0 3 1 0 1 64
1 "y"
0 
CSinp 2 2 8 0 0 2 1 0 1 64
1 ""
0 
CSprofile 2 2 8 0 0 2 1 256 1 64
3 ""
""
""
0 
CSniIndex 7 1 32767 0 0 2 1 256 1 64
1 0 
0 
CSni2Index 7 1 32767 0 0 2 1 256 1 64
1 0 
0 
CSpars 2 2 8 0 0 2 1 256 1 64
1 ""
0 
CSprosize 7 1 32767 0 0 2 1 256 1 64
3 0 0 0 
0 
CSreconmethod 2 2 8 0 0 2 1 0 1 64
1 "CLEAN"
0 
CStype 4 2 4 0 0 2 1 0 1 64
1 "a"
0 
CSsp 7 1 32767 0 0 3 1 0 1 64
1 0 
0 
CSshowpro 4 2 4 0 0 2 1 0 1 64
1 "y"
0 
CSshape 2 2 8 0 0 2 1 0 1 64
1 "gexp"
0 
CSshowsch 4 2 4 0 0 2 1 0 1 64
1 "y"
0 
CSthr 1 1 100 1 0.1 3 1 0 1 64
1 2 
0 
N15refoc 4 2 4 0 0 2 1 0 1 64
1 "n"
0 
Gmapname 2 2 8 0 0 2 1 1 1 64
1 ""
0 
CSwt 4 2 4 0 0 2 1 0 1 64
1 "n"
0 
CSwp 7 1 32767 0 0 3 1 0 1 64
1 0 
0 
Gmap 2 2 8 0 0 2 1 1 1 64
1 "no"
0 
IPrunid 2 2 8 0 0 2 1 0 1 64
1 ""
0 
H1reffrq 1 1 9.99999984307e+17 -9.99999984307e+17 0 2 1 0 1 64
1 499.922475824 
0 
MinSW 2 2 8 0 0 3 1 0 1 64
1 "off"
4 "off" "auto" "manual" "skip" 
acqcycles 1 1 9.99999984307e+17 -9.99999984307e+17 0 2 1 0 1 64
1 1 
0 
REQexp 2 2 8 0 0 4 1 256 1 64
2 ""
"ignore"
0 
PFGflg 4 2 4 0 0 2 1 0 1 64
1 "n"
0 
SPARSE 4 2 4 0 0 2 1 0 1 64
1 "n"
0 
acqpath 2 2 8 0 0 2 1 0 1 64
1 ""
0 
acqdim 7 1 1000000000 -1000000000 0 2 1 0 1 64
1 1 
0 
acqstatus 7 1 32767 0 0 2 1 0 1 64
2 11 0 
0 
array 2 2 256 0 0 2 1 1 1 64
1 ""
0 
ap 2 2 1023 0 0 4 1 6 1 64
1 "1:SAMPLE:date,solvent,file;1:ACQUISITION:sfrq:3,tn:2,at:3,np,sw:1,fb,bs(bs),ss(ss),tpwr,tpwrsf_d,tpwrsf_u,compH:3,pw:1,p180:3,,flipback,flipshap,flippw:1,flippwr,phincr2,gstab:6,gzlvl0,gt0:6,gzlvl3,gt3:6,tau:6,mix:3,d1:3,cor:1,d3:6,d2(d2):3,tof:1,tofwg:1,nt,ct,alock,gain;1:FLAGS:autosoft,flag3919,C13refoc,N15refoc,CNrefoc;1(ni):2D ACQUISITION:sw1:1,ni,phase;2(wet):WET:wet,wetpw:1,wetpwr,wetshape,gtw:5,gzlvlw,gswet:5,dz:6;2:DPFGSE:dpfgse,wrefshape(dpfgse),wrefpw(dpfgse):1,wrefpwr(dpfgse);2(ni):2D DISPLAY:sp1:1,wp1:1,sc2,wc2,rfl1:1,rfp1:1;2:DEC. & VT:dfrq:3,dn,dpwr,dof:1,dm,dmm,dmf,dseq,dres:1,homo,temp(temp):1;2(numrfch > 2):DEC2:dfrq2:3,dn2,dpwr2,dof2:1,dm2,dmm2,dmf2,dseq2,dres2:1;2:PROCESSING:cf(nf),lb(lb):2,sb(sb):3,sbs(sb):3,gf(gf):3,gfs(gf):3,awc(awc):3,lsfid(lsfid),phfid(phfid):1,wtfile,proc,fn,math,,werr,wexp,wbs,wnt;2(ni):2D PROCESSING:lb1(lb1):3,sb1(sb1):3,sbs1(sb1):3,gf1(gf1):3,gfs1(gf1):3,awc1(awc1):3,wtfile1,proc1,fn1;"
0 
aig 2 2 2 0 0 4 1 1 1 64
1 "ai"
2 "nm" "ai" 
adirtmplt 2 2 8 0 0 2 1 0 1 64
1 ""
0 
adir2tmplt 2 2 8 0 0 2 1 0 1 64
1 ""
0 
age 1 1 9.9e+17 0 0.001 3 1 0 1 64
1 0 
0 
alock 2 2 1 0 0 2 1 2 1 64
1 "n"
0 
alfa 6 1 8190 -8190 0.0125 2 1 2 1 64
1 5.5 
0 
anatomy 2 2 8 0 0 2 1 0 1 64
1 "head"
0 
aqtm 1 1 9.99999984307e+17 -9.99999984307e+17 0 2 1 0 1 64
1 0.0851968 
0 
apptype 2 2 8 0 0 2 1 1 1 64
1 "wgnoesy"
0 
archivedir 2 2 8 0 0 2 1 0 1 64
1 ""
0 
awc 1 1 1 -1 0.001 3 1 1 0 64
1 0 
0 
at_ni 1 1 9.99999984307e+17 -9.99999984307e+17 0 2 1 0 1 64
1 0.001 
0 
arrayelemts 1 1 9.99999984307e+17 -9.99999984307e+17 0 2 1 0 1 64
1 0 
0 
arraydim 7 1 32768 1 1 2 1 5 1 64
1 1 
0 
at 1 1 14 14 14 2 1 8203 1 64
1 0.0851968 
0 
at_obs 1 1 9.99999984307e+17 -9.99999984307e+17 0 2 1 0 1 64
1 0.001 
0 
at_ni2 1 1 9.99999984307e+17 -9.99999984307e+17 0 2 1 0 1 64
1 0.001 
0 
at_ni3 1 1 9.99999984307e+17 -9.99999984307e+17 0 2 1 0 1 64
1 0.001 
0 
autosoft 4 2 4 0 0 2 1 0 1 64
1 "y"
0 
avwdir 2 2 8 0 0 3 1 0 1 64
1 ""
0 
boresize 1 1 9.99999984307e+17 -9.99999984307e+17 0 2 1 0 1 64
1 51 
0 
axis 4 2 4 0 0 4 1 0 1 64
1 "p"
11 "c" "d" "1" "2" "3" "h" "k" "m" "n" "p" "u" 
awc1 1 1 1 -1 0.001 3 1 1 0 64
1 0 
0 
birthday 2 2 8 0 0 3 1 0 1 64
4 ""
""
""
""
0 
axisf 4 2 4 0 0 4 1 0 1 64
1 "s"
4 "m" "n" "s" "u" 
celem 1 1 9.99999984307e+17 -9.99999984307e+17 0 2 1 0 1 64
1 60 
0 
bs 7 1 1000000000 0 1 2 1 0 0 64
1 1 
0 
cf 7 1 32767 0 1 3 1 1 0 64
1 1 
0 
comment 2 2 8 0 0 3 1 0 1 64
1 ""
0 
d4 3 1 14 14 14 2 1 8192 1 64
1 0.0001 
0 
cp 2 2 1 0 0 2 1 0 1 64
1 "y"
2 "y" "n" 
concentration 1 1 9.99e+17 -9.99e+17 0 2 1 0 1 64
1 0 
0 
compH 1 1 9.99999984307e+17 -9.99999984307e+17 0 2 1 0 1 64
1 0.959 
0 
compD 1 1 9.99999984307e+17 -9.99999984307e+17 0 2 1 0 1 64
1 1 
0 
compN 1 1 9.99999984307e+17 -9.99999984307e+17 0 2 1 0 1 64
1 0.833 
0 
console 2 2 8 0 0 2 1 0 1 64
1 "vnmrs"
0 
cor 6 1 1000 -1000 0.1 2 1 0 1 64
1 5.5 
0 
cr1 1 1 1000000000 -1000000000 0 4 4 3 1 64
1 0 
0 
cr 1 1 1000000000 -1000000000 0 4 4 1 1 64
1 2936.32269311 
0 
cppauseflg 4 2 4 0 0 4 1 0 1 64
1 "n"
0 
cutoff 1 1 9.99999984307e+17 -9.99999984307e+17 0 4 1 0 0 64
1 200 
0 
ct 7 1 1000000000 0 1 2 1 6 1 64
1 0 
0 
crf 1 1 9.99999984307e+17 -9.99999984307e+17 0 4 1 0 1 64
1 0 
0 
customflag 4 2 4 0 0 4 1 0 1 64
1 "n"
0 
d2 3 1 14 14 14 2 1 8194 1 64
1 0 
0 
d1 3 1 14 14 14 2 1 8194 1 64
1 1 
0 
d3 3 1 14 14 14 2 1 8192 1 64
1 0.00018 
0 
ddro2 1 1 9.99999984307e+17 -9.99999984307e+17 0 2 1 0 1 64
1 75 
0 
ddrfw2 1 1 9.99999984307e+17 -9.99999984307e+17 0 2 1 0 1 64
1 1 
0 
dcrmv 4 2 9.99999984307e+17 -9.99999984307e+17 0 4 1 0 1 64
1 "n"
2 "y" "n" 
date 2 2 9 0 0 2 1 1 1 64
1 "Nov  2 2006"
0 
dataid 2 2 8 0 0 2 1 0 1 64
1 ""
0 
dataProcessed 1 1 9.99999984307e+17 -9.99999984307e+17 0 3 1 0 1 64
1 0 
0 
dbo 7 1 1000000000 0 1 2 1 2 1 64
1 1542300 
0 
datname 2 2 8 0 0 3 1 0 1 64
1 ""
0 
dcg 2 2 3 0 0 4 1 1 1 64
1 "cdc"
2 "dc" "cdc" 
ddrfreq 1 1 9.99999984307e+17 -9.99999984307e+17 0 2 1 0 1 64
1 0 
0 
ddrfw1 1 1 9.99999984307e+17 -9.99999984307e+17 0 2 1 0 1 64
1 1 
0 
ddrm2 7 1 1000 1 1 2 1 0 1 64
1 4 
0 
ddrm1 7 1 1000 1 1 2 1 0 1 64
1 52 
0 
ddro1 1 1 9.99999984307e+17 -9.99999984307e+17 0 2 1 0 1 64
1 7 
0 
ddrmaxcr 1 1 9.99999984307e+17 -9.99999984307e+17 0 2 1 0 1 64
1 632 
0 
delta 1 1 5000000 0 0 4 4 1 1 64
1 633.826622595 
0 
ddrstages 7 1 2 0 1 2 1 0 0 64
1 2 
0 
ddrscale 1 1 1000 1 0 2 1 0 0 64
1 1 
0 
ddrphase 1 1 9.99999984307e+17 -9.99999984307e+17 0 2 1 0 1 64
1 0 
0 
ddrpm 2 2 8 0 0 2 1 0 1 64
1 "e"
0 
ddrsr 1 1 10000000 2500000 2500000 2 1 0 1 64
1 2500000 
0 
ddrx2 1 1 9.99999984307e+17 -9.99999984307e+17 0 2 1 0 1 64
1 0 
0 
ddrx1 1 1 9.99999984307e+17 -9.99999984307e+17 0 2 1 0 1 64
1 -13 
0 
ddrtc 6 1 100 0 0 2 1 0 1 64
1 5.5 
0 
dec3wave 2 2 8 0 0 2 1 0 1 64
1 "g"
0 
dec2wave 2 2 8 0 0 2 1 0 1 64
1 "g"
0 
decwave 2 2 8 0 0 2 1 0 1 64
1 "g"
0 
dfrq 1 1 1000000000 0 0 2 1 1 1 64
1 125.7133786 
0 
deltaf 1 1 100 0 0 4 1 0 1 64
1 0.00491009098428 
0 
delta1 1 1 5000000 0 0 4 4 3 1 64
1 0 
0 
density 1 1 9.99999984307e+17 -9.99999984307e+17 0 2 1 0 1 64
1 1 
0 
dfrq4 1 1 1000000000 0 0 2 1 9 1 64
1 0 
0 
dfrq2 1 1 1000000000 0 0 2 1 1 1 64
1 50.6630082 
0 
dfrq3 1 1 9.99999984307e+17 -9.99999984307e+17 0 2 1 0 1 64
1 0 
0 
dg 2 2 1023 0 0 4 1 6 1 64
1 "1:ACQUISITION:sfrq:3,tn,at:3,np,sw:1,fb,bs,ss,tpwr(tpwr),tpwrsf_u,tpwrsf_d,pw:1,p180:3,d1:3,tof:1,nt,ct;2:SAMPLE:date,solvent,file;2:WET:wet,wetpw(wet):1,wetpwr(wet),wetshape(wet),gtw(wet):5,gzlvlw(wet),gswet(wet):5,dz(wet):6;2:MUSS:dpfgse,wrefshape(dpfgse),wrefpw(dpfgse):1,wrefpwr(dpfgse):0;3:WATERGATE:autosoft,flag3919,tau:6,d3:6,tofwg:1,cor:1,flipback,flippw:1,flippwr,flipshap,phincr1,phincr2;3:NOESY:mix:4,sw1:1,ni,phase,d2(d2):6;4:SPECIAL:C13refoc,N15refoc,CNrefoc,temp:1,gain,rof2:1,alfa:2;4:GRADIENTS:gzlvl0,gt0:4,gzlvl3,gt3:4,gstab:6;"
0 
dmf4 7 1 2000000 1 0 2 1 2 1 64
1 32258 
0 
dimY 2 2 8 0 0 2 1 0 1 64
1 "lro"
0 
dgp 2 2 8 0 0 4 1 0 1 64
1 "1:DOWNSAMPLE:downsamp,dscoef,dsfb,dslsfrq,filtfile;1:OVERSAMPLE:oversamp,oscoef,osfb,oslsfrq,osfilt;1:CONDITIONAL:werr,wexp,wbs,wnt;2:WEIGHT:lb:3,sb:3,sbs(sb):3,gf:3,gfs(gf):3,awc:3,ssfilter,ssntaps,ssorder,sslsfrq:1;2:PROCESS:cf(nf),lsfid,phfid:1,lsfrq:1,proc,fn,rp:1,lp:1;3(ni):WEIGHT 1:lb1:3,sb1:3,sbs1(sb1):3,gf1:3,gfs1(gf1):3,awc1:3,wtfile1;3(ni):PROCESS 1:phfid1:1,lsfid1,lsfrq1:1,proc1,f1coef,fn1,rp1:1,lp1:1;4(ni2):WEIGHT 2:lb2:3,sb2:3,sbs2(sb2):3,gf2:3,gfs2(gf2):3,awc2:3,wtfile2;4(ni2):PROCESS 2:phfid2:1,lsfrq2:1,proc2,f2coef,fn2,rp2:1,lp2:1;"
0 
dglp 2 2 8 0 0 4 1 7 1 64
1 "1(lpfilt):LP:lpalg,lpopt,lpfilt:0,lpnupts:0,strtlp:0,lpext:0,strtext:0,,proc,ni,celem;2(lpfilt1):LP 1:lpalg1,lpopt1,lpfilt1:0,lpnupts1:0,strtlp1:0,lpext1:0,strtext1:0,,proc1;3(lpfilt2):LP 2:lpalg2,lpopt2,lpfilt2:0,lpnupts2:0,strtlp2:0,lpext2:0,strtext2:0,,proc2;4:LP OUTPUT:lpprint(lpfilt):0,lptrace(lpfilt):0,lpprint1(lpfilt1):0,lptrace1(lpfilt1):0,lpprint2(lpfilt2):0,lptrace2(lpfilt2):0;"
0 
dg2 2 2 8 0 0 4 1 4 1 64
6 "1:1st DECOUPLING:dfrq:3,dn,dpwr:0,dof:1,dm,dmm,dmf:0,dseq,dres:1,homo;"
"2(numrfch>2):2nd DECOUPLING:dfrq2:3,dn2,dpwr2:0,dof2:1,dm2,dmm2,dmf2:0,dseq2,dres2:1,homo2;"
"3(numrfch>3):3rd DECOUPLING:dfrq3:3,dn3,dpwr3:0,dof3:1,dseq3,dres3:1,homo3;"
"3(ni2):3D ACQUISITION:d3:3,sw2:1,ni2:0,phase2:0;"
"3(ni2):3D DISPLAY:rp2:1,lp2:1;"
"4(ni2):3D PROCESSING:lb2:3,sb2:3,sbs2(sb2):3,gf2:3,gfs2(gf2):3,awc2:3,wtfile2,proc2,fn2:0;"
0 
dhp 1 1 9 9 9 2 1 8192 0 64
1 40 
0 
dgs 2 2 1023 0 0 4 1 6 1 64
5 "1:AXIAL SHIMS:z1:0,z2:0,z3:0,z4:0,z5:0,z6:0,z7:0;"
"2:NON AXIAL SHIMS:x1:0,y1:0,xz:0,yz:0,xy:0,x2y2:0,x3:0,y3:0,xz2:0,yz2:0,zxy:0,zx2y2:0,z3x:0,z3y:0;"
"3:NON AXIAL SHIMS:z2x2y2:0,z2xy:0,zx3:0,zy3:0,z4x:0,z4y:0;"
"4:AUTOMATION:method,wshim,load,,spin:0,gain:0,alock,loc:0;"
"4:SPECIAL:temp;"
0 
dimX 2 2 8 0 0 2 1 0 1 64
1 "lpe"
0 
dlp 7 1 10 10 10 2 1 8194 0 64
1 10 
0 
disCmd 2 2 8 0 0 4 1 0 1 64
1 ""
0 
dimZ 2 2 8 0 0 2 1 0 1 64
1 "lpe2"
0 
dimension 2 2 8 0 0 2 1 0 1 64
1 ""
0 
displaymode 4 2 9.99999984307e+17 -9.99999984307e+17 0 4 1 0 1 64
1 "irs"
7 "r" "i" "a" "e" "z" "s" "f" 
dmf 7 1 11 11 11 2 1 8194 1 64
1 28986 
0 
dm2 4 2 4 0 0 2 1 0 1 64
1 "nnn"
4 "a" "n" "s" "y" 
dm 4 2 4 0 0 2 1 0 1 64
1 "nnn"
4 "a" "n" "s" "y" 
dm3 4 2 4 0 0 2 1 0 1 64
1 "nnn"
4 "a" "n" "s" "y" 
dmf2 7 1 100000 1 0 2 1 2 1 64
1 12903 
0 
dmf3 7 1 2000000 1 0 2 1 2 1 64
1 22216 
0 
dpwr2 1 1 18 18 18 2 1 8194 1 64
1 38 
0 
dn4 2 2 8 0 0 2 1 8 1 64
1 ""
0 
dn 2 2 4 0 0 2 1 8 1 64
1 "C13"
0 
dmg1 2 2 8 0 0 4 1 0 1 64
1 ""
4 "" "av1" "ph1" "pwr1" 
dmg 2 2 2 0 0 4 1 3 1 64
1 "ph"
0 
dmm2 4 2 4 0 0 2 1 0 1 64
1 "ccp"
9 "c" "f" "g" "m" "p" "r" "u" "w" "x" 
dmm 4 2 4 0 0 2 1 0 1 64
1 "ccp"
9 "c" "f" "g" "m" "p" "r" "u" "w" "x" 
dmm3 4 2 4 0 0 2 1 0 1 64
1 "ccc"
9 "c" "f" "g" "m" "p" "r" "u" "w" "x" 
dn3 2 2 8 0 0 2 1 0 1 64
1 ""
0 
dn2ref 2 2 8 0 0 4 1 1 1 64
1 ""
0 
dn2 2 2 8 0 0 2 1 8 1 64
1 "N15"
0 
dn2shapes 2 2 8 0 0 2 1 256 1 64
3 ""
""
""
0 
dn3ref 2 2 8 0 0 4 1 1 1 64
1 ""
0 
dn3shapes 2 2 8 0 0 2 1 256 1 64
3 ""
""
""
0 
dof3 5 1 1000000000 -1000000000 0 2 1 0 1 64
1 0 
0 
dod 3 1 14 14 14 2 1 8194 1 64
1 0.00999999977648 
0 
dnref 2 2 8 0 0 4 1 1 1 64
1 ""
0 
dn4ref 2 2 8 0 0 4 1 1 1 64
1 ""
0 
dnshapes 2 2 8 0 0 2 1 256 1 64
3 ""
""
""
0 
dof 5 1 8 8 8 2 1 8194 1 64
1 -4141.4 
0 
dof2 5 1 1000000000 -1000000000 0 2 1 0 1 64
1 1339 
0 
dp 2 2 1 0 0 2 1 0 1 64
1 "y"
2 "y" "n" 
dotflag 2 2 8 0 0 4 1 0 1 64
1 "y"
2 "n" "y" 
dof4 5 1 22 22 22 2 1 8202 1 64
1 0 
0 
downsamp 7 1 999 1 1 3 1 1 0 64
1 0 
0 
dpfgse 4 2 4 0 0 2 1 0 1 64
1 "n"
0 
dpf_wc2 1 1 9.99999984307e+17 -9.99999984307e+17 0 4 1 0 1 64
1 155 
0 
dpwr 1 1 9 9 9 2 1 8194 1 64
1 43 
0 
dres4 7 1 360 1 0 2 1 0 1 64
1 1 
0 
dres 7 1 360 1 0 2 1 0 1 64
1 9 
0 
dpwr4 1 1 23 23 23 2 1 8194 1 64
1 1 
0 
dpwr3 1 1 21 21 21 2 1 8194 1 64
1 0 
0 
dreffrq2 1 1 9.99999984307e+17 -9.99999984307e+17 0 2 1 0 1 64
1 50.6567045435 
0 
dreffrq 1 1 9.99999984307e+17 -9.99999984307e+17 0 2 1 0 1 64
1 125.705271583 
0 
dreffrq3 1 1 9.99999984307e+17 -9.99999984307e+17 0 2 1 0 1 64
1 0 
0 
dres2 7 1 360 1 0 2 1 0 1 64
1 9 
0 
dres3 1 1 9.99999984307e+17 -9.99999984307e+17 0 2 1 0 1 64
1 90 
0 
dseq 2 2 8 0 0 2 1 0 1 64
1 "wurst110"
0 
dscoef 7 1 49999 3 2 3 1 1 1 64
1 251 
0 
dseq3 2 2 8 0 0 2 1 0 1 64
1 ""
0 
dseq2 2 2 8 0 0 2 1 0 1 64
1 "wurst40N"
0 
dseq4 2 2 8 0 0 2 1 0 1 64
1 ""
0 
gzcal 1 1 9.99999984307e+17 -9.99999984307e+17 0 2 1 0 1 64
1 0.002079 
0 
flipshap 2 2 8 0 0 2 1 0 1 64
1 "H2Osinc_d"
0 
fidid 2 2 8 0 0 2 1 0 1 64
1 ""
0 
explabel 2 2 8 0 0 2 1 0 1 64
1 "wgnoesy"
0 
dz 3 1 14 14 14 2 1 8192 1 64
1 5e-05 
0 
dss_wc 1 1 9.99999984307e+17 -9.99999984307e+17 0 4 1 0 1 64
1 237.5 
0 
dss_sc 1 1 9.99999984307e+17 -9.99999984307e+17 0 4 1 0 1 64
1 0 
0 
dslsfrq 1 1 9.99999984307e+17 -9.99999984307e+17 0 3 1 1 0 64
1 0 
0 
dss_sc2 1 1 9.99999984307e+17 -9.99999984307e+17 0 4 1 0 1 64
1 0 
0 
dutyc 1 1 9.99999984307e+17 -9.99999984307e+17 0 2 1 0 1 64
1 0.1 
0 
dss_wc2 1 1 9.99999984307e+17 -9.99999984307e+17 0 4 1 0 1 64
1 154.5 
0 
emessage 4 2 4 0 0 2 1 0 1 64
1 "n"
0 
emailaddr 2 2 8 0 0 4 1 0 1 64
1 ""
0 
eOptions 2 2 8 0 0 4 1 264 1 64
1 ""
0 
emailwhen 2 2 8 0 0 2 1 0 1 64
1 ""
0 
execprocess 2 2 8 0 0 2 1 0 1 64
1 " return "
0 
empty_noise 1 1 9.99999984307e+17 -9.99999984307e+17 0 2 1 0 1 64
1 0 
0 
expargs 2 2 8 0 0 2 1 0 1 64
1 ""
0 
f1coef 2 2 8 0 0 3 1 1 1 64
1 ""
0 
exppath 2 2 8 0 0 2 1 0 1 64
1 "/home/georgeg/vnmrsys/exp1/acqfil"
0 
explist 2 2 8 0 0 2 1 256 1 64
1 ""
0 
f1SW 2 2 8 0 0 2 1 1 1 64
1 ""
0 
fb 7 1 6 6 6 2 1 8195 1 64
1 7000 
0 
faculty 2 2 8 0 0 2 1 0 1 64
1 ""
0 
f2SW 2 2 8 0 0 2 1 1 1 64
1 ""
0 
fadflg 4 2 4 0 0 2 1 0 1 64
1 "n"
0 
fdfdir 2 2 8 0 0 3 1 0 1 64
1 ""
0 
fdffile 2 2 8 0 0 3 1 0 1 64
1 ""
0 
flag3919 4 2 4 0 0 2 1 0 1 64
1 "n"
0 
filter 7 1 1000000000 0 1 2 1 2 1 64
1 54.0999984741 
0 
file 2 2 6 0 0 2 1 3 1 64
1 "/rpdnmr/applab/data/etishche/et_biopack_update/parlib_src//wgnoesy.par"
0 
filename 2 2 8 0 0 2 1 1 1 64
1 ""
0 
filtfile 2 2 8 0 0 2 1 0 1 64
1 ""
0 
flippw 6 1 13 13 13 2 1 8192 1 64
1 5130.6 
0 
flipback 4 2 4 0 0 2 1 0 1 64
1 "y"
0 
flagW5 4 2 4 0 0 2 1 0 1 64
1 ""
0 
flippwr 1 1 9.99999984307e+17 -9.99999984307e+17 0 2 1 0 1 64
1 11 
0 
grise 1 1 9.99999984307e+17 -9.99999984307e+17 0 2 1 0 1 64
1 0.0001 
0 
gap 1 1 9.99999984307e+17 -9.99999984307e+17 0 2 1 0 1 64
1 0 
0 
fn_obs 7 1 32767 0 0 2 1 0 1 64
1 4096 
0 
fn_ni 7 1 32767 0 0 2 1 0 1 64
1 1024 
0 
fn1 7 1 524288 64 -2 3 1 1 1 64
1 512 
0 
fn 7 1 524288 64 -2 3 1 1 1 64
1 16384 
0 
fn_ni2 7 1 32767 0 0 2 1 0 1 64
1 512 
0 
fn_ni3 7 1 32767 0 0 2 1 0 1 64
1 256 
0 
ftproc 1 1 9.99999984307e+17 -9.99999984307e+17 0 3 1 256 1 64
2 1 2 
0 
fpmult1 1 1 1000000000 0 0 3 2 0 1 64
1 0.5 
0 
fpmult 1 1 10 -10 0 3 1 0 1 64
1 0.5 
0 
gain 1 1 60 0 2 2 1 0 1 64
1 24 
0 
fzoom 7 1 32767 0 0 4 1 0 1 64
1 0 
0 
gain2 1 1 60 0 2 2 1 1 1 64
1 30 
0 
gf1 1 1 100000 0 0 3 1 1 0 64
1 1 
0 
gender 2 2 8 0 0 3 1 0 1 64
1 ""
0 
gcoil 2 2 8 0 0 2 1 9 1 64
1 "None"
0 
gf 1 1 100000 0 0 3 1 1 0 64
1 0.0541021004319 
0 
gfs1 1 1 1000 -1000 0.001 3 1 1 0 64
1 0 
0 
gfs 1 1 1000 -1000 0.001 3 1 1 0 64
1 0 
0 
gmax 1 1 9.99999984307e+17 -9.99999984307e+17 0 2 1 0 1 64
1 0 
0 
gradalt 1 1 9.99999984307e+17 -9.99999984307e+17 0 2 1 0 1 64
1 1 
0 
gt1 3 1 14 14 14 2 1 8192 1 64
1 0.001 
0 
gstab1 3 1 14 14 14 2 1 8192 1 64
1 0.00025 
0 
gstab 3 1 14 14 14 2 1 8192 1 64
1 0.0003 
0 
grise2 3 1 14 14 14 2 1 8192 1 64
1 5.2e-05 
0 
gstab0 3 1 14 14 14 2 1 8192 1 64
1 0.00025 
0 
gswet 3 1 14 14 14 2 1 8192 1 64
1 0.0003 
0 
gstab2 3 1 14 14 14 2 1 8192 1 64
1 0.00026 
0 
gt0 3 1 14 14 14 2 1 8192 1 64
1 0.001 
0 
gtw 3 1 14 14 14 2 1 8192 1 64
1 0.002 
0 
gt3 3 1 14 14 14 2 1 8192 1 64
1 0.001 
0 
gt2 3 1 14 14 14 2 1 8192 1 64
1 0.0005 
0 
gtotlimit 1 1 9.99999984307e+17 -9.99999984307e+17 0 2 1 0 1 64
1 95 
0 
gxppars 2 2 8 0 0 2 1 0 1 64
1 ""
0 
gxmax 1 1 9.99999984307e+17 -9.99999984307e+17 0 2 1 0 1 64
1 0 
0 
gymax 1 1 9.99999984307e+17 -9.99999984307e+17 0 2 1 0 1 64
1 0 
0 
ins2 1 1 9.99999984307e+17 -9.99999984307e+17 0 4 1 0 1 64
1 100 
0 
ho 1 1 500 -500 0 4 1 1 1 64
1 -11.9404761905 
0 
gzwin 1 1 9.99999984307e+17 -9.99999984307e+17 0 2 1 0 1 64
1 0 
0 
gzlvl6 1 1 9.99999984307e+17 -9.99999984307e+17 0 2 1 0 1 64
1 500 
0 
gzlvl2 1 1 9.99999984307e+17 -9.99999984307e+17 0 2 1 0 1 64
1 200 
0 
gzlvl1 1 1 32767 -32767 1 2 1 0 1 64
1 13000 
0 
gzlvl0 1 1 9.99999984307e+17 -9.99999984307e+17 0 2 1 0 1 64
1 3000 
0 
gzlvl3 1 1 9.99999984307e+17 -9.99999984307e+17 0 2 1 0 1 64
1 3000 
0 
gzmax 1 1 9.99999984307e+17 -9.99999984307e+17 0 2 1 0 1 64
1 0 
0 
gzlvlw 1 1 9.99999984307e+17 -9.99999984307e+17 0 2 1 0 1 64
1 13000 
0 
gzsize 1 1 9.99999984307e+17 -9.99999984307e+17 0 2 1 0 1 64
1 0 
0 
hdpwr 7 1 49 -16 1 2 1 2 1 64
1 1 
0 
hdof 5 1 7 7 7 2 1 8194 1 64
1 0 
0 
hdfrqw 1 1 9.99999984307e+17 -9.99999984307e+17 0 2 1 256 0 64
1 10 
0 
hdfrqc 5 1 1000000000 -1000000000 0 2 1 256 0 64
1 0 
0 
hdmf 1 1 9.99999984307e+17 -9.99999984307e+17 0 2 1 0 1 64
1 1000 
0 
hdpsmode 4 2 4 0 0 2 1 0 1 64
1 "n"
0 
hdseq 2 2 8 0 0 2 1 0 1 64
1 ""
0 
hdres 1 1 9.99999984307e+17 -9.99999984307e+17 0 2 1 0 1 64
1 0.9 
0 
hdpwrf 1 1 9.99999984307e+17 -9.99999984307e+17 0 2 1 0 1 64
1 4095 
0 
hdwshimlist 2 2 8 0 0 2 1 0 1 64
1 ""
0 
hdwave 2 2 8 0 0 2 1 0 1 64
1 "SEDUCE1"
0 
height 1 1 9.9e+17 0 0.001 3 1 0 1 64
1 0 
0 
hst 3 1 14 14 14 2 1 8194 1 64
1 0.07 
0 
homo3 4 2 4 0 0 2 1 0 1 64
1 ""
0 
homo 2 2 1 0 0 2 1 8 1 64
1 "n"
2 "y" "n" 
homo2 4 2 4 0 0 2 1 0 1 64
1 "n"
2 "n" "y" 
homorof1 6 1 13 13 13 2 1 8192 1 64
1 2 
0 
homo4 4 2 4 0 0 2 1 0 1 64
1 "n"
2 "n" "y" 
homorof3 6 1 13 13 13 2 1 8192 1 64
1 2 
0 
homorof2 6 1 13 13 13 2 1 8192 1 64
1 2 
0 
hs 2 2 2 0 0 2 1 0 1 64
1 "nn"
0 
in 4 2 1 0 0 2 1 0 1 64
1 "n"
3 "n" "w" "y" 
ident 2 2 8 0 0 3 1 0 1 64
1 ""
0 
hzmm 1 1 1000000000 -1000000000 0 4 1 11 1 64
1 50.6072874494 
0 
il 2 2 1 0 0 2 1 0 1 64
1 "n"
2 "y" "n" 
ins 3 1 8190 0 1e-07 4 1 3 1 64
1 100 
0 
layout 2 2 8 0 0 4 1 0 1 64
1 "wgnoesy"
0 
iplanDefaultSize 1 1 9.99999984307e+17 -9.99999984307e+17 0 2 1 0 1 64
1 5 
0 
investigator 2 2 8 0 0 2 1 0 1 64
1 ""
0 
insref 1 1 9.99999984307e+17 -9.99999984307e+17 0 4 1 0 0 64
1 1 
0 
ins2ref 1 1 9.99999984307e+17 -9.99999984307e+17 0 4 1 0 0 64
1 1 
0 
intmod 2 2 8 0 0 4 1 0 1 64
1 "off"
3 "off" "partial" "full" 
intstd 2 2 8 0 0 2 1 0 1 64
1 ""
0 
io 1 1 500 -500 0.1 4 1 1 1 64
1 10 
0 
iplanDefaultNs 1 1 9.99999984307e+17 -9.99999984307e+17 0 2 1 0 1 64
1 5 
0 
iplanType 1 1 9.99999984307e+17 -9.99999984307e+17 0 2 1 0 1 64
1 0 
0 
iplanDefaultType 1 1 9.99999984307e+17 -9.99999984307e+17 0 2 1 0 1 64
1 0 
0 
iplanDefaultThk 1 1 9.99999984307e+17 -9.99999984307e+17 0 2 1 0 1 64
1 4 
0 
iplanDefaultVoxSize 1 1 9.99999984307e+17 -9.99999984307e+17 0 2 1 0 1 64
1 10 
0 
iswt 1 1 9.99999984307e+17 -9.99999984307e+17 0 2 1 0 1 64
1 0 
0 
is 1 1 1000000000 1e-06 0 4 1 3 1 64
1 36.0360423952 
0 
kappa 1 1 9.99999984307e+17 -9.99999984307e+17 0 2 1 0 1 64
1 0 
0 
llamp 1 1 1000000000 0 0 4 1 0 0 64
1 0 
0 
liamp 1 1 1000000000 0 0 4 1 0 0 64
2 0 0.263695427989 
0 
lb1 1 1 100000 -100000 0 3 1 1 0 64
1 0.318309992552 
0 
lb 1 1 100000 -100000 0 3 1 1 0 64
1 0.061045 
0 
lifrq 1 1 1000000000 -1000000000 0 4 1 0 0 64
1 0 
0 
lp 1 1 3600 -3600 0.1 4 1 3 1 64
1 0 
0 
load 2 2 4 0 0 2 1 3 1 64
1 "n"
2 "y" "n" 
lllabel 2 2 8 0 0 3 1 0 1 64
1 ""
0 
llfrq 1 1 1000000000 -1000000000 0 4 1 0 0 64
1 0 
0 
longlist 2 2 8 0 0 2 1 256 1 64
1 ""
0 
locdir 2 2 8 0 0 2 1 0 1 64
1 ""
0 
lot 2 2 8 0 0 2 1 0 1 64
1 ""
0 
lpalg 2 2 8 0 0 3 1 0 1 64
1 "lpfft"
0 
lp1 1 1 3600 -3600 0.1 4 1 3 1 64
1 0 
0 
lpalg1 2 2 8 0 0 3 1 0 1 64
1 "lpfft"
0 
lpe 1 1 9.99999984307e+17 -9.99999984307e+17 0 2 1 0 1 64
1 0 
0 
rp1 1 1 3600 -3600 0.1 4 1 3 1 64
1 0 
0 
procdim 7 1 32767 0 0 3 1 0 1 64
1 0 
0 
orient 2 2 8 0 0 2 1 0 1 64
1 ""
11 "trans" "sag" "cor" "oblique" "3orthogonal" "xyz" "xzy" "yxz" "yzx" "zxy" "zyx" 
mix 3 1 14 14 14 2 1 8192 1 64
1 0.15 
0 
lptrace 7 1 32767 0 1 3 1 0 1 64
1 0 
0 
lpopt 2 2 8 0 0 3 1 0 1 64
1 "b"
0 
lpfilt 7 1 32767 1 1 3 1 0 1 64
1 32 
0 
lpext1 7 1 1000000 0 1 3 1 0 1 64
1 84 
0 
lpext 7 1 1000000 0 1 3 1 0 1 64
1 3 
0 
lpnupts 7 1 1000000 1 1 3 1 0 1 64
1 512 
0 
lpfilt1 7 1 32767 1 1 3 1 0 1 64
1 8 
0 
lpnupts1 7 1 1000000 1 1 3 1 0 1 64
1 44 
0 
lpprint 7 1 63 0 1 3 1 0 1 64
1 0 
0 
lpopt1 2 2 8 0 0 3 1 0 1 64
1 "f"
0 
lpprint1 7 1 63 0 1 3 1 0 1 64
1 0 
0 
lsfrq 1 1 9.99999984307e+17 -9.99999984307e+17 0 3 1 0 0 64
1 4 
0 
lsfid1 7 1 64000 -64000 1 3 1 0 0 64
1 0 
0 
lro 1 1 9.99999984307e+17 -9.99999984307e+17 0 2 1 0 1 64
1 0 
0 
lptrace1 7 1 32767 0 1 3 1 0 1 64
1 0 
0 
lsfid 7 1 64000 -64000 1 3 1 0 0 64
1 0 
0 
lsfid2 1 1 9.99999984307e+17 -9.99999984307e+17 0 2 1 0 0 64
1 0 
0 
macro 2 2 6 0 0 4 1 3 1 64
1 ""
0 
lvl 1 1 1000000000 -1000000000 0 4 1 1 1 64
1 0 
0 
lsfrq1 1 1 9.99999984307e+17 -9.99999984307e+17 0 3 1 0 0 64
1 0 
0 
math 2 2 1 0 0 3 1 3 1 64
1 "f"
3 "d" "f" "i" 
mag_flg 4 2 4 0 0 2 1 0 1 64
1 "n"
0 
method 2 2 6 0 0 2 1 3 1 64
1 "nsall"
0 
mfslp 4 2 4 0 0 2 1 0 1 64
1 "n"
0 
ni 7 1 32767 0 0 2 1 0 1 64
1 1 
0 
n1 2 2 6 0 0 4 1 3 1 64
1 ""
0 
mrgain 1 1 60 0 2 2 1 256 0 64
1 0 
0 
mrfb 1 1 256000 1000 1000 2 1 256 0 64
1 0 
0 
modules 2 2 8 0 0 2 1 1 1 64
1 " par2D"
0 
muss 4 2 4 0 0 2 1 0 1 64
1 "y"
0 
n3 2 2 6 0 0 4 1 3 1 64
1 "tofwg"
0 
n2 2 2 6 0 0 4 1 3 1 64
1 "n"
0 
nameprefix 2 2 8 0 0 2 1 9 1 64
1 ""
0 
name 2 2 8 0 0 3 1 0 1 64
1 ""
0 
newmodules 2 2 8 0 0 2 1 1 1 64
1 ""
0 
nuc_ni 2 2 8 0 0 2 1 0 1 64
1 "N/A!"
0 
ns 1 1 9.99999984307e+17 -9.99999984307e+17 0 2 1 0 1 64
1 0 
0 
np 7 1 10000000 32 2 2 1 11 1 64
1 2048 
0 
notebook 2 2 8 0 0 2 1 0 1 64
1 ""
0 
nt 7 1 1000000000 1 1 2 1 2 1 64
1 4 
0 
nuc_obs 2 2 8 0 0 2 1 0 1 64
1 "N/A!"
0 
nuc_ni2 2 2 8 0 0 2 1 0 1 64
1 "N/A!"
0 
nuc_ni3 2 2 8 0 0 2 1 0 1 64
1 "CO"
0 
obsSW 2 2 8 0 0 2 1 1 1 64
1 ""
0 
operator_ 2 2 8 0 0 2 1 0 1 64
1 "georgeg"
0 
phincr2 7 1 1450 -1450 1 2 1 0 1 64
1 23 
0 
parversion 1 1 9.99999984307e+17 -9.99999984307e+17 0 2 1 4 1 64
1 5.1 
0 
p1lvl 7 1 63 -16 1 2 1 0 1 64
1 15 
0 
oslsfrq 1 1 9.99999984307e+17 -9.99999984307e+17 0 2 1 1 0 64
1 0 
0 
osfb 1 1 100000 0 0 2 1 1 0 64
1 0 
0 
oscoef 7 1 49999 3 2 2 1 1 1 64
1 121 
0 
osfilt 2 2 8 0 0 2 1 0 1 64
1 ""
5 "a" "A" "b" "B" "" 
p1 6 1 13 13 13 2 1 8194 1 64
1 1638.05 
0 
oversamp 7 1 68 0 1 2 1 1 1 64
1 1 
0 
p180 6 1 13 13 13 2 1 8192 1 64
1 15.2 
0 
page 2 2 8 0 0 2 1 0 1 64
1 ""
0 
p2lvl 7 1 32767 0 0 2 1 0 1 64
1 14 
0 
p2 6 1 10000 0 0.1 2 1 0 1 64
1 2310 
0 
pad 3 1 14 14 14 2 1 8194 1 64
1 0.5 
0 
parlabel 2 2 8 0 0 2 1 5 1 64
1 ""
0 
paramChanged 1 1 9.99999984307e+17 -9.99999984307e+17 0 2 1 0 1 64
1 0 
0 
parver 2 2 8 0 0 2 1 0 1 64
1 "VnmrJ VERSION 4.2 REVISION devel"
0 
phfid1 1 1 3600 -3600 0.1 3 1 0 0 64
1 0 
0 
phaseinc 1 1 9.99999984307e+17 -9.99999984307e+17 0 2 1 0 1 64
1 0 
0 
phase 7 1 4 0 1 2 1 0 1 64
1 1 
0 
phfid 1 1 3600 -3600 0.1 3 1 0 0 64
1 10 
0 
phincr1 7 1 1450 -1450 1 2 1 0 1 64
1 0 
0 
phi 1 1 9.99999984307e+17 -9.99999984307e+17 0 2 1 0 1 64
1 0 
0 
pos3 1 1 9.99999984307e+17 -9.99999984307e+17 0 2 1 0 1 64
1 0 
0 
plt2Darg 2 2 8 0 0 4 1 272 1 64
8 "both"
"20"
"1.3"
"f2"
"f1"
""
""
""
0 
pipeQ3 2 2 8 0 0 3 1 0 1 64
2 "0"
"0"
0 
pipeQ1 2 2 8 0 0 3 1 0 1 64
2 "0"
"0"
0 
pipeGLB 2 2 8 0 0 3 1 0 1 64
2 "4"
"4"
0 
pipeELB 2 2 8 0 0 3 1 0 1 64
2 "0"
"0"
0 
pipeGOFF 2 2 8 0 0 3 1 0 1 64
2 "0"
"0"
0 
pipeQ2 2 2 8 0 0 3 1 0 1 64
2 "0"
"0"
0 
pipeistMaxRes 2 2 8 0 0 3 1 0 1 64
1 "1"
0 
pipeistIter 2 2 8 0 0 3 1 0 1 64
1 "1024"
0 
pipeistCMult 2 2 8 0 0 3 1 0 1 64
1 "0.3"
0 
plocklist 2 2 8 0 0 2 1 1 1 64
1 ""
0 
pipeistTMult 2 2 8 0 0 3 1 0 1 64
1 "0.7"
0 
plotoption 2 2 8 0 0 4 1 0 1 64
1 ""
0 
pmode 2 2 8 0 0 3 1 0 1 64
1 "full"
0 
pltmod 2 2 8 0 0 4 1 0 1 64
1 "fixed"
5 "off" "fixed" "full" "variable" "user" 
pltopt 4 2 4 0 0 2 1 0 1 64
1 "y"
0 
pos2 1 1 9.99999984307e+17 -9.99999984307e+17 0 2 1 0 1 64
1 0 
0 
pos1 1 1 9.99999984307e+17 -9.99999984307e+17 0 2 1 0 1 64
1 0 
0 
prescan 2 2 8 0 0 3 1 256 1 64
11 "Not done"
"Not done"
"off"
"off"
"off"
"off"
"off"
"on"
"on"
""
""
0 
position2 2 2 8 0 0 3 1 0 1 64
1 ""
0 
posZ 2 2 8 0 0 2 1 0 1 64
1 "pss0"
0 
posY 2 2 8 0 0 2 1 0 1 64
1 "pro"
0 
posX 2 2 8 0 0 2 1 0 1 64
1 "ppe"
0 
position1 2 2 8 0 0 3 1 0 1 64
1 ""
0 
pplvl_cf 1 1 9.99999984307e+17 -9.99999984307e+17 0 2 1 0 1 64
1 1 
0 
ppe 1 1 9.99999984307e+17 -9.99999984307e+17 0 2 1 0 1 64
1 0 
0 
pp 6 1 13 13 13 2 1 8192 1 64
1 15 
0 
pplvl 1 1 9 9 9 2 1 8192 1 64
1 55 
0 
prcopt 4 2 4 0 0 2 1 0 1 64
1 "y"
0 
preacq 6 1 13 13 13 2 1 8192 0 64
1 0 
0 
pro 1 1 9.99999984307e+17 -9.99999984307e+17 0 2 1 0 1 64
1 0 
0 
priority 7 1 32768 0 1 2 1 0 1 64
1 5 
0 
prescribed 2 2 8 0 0 2 1 0 1 64
1 "n"
0 
proc_ni 2 2 8 0 0 2 1 0 1 64
1 "BPexpress_setup_proc('ni')"
0 
proc1 2 2 10 0 0 3 2 1 1 64
1 "ft"
0 
proc 2 2 10 0 0 3 1 1 1 64
1 "ft"
0 
proc_3d 2 2 8 0 0 2 1 0 1 64
1 "BPexpress_setup_proc('3d')"
0 
proc_nus_cmd 2 2 8 0 0 2 1 0 1 64
1 "BPexpress_setup_proc('nus')"
0 
proc_ni2 2 2 8 0 0 2 1 0 1 64
1 "BPexpress_setup_proc('ni2')"
0 
proc_obs 2 2 8 0 0 2 1 0 1 64
1 "BPexpress_setup_proc('obs')"
0 
reffrq 1 1 9.99999984307e+17 -9.99999984307e+17 0 4 1 0 1 64
1 599.374095576 
0 
r3 1 1 1e+18 -1e+18 0 4 1 1 1 64
1 0 
0 
pw90 6 1 13 13 13 2 1 8194 1 64
1 7.6 
0 
pslabel 2 2 8 0 0 2 1 11 1 64
1 "wgnoesy"
0 
protocols 2 2 8 0 0 3 1 0 1 64
1 ""
0 
processid 1 1 9.99999984307e+17 -9.99999984307e+17 0 2 1 0 1 64
1 0 
0 
psi 1 1 9.99999984307e+17 -9.99999984307e+17 0 2 1 0 1 64
1 0 
0 
pss0 1 1 9.99999984307e+17 -9.99999984307e+17 0 2 1 0 1 64
1 0 
0 
pss 1 1 9.99999984307e+17 -9.99999984307e+17 0 2 1 0 1 64
1 0 
0 
pw 6 1 13 13 13 2 1 8194 1 64
1 7.6 
0 
pwx2 6 1 13 13 13 2 1 8192 1 64
1 15 
0 
pwN 6 1 13 13 13 2 1 8192 1 64
1 31 
0 
pwClvl 1 1 63 -37 0.5 2 1 0 1 64
1 63 
0 
pwC 6 1 13 13 13 2 1 8192 1 64
1 15.3 
0 
pwx 6 1 13 13 13 2 1 8192 1 64
1 15 
0 
pwNlvl 1 1 63 -37 0.5 2 1 0 1 64
1 63 
0 
pwxlvl 1 1 9 9 9 2 1 8192 1 64
1 55 
0 
pwx2lvl_cf 1 1 9.99999984307e+17 -9.99999984307e+17 0 2 1 0 1 64
1 1 
0 
pwx2lvl 1 1 18 18 18 2 1 8192 1 64
1 55 
0 
r1 1 1 1e+18 -1e+18 0 4 1 1 1 64
1 0 
0 
pwxlvl_cf 1 1 9.99999984307e+17 -9.99999984307e+17 0 2 1 0 1 64
1 1 
0 
r2 1 1 1e+18 -1e+18 0 4 1 1 1 64
1 0 
0 
rcvrs 4 2 4 0 0 2 1 1 1 64
1 "y"
2 "n" "y" 
r7 1 1 1e+18 -1e+18 0 4 1 1 1 64
1 44 
0 
r5 1 1 1e+18 -1e+18 0 4 1 1 1 64
1 0 
0 
r4 1 1 1e+18 -1e+18 0 4 1 1 1 64
1 0 
0 
r6 1 1 1e+18 -1e+18 0 4 1 1 1 64
1 0 
0 
radialAngles 1 1 9.99999984307e+17 -9.99999984307e+17 0 4 1 0 1 64
1 0 
0 
ref1 1 1 9.99999984307e+17 -9.99999984307e+17 0 2 1 0 1 64
1 0 
0 
rcvrwt 1 1 9.99999984307e+17 -9.99999984307e+17 0 2 1 256 1 64
1 1 
0 
ref 1 1 9.99999984307e+17 -9.99999984307e+17 0 3 4 0 1 64
1 0 
0 
ref_pwr 1 1 9.99999984307e+17 -9.99999984307e+17 0 2 1 0 1 64
1 62 
0 
ref_pw90 6 1 13 13 13 2 1 8192 1 64
1 7.28 
0 
rfl1 1 1 1000000000 -1000000000 0 4 1 1 1 64
1 2221.76709945 
0 
refsource1 2 2 8 0 0 4 1 0 1 64
1 "dfrq"
0 
refpos 1 1 9.99999984307e+17 -9.99999984307e+17 0 4 1 0 1 64
1 0 
0 
reffrq1 1 1 9.99999984307e+17 -9.99999984307e+17 0 4 1 0 1 64
1 150.863551133 
0 
reffrq2 1 1 9.99999984307e+17 -9.99999984307e+17 0 4 1 0 1 64
1 60.7929393 
0 
refpos1 1 1 9.99999984307e+17 -9.99999984307e+17 0 4 1 0 0 64
1 0 
0 
refpos2 1 1 9.99999984307e+17 -9.99999984307e+17 0 4 1 0 0 64
1 0 
0 
rfband 4 2 4 0 0 2 1 0 1 64
1 "cccc"
3 "c" "h" "l" 
researchgroup 2 2 8 0 0 2 1 0 1 64
1 ""
0 
refsource2 2 2 8 0 0 4 1 0 1 64
1 "dfrq2"
0 
retentiontime_ 2 2 8 0 0 2 1 0 1 64
1 ""
0 
rfcoil 2 2 8 0 0 2 1 0 1 64
1 ""
0 
rfl 1 1 1000000000 -1000000000 0 4 1 1 1 64
1 3231.89136847 
0 
rof2 6 1 8192 0 0.1 2 1 2 1 64
1 2 
0 
rfp1 1 1 1000000000 -1000000000 0 4 1 1 1 64
1 0 
0 
rfp 1 1 1000000000 -1000000000 0 4 1 1 1 64
1 0 
0 
rof1 6 1 13 13 13 2 1 8194 1 64
1 10 
0 
rp 1 1 3600 -3600 0.1 4 1 3 1 64
1 153.539461883 
0 
vox1 1 1 9.99999984307e+17 -9.99999984307e+17 0 2 1 0 1 64
1 0 
0 
t2 3 1 14 14 14 2 1 8192 1 64
1 0 
0 
sfrq 1 1 1000000000 0 0 2 1 3 1 64
1 499.9247562 
0 
sbs 1 1 1000 -1000 0.001 3 1 1 1 64
1 -0.085 
0 
satfrq 5 1 1000000000 -1000000000 0 2 1 0 1 64
1 0 
0 
sar 1 1 9.99999984307e+17 -9.99999984307e+17 0 2 1 256 1 64
2 0 0 
0 
samplename 2 2 8 0 0 2 1 8 1 64
1 ""
0 
sample 2 2 8 0 0 2 1 1 1 64
1 ""
0 
sa 7 1 10000000 0 0 3 1 1 0 64
1 1024 
0 
sample_noise 1 1 9.99999984307e+17 -9.99999984307e+17 0 2 1 0 1 64
1 0 
0 
sampling 2 2 8 0 0 2 1 0 1 64
1 "s"
0 
sampleowner 2 2 8 0 0 2 1 0 1 64
1 ""
0 
sampwt 1 1 9.99999984307e+17 -9.99999984307e+17 0 2 1 0 1 64
1 0 
0 
satdly 3 1 14 14 14 2 1 8192 1 64
1 0 
0 
sas 7 1 10000000 0 0 3 1 1 0 64
1 0 
0 
satthk 1 1 9.99999984307e+17 -9.99999984307e+17 0 2 1 0 1 64
1 0 
0 
satpos 1 1 9.99999984307e+17 -9.99999984307e+17 0 2 1 0 1 64
1 0 
0 
satmode 4 2 4 0 0 2 1 0 1 64
1 "n"
0 
satpwr 1 1 17 17 17 2 1 8192 1 64
1 0 
0 
sb 1 1 1000 -1000 0.001 3 1 0 1 64
1 -0.085 
0 
saveshapes 2 2 8 0 0 2 1 256 1 64
1 ""
0 
sb1 1 1 1000 -1000 0.001 3 1 1 1 64
1 -0.015 
0 
sc2 1 1 3 3 3 4 1 8195 1 64
1 0 
0 
sc 1 1 1 1 1 4 1 8195 1 64
1 3.125 
0 
sbs1 1 1 1000 -1000 0.001 3 1 1 1 64
1 -0.015 
0 
seqfil 2 2 8 0 0 2 1 11 1 64
1 "wgnoesy"
0 
scoutinfo 2 2 8 0 0 2 1 256 1 64
1 ""
0 
scans 2 2 8 0 0 3 1 0 1 64
1 ""
0 
sdirtmplt 2 2 8 0 0 2 1 0 1 64
1 ""
0 
sf 1 1 8190 0 1e-07 4 1 3 1 64
1 0 
0 
setup_nus_cmd 2 2 8 0 0 2 1 0 1 64
1 "BPexpress_setup_nus"
0 
sf1 1 1 9.99999984307e+17 -9.99999984307e+17 0 4 1 0 1 64
1 0 
0 
ssorder 7 1 20 1 1 3 1 0 0 64
1 7 
0 
sphi 1 1 9.99999984307e+17 -9.99999984307e+17 0 2 1 0 1 64
1 0 
0 
solvfactor 1 1 1e+18 -1e+18 0 2 1 0 1 64
1 -3.3e-07 
0 
sn 1 1 1e+18 -1e+18 0 3 1 1 1 64
1 0 
0 
shims 2 2 8 0 0 2 1 0 1 64
1 ""
0 
solvent 2 2 6 0 0 2 1 11 1 64
1 "D2O"
0 
sp 1 1 1000000000 -1000000000 0 4 4 3 1 64
1 -3231.89136847 
0 
sorient 2 2 8 0 0 2 1 0 1 64
1 ""
0 
sp1 1 1 1000000000 -1000000000 0 4 1 3 1 64
1 -2221.76709945 
0 
ssfilter 1 1 50000 10 0.1 3 1 0 1 64
1 200 
0 
spsi 1 1 9.99999984307e+17 -9.99999984307e+17 0 2 1 0 1 64
1 0 
0 
spin 1 1 39 0 1 2 1 0 0 64
1 0 
0 
sreffrq 1 1 9.99999984307e+17 -9.99999984307e+17 0 2 1 0 1 64
1 499.922475824 
0 
srate 7 1 32767 0 1 2 1 0 1 64
1 25 
0 
ss 7 1 1024 -1024 1 2 1 2 1 64
1 4 
0 
ssntaps 7 1 2500 0 1 3 1 0 1 64
1 200 
0 
sslsfrq 1 1 9.99999984307e+17 -9.99999984307e+17 0 3 1 0 1 64
1 0 
0 
study 2 2 8 0 0 3 1 0 1 64
1 ""
0 
strtext 7 1 1000000 1 1 3 1 0 1 64
1 3 
0 
stheta 1 1 9.99999984307e+17 -9.99999984307e+17 0 2 1 0 1 64
1 0 
0 
sspul 4 2 4 0 0 2 1 0 1 64
1 "n"
0 
strtlp 7 1 1000000 1 1 3 1 0 1 64
1 4 
0 
strtext1 7 1 1000000 1 1 3 1 0 1 64
1 45 
0 
strtlp1 7 1 1000000 1 1 3 1 0 1 64
1 44 
0 
strtpar 2 2 8 0 0 2 1 0 1 64
1 ""
0 
svftmplt 2 2 8 0 0 2 1 0 1 64
1 ""
0 
studytime 1 1 9.99999984307e+17 -9.99999984307e+17 0 2 1 0 1 64
1 0 
0 
studystatus 2 2 8 0 0 2 1 0 1 64
1 ""
0 
studyowner 2 2 8 0 0 2 1 0 1 64
1 "et"
0 
svfopt 4 2 4 0 0 2 1 0 1 64
1 "y"
0 
sw1 1 1 5000000 1 -2.5e-08 2 4 0 1 64
1 12019.2307692 
0 
sw 1 1 10000000 100 0 2 4 11 1 64
1 12019.2307692 
0 
t1 3 1 14 14 14 2 1 8192 1 64
1 0 
0 
tpwrsf 1 1 9.99999984307e+17 -9.99999984307e+17 0 2 1 0 1 64
1 4095 
0 
time_submitted 2 2 8 0 0 2 1 0 1 64
1 "20061102T134428"
0 
theta 1 1 9.99999984307e+17 -9.99999984307e+17 0 2 1 0 1 64
1 0 
0 
tbo 7 1 1000000000 0 1 2 1 2 1 64
1 1542300 
0 
tau 3 1 14 14 14 2 1 8192 1 64
1 0.0001 
0 
t3 3 1 14 14 14 2 1 8192 1 64
1 0 
0 
tau2 3 1 14 14 14 2 1 8192 1 64
1 0.000148 
0 
th 1 1 1000000000 0 0 4 1 1 1 64
1 1 
0 
temp 1 1 200 -150 0.1 2 1 0 1 64
1 25 
0 
text_string 2 2 8 0 0 4 1 256 1 64
1 ""
0 
th2d 1 1 1 1e-18 0 4 1 17 1 64
1 0.8 
0 
time_plotted 2 2 8 0 0 3 1 0 1 64
1 ""
0 
time_complete 2 2 8 0 0 2 1 0 1 64
1 "20061102T134428"
0 
thk 1 1 9.99999984307e+17 -9.99999984307e+17 0 2 1 0 1 64
1 0 
0 
time_exp 2 2 8 0 0 2 1 0 1 64
1 "10 sec"
0 
time_run 2 2 8 0 0 2 1 0 1 64
1 "20061102T134428"
0 
time_processed 2 2 8 0 0 3 1 0 1 64
1 ""
0 
time_saved 2 2 8 0 0 2 1 0 1 64
1 "20140403T165020"
0 
tlt 1 1 1000000000 -1000000000 0 4 1 1 1 64
1 0 
0 
time_svfdate 2 2 8 0 0 2 1 0 1 64
1 "20061102T134428"
0 
time_submitted_local 2 2 8 0 0 2 1 0 1 64
1 "20061102T134428X01PMThuNov"
0 
tin 2 2 1 0 0 2 1 2 1 64
1 "w"
3 "n" "w" "y" 
tof 5 1 7 7 7 2 1 8194 1 64
1 -219.2 
0 
tnref 2 2 8 0 0 4 1 1 1 64
1 ""
0 
tn 2 2 4 0 0 2 1 8 1 64
1 "H1"
0 
tnshapes 2 2 8 0 0 2 1 256 1 64
3 ""
""
""
0 
tpwr 1 1 63 -37 0.5 2 1 2 1 64
1 62 
0 
tofwg 5 1 1000000000 -1000000000 0 2 1 0 1 64
1 -183 
0 
tpwr_cf 1 1 9.99999984307e+17 -9.99999984307e+17 0 2 1 0 1 64
1 1 
0 
trim 3 1 0.02 0 2.5e-08 2 1 0 1 64
1 0 
0 
tpwrsf_t 1 1 9.99999984307e+17 -9.99999984307e+17 0 2 1 0 1 64
1 2639 
0 
tpwrsf_i 1 1 9.99999984307e+17 -9.99999984307e+17 0 2 1 0 1 64
1 2351 
0 
tpwrsf_d 1 1 9.99999984307e+17 -9.99999984307e+17 0 2 1 0 1 64
1 2639 
0 
tpwrsf_a 1 1 9.99999984307e+17 -9.99999984307e+17 0 2 1 0 1 64
1 2400 
0 
tpwrsf_n 1 1 9.99999984307e+17 -9.99999984307e+17 0 2 1 0 1 64
1 2434 
0 
trace 2 2 2 0 0 4 1 3 1 64
1 "f2"
2 "f1" "f2" 
tpwrsf_u 1 1 9.99999984307e+17 -9.99999984307e+17 0 2 1 0 1 64
1 2290 
0 
vf 1 1 1000000000 0 0 4 1 3 1 64
1 11256861128.5 
0 
tunemethod 2 2 8 0 0 2 1 0 1 64
1 "lohi"
0 
trise 1 1 9.99999984307e+17 -9.99999984307e+17 0 2 1 0 1 64
1 1e-05 
0 
trimpwr 7 1 63 -16 1 2 1 0 1 64
1 51 
0 
userplotter 2 2 8 0 0 4 1 0 1 64
1 ""
0 
username 2 2 8 0 0 2 1 0 1 64
1 "georgeg"
0 
userprocess 2 2 8 0 0 2 1 0 1 64
1 "return"
0 
vo 1 1 500 -500 0 4 1 1 1 64
1 0 
0 
vjdialogarg 2 2 8 0 0 4 1 256 1 64
1 ""
0 
vjdialog 2 2 8 0 0 4 1 256 1 64
1 ""
0 
vorient 2 2 8 0 0 2 1 0 1 64
1 ""
0 
volume 1 1 9.99999984307e+17 -9.99999984307e+17 0 2 1 0 1 64
1 0 
0 
wf1 1 1 9.99999984307e+17 -9.99999984307e+17 0 4 1 0 1 64
1 0.0304832 
0 
vtwait 3 1 14 14 14 2 1 8194 1 64
1 300 
0 
vpsi 1 1 9.99999984307e+17 -9.99999984307e+17 0 2 1 0 1 64
1 0 
0 
vpf 1 1 500 -500 0 4 1 0 1 64
1 1.32352720082 
0 
vox3 1 1 9.99999984307e+17 -9.99999984307e+17 0 2 1 0 1 64
1 0 
0 
vox2 1 1 9.99999984307e+17 -9.99999984307e+17 0 2 1 0 1 64
1 0 
0 
vp 7 1 500 -500 0.1 4 1 3 1 64
1 0 
0 
vphi 1 1 9.99999984307e+17 -9.99999984307e+17 0 2 1 0 1 64
1 0 
0 
vpfi 1 1 500 -500 0 4 1 0 1 64
1 0 
0 
vsproj 1 1 1000000000 1e-06 0 4 1 3 1 64
1 8404.05458864 
0 
vs 1 1 1000000000 1e-06 0 4 1 3 1 64
1 41538.6743526 
0 
vs2d 1 1 1000000000 1e-06 0 4 1 3 1 64
1 2107.06996325 
0 
vtheta 1 1 9.99999984307e+17 -9.99999984307e+17 0 2 1 0 1 64
1 0 
0 
vtc 1 1 255 0 1 2 1 2 1 64
1 25 
0 
wet 2 2 8 0 0 2 1 0 1 64
1 "n"
0 
wc2 1 1 4 4 4 4 1 8195 1 64
1 154.5 
0 
wbs 2 2 6 0 0 3 1 3 1 64
1 ""
0 
wc 1 1 2 2 2 4 1 8203 1 64
1 237.5 
0 
weight 1 1 9.9e+17 0 0.001 3 1 0 1 64
1 0 
0 
wdone 2 2 8 0 0 3 1 0 1 64
1 ""
0 
wds 2 2 8 0 0 3 1 0 1 64
1 ""
0 
werr 2 2 6 0 0 3 1 3 1 64
1 "return"
0 
wetshape 2 2 8 0 0 2 1 0 1 64
1 "buffer"
0 
wetpw 6 1 100000 0 0.1 2 1 0 1 64
1 4923 
0 
wetpwr 1 1 9.99999984307e+17 -9.99999984307e+17 0 2 1 0 1 64
1 11 
0 
wf 1 1 8190 0 1e-07 4 1 3 1 64
1 0.0851968 
0 
wexp 2 2 6 0 0 3 1 3 1 64
1 ""
0 
yz2 7 1 19 19 19 2 1 8192 1 64
1 -4552 
0 
x3 7 1 19 19 19 2 1 8192 1 64
1 -3988 
0 
wrefshape 2 2 8 0 0 2 1 0 1 64
1 ""
0 
wp1 1 1 100000 0 0 4 1 3 1 64
1 8398.06844426 
0 
wnt 2 2 6 0 0 3 1 3 1 64
1 ""
0 
wp 1 1 5000000 0 0 4 4 11 1 64
1 12019.2307692 
0 
wrefpw 6 1 50000 0 0.025 2 1 0 1 64
1 2300 
0 
wqinit 2 2 8 0 0 4 1 0 1 64
1 ""
0 
wrefpwr 7 1 63 -16 1 2 1 0 1 64
1 13 
0 
wtfile1 2 2 15 0 0 3 2 1 1 64
1 ""
0 
wstart 2 2 8 0 0 3 1 0 1 64
1 ""
0 
wshim 2 2 4 0 0 2 1 3 1 64
1 "n"
15 "e" "f" "g" "n" "s" "0" "1" "2" "3" "4" "5" "6" "7" "8" "9" 
wrtp 2 2 8 0 0 3 1 0 1 64
1 ""
0 
wtfile 2 2 15 0 0 3 1 1 1 64
1 ""
0 
x1 7 1 19 19 19 2 1 8192 1 64
1 -3557 
0 
wtune 4 2 4 0 0 2 1 0 1 64
1 "n"
10 "s" "t" "e" "v" "i" "n" "1" "2" "3" "4" 
x2y2 7 1 19 19 19 2 1 8192 1 64
1 2915 
0 
xz2 7 1 19 19 19 2 1 8192 1 64
1 3227 
0 
xy 7 1 19 19 19 2 1 8192 1 64
1 -1064 
0 
xdiag 1 1 1e+18 0 0 4 1 17 1 64
1 0 
0 
x4 7 1 19 19 19 2 1 8192 1 64
1 0 
0 
xz 7 1 19 19 19 2 1 8192 1 64
1 -507 
0 
y4 7 1 19 19 19 2 1 8192 1 64
1 0 
0 
y1 7 1 19 19 19 2 1 8192 1 64
1 817 
0 
y3 7 1 19 19 19 2 1 8192 1 64
1 -5274 
0 
yz 7 1 19 19 19 2 1 8192 1 64
1 631 
0 
z3y 7 1 19 19 19 2 1 8192 1 64
1 -64 
0 
z2y3 7 1 19 19 19 2 1 8192 1 64
1 0 
0 
z2 7 1 19 19 19 2 1 8192 1 64
1 1322 
0 
z1 7 1 19 19 19 2 1 8192 1 64
1 9286 
0 
z1c 7 1 19 19 19 2 1 8192 1 64
1 -1044 
0 
z2x2y2 7 1 19 19 19 2 1 8192 1 64
1 546 
0 
z2c 7 1 19 19 19 2 1 8192 1 64
1 196 
0 
z2x3 7 1 19 19 19 2 1 8192 1 64
1 0 
0 
z2xy 7 1 19 19 19 2 1 8192 1 64
1 2544 
0 
z3x2y2 7 1 19 19 19 2 1 8192 1 64
1 0 
0 
z3c 7 1 19 19 19 2 1 8192 1 64
1 0 
0 
z3 7 1 19 19 19 2 1 8192 1 64
1 -508 
0 
z3x 7 1 19 19 19 2 1 8192 1 64
1 -1646 
0 
z3xy 7 1 19 19 19 2 1 8192 1 64
1 0 
0 
z3x3 7 1 19 19 19 2 1 8192 1 64
1 0 
0 
z5 7 1 19 19 19 2 1 8192 1 64
1 5959 
0 
z4x 7 1 19 19 19 2 1 8192 1 64
1 88 
0 
z4 7 1 19 19 19 2 1 8192 1 64
1 3981 
0 
z3y3 7 1 19 19 19 2 1 8192 1 64
1 0 
0 
z4c 7 1 19 19 19 2 1 8192 1 64
1 0 
0 
z4xy 7 1 19 19 19 2 1 8192 1 64
1 0 
0 
z4x2y2 7 1 19 19 19 2 1 8192 1 64
1 0 
0 
z4y 7 1 19 19 19 2 1 8192 1 64
1 -802 
0 
z7 7 1 19 19 19 2 1 8192 1 64
1 5546 
0 
z5y 7 1 19 19 19 2 1 8192 1 64
1 0 
0 
z5x 7 1 19 19 19 2 1 8192 1 64
1 0 
0 
z6 7 1 19 19 19 2 1 8192 1 64
1 10042 
0 
zx2y2 7 1 19 19 19 2 1 8192 1 64
1 -1564 
0 
z8 7 1 19 19 19 2 1 8192 1 64
1 0 
0 
zoom 7 1 32767 0 0 4 1 0 1 64
1 0 
0 
zxy 7 1 19 19 19 1 8192 8193 64 64
1 -3453 
0 
zx3 7 1 19 19 19 2 1 8192 1 64
1 -2108 
0 
zy3 7 1 19 19 19 2 1 8192 1 64
1 1290 
0 
