H1pw90 6 1 13 13 13 2 1 8192 1 64
1 15 
0 
CALmethod 2 2 8 0 0 2 1 0 1 64
1 "newcal"
0 
C13pwx 6 1 13 13 13 2 1 8192 1 64
1 15 
0 
C13dpwr 1 1 9 9 9 2 1 8192 1 64
1 31 
0 
C13dmf 7 1 32767 0 0 2 1 0 1 64
1 15873 
0 
C13pw90 6 1 13 13 13 2 1 8192 1 64
1 15 
0 
C13pwxlvl 1 1 9 9 9 2 1 8192 1 64
1 51 
0 
C13tpwr 1 1 17 17 17 2 1 8192 1 64
1 51 
0 
H1dpwr 1 1 9 9 9 2 1 8192 1 64
1 40 
0 
H1dmf 7 1 32767 0 0 2 1 0 1 64
1 8000 
0 
CalibrationResults 2 2 8 0 0 4 1 16640 1 64
1 ""
0 
calibmod 2 2 8 0 0 4 1 16384 1 64
1 "yes"
0
F19dpwr 1 1 9 9 9 2 1 8192 1 64
1 30 
0 
F19dmf 7 1 32767 0 0 2 1 0 1 64
1 200 
0 
F19pwxlvl 1 1 9 9 9 2 1 8192 1 64
1 51 
0 
F19pwx 6 1 13 13 13 2 1 8192 1 64
1 10 
0 
F19pw90 6 1 13 13 13 2 1 8192 1 64
1 10 
0 
F19tpwr 1 1 17 17 17 2 1 8192 1 64
1 51 
0 
H1pp 6 1 13 13 13 2 1 8192 1 64
1 15 
0 
H1pplvl 1 1 9 9 9 2 1 8192 1 64
1 51 
0 
LKtpwr 1 1 17 17 17 2 1 8192 1 64
1 0 
0 
H1tpwr 1 1 17 17 17 2 1 8192 1 64
1 51 
0 
gt1 3 1 14 14 14 2 1 8192 1 64
1 0.002 
0 
N15pwxlvl 1 1 9 9 9 2 1 8192 1 64
1 50 
0 
N15pw90 6 1 13 13 13 2 1 8192 1 64
1 22 
0 
N15dmf 7 1 32767 0 0 2 1 0 1 64
1 200 
0 
N15dpwr 1 1 9 9 9 2 1 8192 1 64
1 30 
0 
N15pwx 6 1 13 13 13 2 1 8192 1 64
1 22 
0 
P31pw90 6 1 13 13 13 2 1 8192 1 64
1 10 
0 
P31dmf 7 1 32767 0 0 2 1 0 1 64
1 200 
0 
N15tpwr 1 1 17 17 17 2 1 8192 1 64
1 50 
0 
P31dpwr 1 1 9 9 9 2 1 8192 1 64
1 30 
0 
P31tpwr 1 1 17 17 17 2 1 8192 1 64
1 51 
0 
P31pwx 6 1 13 13 13 2 1 8192 1 64
1 10 
0 
P31pwxlvl 1 1 9 9 9 2 1 8192 1 64
1 51 
0 
caliblist 2 2 8 0 0 2 1 16640 1 64
1 ""
0 
calibnode 2 2 8 0 0 2 1 16640 1 64
1 ""
0 
gstab 3 1 14 14 14 2 1 8192 1 64
1 0.001 
0 
gzlvl3 1 1 1000000 -1000000 1 2 1 0 1 64
1 753.768844221 
0 
gzlvl1 1 1 1000000 -1000000 1 2 1 0 1 64
1 1500 
0 
gt3 3 1 14 14 14 2 1 8192 1 64
1 0.001 
0 
pltopt 4 2 4 0 0 2 1 0 1 64
1 "y"
0 
j1xh 5 1 1000000000 -1000000000 0 2 1 0 1 64
1 140 
0 
prtmod 4 2 4 0 0 2 1 0 1 64
1 "y"
0 
profileflg 4 2 4 0 0 2 1 0 1 64
1 "n"
0 
stackmode 2 2 8 0 0 4 1 0 1 64
1 "horizontal"
0 
xyshimflg 4 2 4 0 0 2 1 0 1 64
1 "n"
0 
