plotoption 2 2 8 0 0 4 1 0 1 64
1 ""
0
pltopt 4 2 4 0 0 2 1 0 1 64
1 "y"
0 
dec3wave 2 2 8 0 0 2 1 0 1 64
1 "g"
0 
MinSW 2 2 8 0 0 3 1 0 1 64
1 "off"
4 "off" "auto" "manual" "skip" 
Archive2 2 2 8 0 0 2 1 0 1 64
1 ""
0 
Archive1 2 2 8 0 0 2 1 0 1 64
1 ""
0 
ACQtime 7 1 100000000 0 1 2 1 256 1 64
1 0 
0 
Gmap 2 2 8 0 0 2 1 1 1 64
1 "no"
0 
Gmapname 2 2 8 0 0 2 1 1 1 64
1 ""
0 
cppauseflg 4 2 4 0 0 4 1 0 1 64
1 "n"
0 
adirtmplt 2 2 8 0 0 2 1 0 1 64
1 ""
0 
REQexp 2 2 8 0 0 4 1 256 1 64
2 ""
"ignore"
0 
PFGflg 4 2 4 0 0 2 1 0 1 64
1 "n"
0 
adir2tmplt 2 2 8 0 0 2 1 0 1 64
1 ""
0 
archivedir 2 2 8 0 0 2 1 0 1 64
1 ""
0 
apptype 2 2 8 0 0 2 1 1 1 64
1 ""
0 
concentration 1 1 9.99e+17 0 0 2 1 8 1 64
1 0 
0 
mass 1 1 9.99999984307e+17 0 0 2 1 8 1 64
1 0 
0 
molecularmass 1 1 9.99999984307e+17 0 0 2 1 8 1 64
1 0 
0 
samplevolume 1 1 9.99999984307e+17 0 0 2 1 8 1 64
1 600 
0 
ddrpm 2 2 8 0 0 2 1 0 1 64
1 ""
0 
customflag 4 2 4 0 0 2 1 0 1 64
1 "n"
0 
dec2wave 2 2 8 0 0 2 1 0 1 64
1 "g"
0 
explabel 2 2 8 0 0 2 1 0 1 64
1 ""
0 
dn4ref 2 2 8 0 0 4 1 1 1 64
1 ""
0 
dn2shapes 2 2 8 0 0 2 1 256 1 64
3 ""
""
""
0 
density 1 1 9.99999984307e+17 -9.99999984307e+17 0 2 1 0 1 64
1 1 
0 
decwave 2 2 8 0 0 2 1 0 1 64
1 "g"
0 
dn2ref 2 2 8 0 0 4 1 1 1 64
1 ""
0 
dn3ref 2 2 8 0 0 4 1 1 1 64
1 ""
0 
dn3shapes 2 2 8 0 0 2 1 256 1 64
3 ""
""
""
0 
emailaddr 2 2 8 0 0 4 1 0 1 64
1 ""
0 
dnshapes 2 2 8 0 0 2 1 256 1 64
3 ""
""
""
0 
dnref 2 2 8 0 0 4 1 1 1 64
1 ""
0 
eOptions 2 2 8 0 0 4 1 264 1 64
1 ""
0 
emailwhen 2 2 8 0 0 2 1 0 1 64
1 ""
0 
emessage 4 2 4 0 0 2 1 0 1 64
1 "n"
0 
lot 2 2 8 0 0 2 1 0 1 64
1 ""
0 
f2SW 2 2 8 0 0 2 1 1 1 64
1 ""
0 
explist 2 2 8 0 0 2 1 256 1 64
1 ""
0 
f1SW 2 2 8 0 0 2 1 1 1 64
1 ""
0 
gxppars 2 2 8 0 0 2 1 0 1 64
1 ""
0 
fzoom 7 1 32767 0 0 4 1 0 1 64
1 0 
0 
faculty 2 2 8 0 0 2 1 0 1 64
1 ""
0 
filename 2 2 8 0 0 2 1 1 1 64
1 ""
0 
locdir 2 2 8 0 0 2 1 0 1 64
1 ""
0 
layout 2 2 8 0 0 4 1 0 1 64
1 ""
0 
longlist 2 2 8 0 0 2 1 256 1 64
1 ""
0 
newmodules 2 2 8 0 0 2 1 1 1 64
1 ""
0 
modules 2 2 8 0 0 2 1 1 1 64
1 ""
0 
macro 2 2 6 0 0 4 1 3 1 64
1 ""
0 
nameprefix 2 2 8 0 0 2 1 9 1 64
1 ""
0 
parlabel 2 2 8 0 0 2 1 5 1 64
1 ""
0 
obsSW 2 2 8 0 0 2 1 1 1 64
1 ""
0 
plocklist 2 2 8 0 0 2 1 1 1 64
1 ""
0 
scoutinfo 2 2 8 0 0 2 1 256 1 64
1 ""
0 
researchgroup 2 2 8 0 0 2 1 0 1 64
1 ""
0 
pwx2lvl 1 1 18 18 18 2 1 8192 1 64
1 55 
0 
prcopt 4 2 4 0 0 2 1 0 1 64
1 "y"
0 
pplvl 1 1 9 9 9 2 1 8192 1 64
1 55 
0 
pp 6 1 13 13 13 2 1 8192 1 64
1 15 
0 
pplvl_cf 1 1 9.99999984307e+17 -9.99999984307e+17 0 2 1 0 1 64
1 1 
0 
pwx 6 1 13 13 13 2 1 8192 1 64
1 15 
0 
pwx2 6 1 13 13 13 2 1 8192 1 64
1 15 
0 
pwxlvl 1 1 9 9 9 2 1 8192 1 64
1 55 
0 
pwx2lvl_cf 1 1 9.99999984307e+17 -9.99999984307e+17 0 2 1 0 1 64
1 1 
0 
pwxlvl_cf 1 1 9.99999984307e+17 -9.99999984307e+17 0 2 1 0 1 64
1 1 
0 
sampleowner 2 2 8 0 0 2 1 0 1 64
1 ""
0 
samplename 2 2 8 0 0 2 1 9 1 64
1 ""
0 
sample 2 2 8 0 0 2 1 1 1 64
1 ""
0 
satpwr 1 1 17 17 17 2 1 8192 1 64
1 0 
0 
satfrq 5 1 1000000000 -1000000000 0 2 1 0 1 64
1 0 
0 
satdly 3 1 14 14 14 2 1 8192 1 64
1 0 
0 
satmode 4 2 4 0 0 2 1 0 1 64
1 "n"
0 
saveshapes 2 2 8 0 0 2 1 256 1 64
1 ""
0 
tnshapes 2 2 8 0 0 2 1 256 1 64
3 ""
""
""
0 
svfopt 4 2 4 0 0 2 1 0 1 64
1 "y"
0 
strtpar 2 2 8 0 0 2 1 0 1 64
1 ""
0 
srate 7 1 65536 0 1 2 1 0 1 64
1 25 
0 
sdirtmplt 2 2 8 0 0 2 1 0 1 64
1 ""
0 
sspul 4 2 4 0 0 2 1 0 1 64
1 "n"
0 
studyowner 2 2 8 0 0 2 1 0 1 64
1 ""
0 
studystatus 2 2 8 0 0 2 1 0 1 64
1 ""
0 
text_string 2 2 8 0 0 4 1 256 1 64
1 ""
0 
svftmplt 2 2 8 0 0 2 1 0 1 64
1 ""
0 
tnref 2 2 8 0 0 4 1 1 1 64
1 ""
0 
vjdialogarg 2 2 8 0 0 4 1 256 1 64
1 ""
0 
tunemethod 2 2 8 0 0 2 1 0 1 64
1 "n"
0 
tpwr_cf 1 1 9.99999984307e+17 -9.99999984307e+17 0 2 1 0 1 64
1 1 
0 
vjdialog 2 2 8 0 0 4 1 256 1 64
1 ""
0 
wrtp 2 2 8 0 0 3 1 0 1 64
1 ""
0 
wqinit 2 2 8 0 0 4 1 0 1 64
1 ""
0 
wds 2 2 8 0 0 3 1 0 1 64
1 ""
0 
wtune 4 2 4 0 0 2 1 0 1 64
1 "n"
11 "s" "t" "e" "i" "n" "o" "v" "1" "2" "3" "4" 
wstart 2 2 8 0 0 3 1 0 1 64
1 ""
0 
zoom 7 1 32767 0 0 4 1 0 1 64
1 0 
0 
