mfslp 4 2 4 0 0 2 1 16384 1 64
1 "n"
0 
gzlvlB 1 1 1000000 -1000000 1 2 1 0 1 64
1 5741 
0 
gtB 3 1 14 14 14 2 1 24576 1 64
1 0.001 
0 
gtA 3 1 14 14 14 2 1 24576 1 64
1 0.001 
0 
gstab 3 1 14 14 14 2 1 24576 1 64
1 0.0005 
0 
gstabAB 3 1 14 14 14 2 1 24576 1 64
1 0.0005 
0 
gzlvlA 1 1 1000000 -1000000 1 2 1 0 1 64
1 3827 
0 
gtC 3 1 14 14 14 2 1 24576 1 64
1 0.001 
0 
gzlvlC 1 1 1000000 -1000000 1 2 1 0 1 64
1 -1000 
0 
refscan 4 2 4 0 0 2 1 0 1 64
1 "n"
0 
refnt 7 1 1000000 0 0 2 1 0 1 64
1 8 
0 
selfrqc 5 1 1000000000 -1000000000 0 2 1 256 1 64
1 0 
0 
selfrq 5 1 1000000000 -1000000000 0 2 1 0 1 64
1 480.588092473 
0 
selpwA 6 1 1000000 0 0.025 2 1 0 1 64
1 5000 
0 
selfrqw 1 1 9.99999984307e+17 -9.99999984307e+17 0 2 1 256 1 64
1 10 
0 
selfrqppm 1 1 9.99999984307e+17 -9.99999984307e+17 0 2 1 256 1 64
1 0 
0 
selpwB 6 1 1000000 0 0.025 2 1 0 1 64
1 5000 
0 
selpwxA 6 1 1000000 0 0.025 2 1 0 1 64
1 5000 
0 
selpwrA 1 1 17 17 17 2 1 8192 1 64
1 0 
0 
selpwrB 1 1 17 17 17 2 1 8192 1 64
1 0 
0 
selpwxB 6 1 1000000 0 0.025 2 1 0 1 64
1 5000 
0 
selshapeA 2 2 8 0 0 2 1 0 1 64
1 "q3"
0 
selpwxshpA 2 2 8 0 0 2 1 0 1 64
1 "hard"
0 
selpwxlvlA 1 1 9 9 9 2 1 8192 1 64
1 0 
0 
selpwxlvlB 1 1 9 9 9 2 1 8192 1 64
1 0 
0 
selpwxshpB 2 2 8 0 0 2 1 0 1 64
1 "hard"
0 
selshapeB 2 2 8 0 0 2 1 0 1 64
1 "q3"
0 
sweeppwr 1 1 17 17 17 2 1 24576 1 64
1 0 
0 
sweeppw 6 1 13 13 13 2 1 24576 1 64
1 1500 
0 
sweepshp 2 2 8 0 0 2 1 16384 1 64
1 "hard"
0 
