led 3 1 14 14 14 2 1 8192 1 64
1 0.002
0
wselshape 2 2 8 0 0 2 1 0 1 64
1 "W_shape"
0
wselpw 6 1 100000 0 0.0125 2 1 0 1 64
1 25000
0
wselpwr 7 1 30 -16 1 2 1 0 1 64
1 1
0
gzlvlhs 7 1 32767 -32767 1 2 1 0 1 64
1 20
0
sgyflg 4 2 4 0 0 2 1 0 1 64
1 "n"
0 
espw180 6 1 13 13 13 2 1 8192 1 64
1 12 
0 
essoftpw 6 1 1000000 0 0.025 2 1 0 1 64
1 2500 
0
esshape 2 2 8 0 0 2 1 0 1 64
1 "W_supp"
0
essoftpwr 1 1 63 -16 0.5 2 1 0 1 64
1 2 
0
essoftpwrf 7 1 4095 0 1 2 1 0 1 64
1 2048
0
esgzlvl 1 1 1000000 -1000000 1 2 1 0 1 64
1 9132 
0 
esgt 3 1 14 14 14 2 1 8192 1 64
1 0.001 
0 
esgstab 3 1 14 14 14 2 1 8192 1 64
1 0.0005 
0 
alt_grd 4 2 4 0 0 2 1 0 1 64
1 "n"
0
flippwr 7 1 63 -16 0.5 2 1 0 1 64
1 10
0
flipback 4 2 4 0 0 2 1 0 1 64
1 "n"
0
flippw 6 1 13 13 13 2 1 8192 1 64
1 5000
0
flippwrf 7 1 4095 0 1 2 1 0 1 64
1 2048
0
flipshape 2 2 8 0 0 2 1 0 1 64
1 "W_flip"
0
prgtime 3 1 0.05 0 1.25e-08 2 1 0 1 64
1 0.002
0
prgpwr 7 1 63 -16 0.5 2 1 0 1 64
1 46
0
prg_flg 4 2 4 0 0 2 1 0 1 64
1 "n"
0
ESmode 4 2 4 0 0 2 1 0 1 64
1 "n"
0
ESpwrcalflg 4 2 4 0 0 2 1 0 1 64
1 "y"
0
lkgate_flg 4 2 4 0 0 2 1 0 1 64
1 "n"
0
phincr1 7 1 360 -360 1 2 1 0 1 64
1 0
0

