preacq 6 1 13 13 13 2 1 8192 0 64
1 0 
0 
investigator 2 2 8 0 0 4 1 0 1 64
1 ""
0 
displaymode 4 2 9.99999984307e+17 -9.99999984307e+17 0 4 1 0 1 64
1 "r"
0 
celem 1 1 9.99999984307e+17 -9.99999984307e+17 0 2 1 0 1 64
1 0 
0 
actionid 2 2 8 0 0 4 1 0 1 64
1 "null"
0 
acqdim 7 1 32767 0 0 2 1 0 1 64
1 0 
0 
apptype 2 2 8 0 0 2 1 1 1 64
1 ""
0 
dcrmv 4 2 9.99999984307e+17 -9.99999984307e+17 0 4 1 0 1 64
1 "n"
2 "y" "n" 
comment 2 2 8 0 0 3 1 0 1 64
1 ""
0 
ftproc 1 1 9.99999984307e+17 -9.99999984307e+17 0 3 1 256 1 64
2 1 0 
0 
ident 2 2 8 0 0 3 1 0 1 64
1 ""
0 
page 2 2 8 0 0 2 1 0 1 64
1 ""
0 
notebook 2 2 8 0 0 2 1 0 1 64
1 ""
0 
lot 2 2 8 0 0 2 1 0 1 64
1 ""
0
name 2 2 8 0 0 3 1 0 1 64
1 ""
0 
position1 2 2 8 0 0 3 1 0 1 64
1 ""
0 
plt2Darg 2 2 8 0 0 4 1 272 1 64
5 "both"
"7"
"1.5"
"f2"
"f1"
0 
position2 2 2 8 0 0 3 1 0 1 64
1 ""
0 
t2 3 1 14 14 14 2 1 8192 1 64
1 0 
0 
samplename 2 2 8 0 0 2 1 9 1 64
1 ""
0 
ref 5 1 1000000000 -1000000000 0 3 5 0 1 64
1 0 
0 
refpos 5 1 1000000000 -1000000000 0 3 1 0 1 64
1 0 
0 
procdim 7 1 32767 0 0 3 1 0 1 64
1 0 
0 
prescan 2 2 8 0 0 3 1 0 1 64
10 "Not done"
"Not done"
"off"
"off"
"off"
"off"
"off"
"on"
"on"
""
0 
protocols 2 2 8 0 0 3 1 0 1 64
1 ""
0 
ref1 5 1 1000000000 -1000000000 0 3 1 0 1 64
1 0 
0 
shims 2 2 8 0 0 2 1 0 1 64
1 ""
0 
scans 2 2 8 0 0 3 1 0 1 64
1 ""
0 
t1 3 1 14 14 14 2 1 8192 1 64
1 0 
0 
study 2 2 8 0 0 3 1 0 1 64
1 ""
0 
time_run 2 2 8 0 0 2 1 0 1 64
1 ""
0 
time_plotted 2 2 8 0 0 3 1 0 1 64
1 ""
0 
time_complete 2 2 8 0 0 4 1 0 1 64
1 ""
0 
t3 3 1 14 14 14 2 1 8192 1 64
1 0 
0 
time_exp 2 2 8 0 0 2 1 0 1 64
1 ""
0 
time_processed 2 2 8 0 0 3 1 0 1 64
1 ""
0 
time_submitted 2 2 8 0 0 2 1 0 1 64
1 ""
0 
time_saved 2 2 8 0 0 4 1 0 1 64
1 ""
0 
vsproj 1 1 1000000000 1e-06 0 4 1 3 1 64
1 100 
0 
vs2d 1 1 1000000000 1e-06 0 4 1 3 1 64
1 200 
0 
wdone 2 2 8 0 0 3 1 0 1 64
1 ""
0 
