slp4s 2 2 8 0 0 2 1 0 1 64
1 "n"
2 "y" "n" 
slp2ss 2 2 8 0 0 4 1 0 1 64
1 "n"
2 "y" "n" 
slp0ss 2 2 8 0 0 4 1 0 1 64
1 "y"
2 "y" "n" 
slp0 1 1 50000 -50000 0 2 1 0 0 64
1 0 
0 
oclc 1 1 9.99999984307e+17 -9.99999984307e+17 0 4 1 0 1 64
1 0 
0 
lcstopsnmr 2 2 8 0 0 2 1 0 1 64
1 "y"
2 "y" "n" 
lcpeaklabels 2 2 8 0 0 4 1 0 1 64
1 "y"
2 "y" "n" 
scoutpower 1 1 79 0 1 2 1 0 1 64
1 35 
0 
oclc2 1 1 9.99999984307e+17 -9.99999984307e+17 0 4 1 0 1 64
1 0 
0 
slp 1 1 50000 -50000 0 2 1 0 0 64
1 0 
0 
slp0s 2 2 8 0 0 2 1 0 1 64
1 "y"
2 "y" "n" 
slp0bw 1 1 50000 10 0 2 1 0 1 64
1 80 
0 
slp2 1 1 50000 -50000 0 2 1 0 0 64
1 0 
0 
slp1s 4 2 4 0 0 2 1 0 1 64
1 "n"
0 
slp1 1 1 50000 -50000 0 2 1 0 1 64
1 0 
0 
slp0w 2 2 8 0 0 2 1 0 1 64
1 "y"
2 "y" "n" 
slp1bw 1 1 50000 10 0 2 1 0 1 64
1 80 
0 
slp1w 4 2 4 0 0 2 1 0 1 64
1 "n"
0 
slp1ss 4 2 4 0 0 4 1 0 1 64
1 "n"
0 
slp2s 2 2 8 0 0 2 1 0 1 64
1 "n"
2 "y" "n" 
slp2bw 1 1 50000 10 0 2 1 0 1 64
1 80 
0 
slp3s 2 2 8 0 0 2 1 0 1 64
1 "n"
2 "y" "n" 
slp3 1 1 50000 -50000 0 2 1 0 0 64
1 0 
0 
slp2w 2 2 8 0 0 2 1 0 1 64
1 "n"
2 "y" "n" 
slp3bw 1 1 50000 10 0 2 1 0 1 64
1 80 
0 
slp3w 2 2 8 0 0 2 1 0 1 64
1 "n"
2 "y" "n" 
slp3ss 2 2 8 0 0 4 1 0 1 64
1 "n"
2 "y" "n" 
slp4 1 1 50000 -50000 0 2 1 0 0 64
1 0 
0 
slp4bw 1 1 50000 10 0 2 1 0 1 64
1 80 
0 
slp6s 2 2 8 0 0 2 1 0 1 64
1 "n"
2 "y" "n" 
slp5s 2 2 8 0 0 2 1 0 1 64
1 "n"
2 "y" "n" 
slp4w 2 2 8 0 0 2 1 0 1 64
1 "n"
2 "y" "n" 
slp4ss 2 2 8 0 0 4 1 0 1 64
1 "n"
2 "y" "n" 
slp5 1 1 50000 -50000 0 2 1 0 0 64
1 0 
0 
slp5bw 1 1 50000 10 0 2 1 0 1 64
1 80 
0 
slp5w 2 2 8 0 0 2 1 0 1 64
1 "n"
2 "y" "n" 
slp5ss 2 2 8 0 0 4 1 0 1 64
1 "n"
2 "y" "n" 
slp6 1 1 50000 -50000 0 2 1 0 0 64
1 0 
0 
slp6bw 1 1 50000 10 0 2 1 0 1 64
1 80 
0 
slps 2 2 8 0 0 2 1 0 1 64
1 "y"
2 "y" "n" 
slp6w 2 2 8 0 0 2 1 0 1 64
1 "n"
2 "y" "n" 
slp6ss 2 2 8 0 0 4 1 0 1 64
1 "n"
2 "y" "n" 
slpbw 1 1 50000 10 0 2 1 0 1 64
1 80 
0 
slpw 2 2 8 0 0 2 1 0 1 64
1 "y"
2 "y" "n" 
slpss 2 2 8 0 0 4 1 0 1 64
1 "y"
2 "y" "n" 
sslsfrqcor 1 1 100 -100 0 4 1 0 1 64
1 0 
0 
sslsfrq2cor 1 1 100 -100 0 4 1 0 1 64
1 0 
0 
