gxyzrmserr_coarse 1 1 9.99999984307e+17 -9.99999984307e+17 0 2 1 0 1 64
1 0 
0 
gxyzdo1Dmap 4 2 4 0 0 2 1 0 1 64
1 ""
0 
gcalylocal 1 1 9.99999984307e+17 -9.99999984307e+17 0 2 1 0 1 64
1 0 
0 
cycle 1 1 9.99999984307e+17 -9.99999984307e+17 0 2 1 0 1 64
1 0 
0 
H1pw90calibmethod 2 2 8 0 0 2 1 0 1 64
1 ""
0 
autont 4 2 4 0 0 2 1 0 1 64
1 ""
0 
gcalxlocal 1 1 9.99999984307e+17 -9.99999984307e+17 0 2 1 0 1 64
1 0 
0 
gcalanglocal 1 1 9.99999984307e+17 -9.99999984307e+17 0 2 1 0 1 64
1 0 
0 
gmapct 7 1 32767 0 0 4 1 0 1 64
1 0 
0 
gmap_again 7 1 32767 0 0 4 1 0 1 64
1 0 
0 
gmap_padon 1 1 9.99999984307e+17 -9.99999984307e+17 0 2 1 0 1 64
1 0 
0 
gxyzautorepeat 4 2 4 0 0 2 1 0 1 64
1 ""
0 
gmapname 2 2 8 0 0 2 1 0 1 64
1 ""
0 
gxyzcaliblist 2 2 8 0 0 2 1 0 1 64
1 ""
0 
gxyzmake1Dmap 2 2 8 0 0 2 1 0 1 64
1 ""
0 
gxyzdoscset 4 2 4 0 0 2 1 0 1 64
1 ""
0 
gxyzdo3Dshim 4 2 4 0 0 2 1 0 1 64
1 ""
0 
gxyzfieldvar 1 1 9.99999984307e+17 -9.99999984307e+17 0 2 1 0 1 64
1 0 
0 
gxyzremap 4 2 4 0 0 2 1 0 1 64
1 ""
0 
gxyzpw90 1 1 9.99999984307e+17 -9.99999984307e+17 0 2 1 0 1 64
1 0 
0 
gxyzmapcode 2 2 8 0 0 2 1 0 1 64
1 ""
0 
gxyzrfsize 1 1 9.99999984307e+17 -9.99999984307e+17 0 2 1 0 1 64
1 0 
0 
ncycles 1 1 9.99999984307e+17 -9.99999984307e+17 0 2 1 0 1 64
1 0 
0 
gxyztpwr 7 1 32767 0 0 2 1 0 1 64
1 0 
0 
gxyzsamplename 2 2 8 0 0 2 1 0 1 64
1 ""
0 
gxyzrmserr_fine 1 1 9.99999984307e+17 -9.99999984307e+17 0 2 1 0 1 64
1 0 
0 
gxyzstarthour 2 2 8 0 0 2 1 0 1 64
1 ""
0 
gxyzstartmin 2 2 8 0 0 2 1 0 1 64
1 ""
0 
gxyzwaitflg 4 2 4 0 0 2 1 0 1 64
1 ""
0 
gxyzwait 1 1 9.99999984307e+17 -9.99999984307e+17 0 2 1 0 1 64
1 0 
0 
n4 2 2 8 0 0 2 1 0 1 64
1 ""
0 
shimsetlocal 7 1 32767 0 0 2 1 0 1 64
1 0 
0 
shapedpw90 6 1 13 13 13 2 1 8192 1 64
1 0 
0 
shaped 4 2 4 0 0 2 1 0 1 64
1 ""
0 
shapedpw180 6 1 13 13 13 2 1 8192 1 64
1 0 
0 
shapedpwr90 1 1 9.99999984307e+17 -9.99999984307e+17 0 2 1 0 1 64
1 0 
0 
shapedpwr180 1 1 9.99999984307e+17 -9.99999984307e+17 0 2 1 0 1 64
1 0 
0 
shapename90 2 2 8 0 0 2 1 0 1 64
1 ""
0 
shapename180 2 2 8 0 0 2 1 0 1 64
1 ""
0 
shimno 1 1 9.99999984307e+17 -9.99999984307e+17 0 2 1 0 1 64
1 0 
0 
varytau 4 2 4 0 0 2 1 0 1 64
1 ""
0 
steflg 4 2 4 0 0 2 1 0 1 64
1 ""
0 
shimtypelocal 2 2 8 0 0 2 1 0 1 64
1 ""
0 
wxyzshim 2 2 8 0 0 2 1 0 1 64
1 ""
0 
z0local 1 1 9.99999984307e+17 -9.99999984307e+17 0 2 1 0 1 64
1 0 
0 
