gzlvl1 1 1 1000000 -1000000 1 2 1 0 1 64
1 0 
0 
gzlvl2 1 1 1000000 -1000000 1 2 1 0 1 64
1 0 
0 
gzlvl3 1 1 1000000 -1000000 1 2 1 0 1 64
1 0 
0 
gzlvl4 1 1 1000000 -1000000 1 2 1 0 1 64
1 0 
0 
gzlvl0 1 1 1000000 -1000000 1 2 1 0 1 64
1 0 
0 
gzlvlE 1 1 1000000 -1000000 1 2 1 0 1 64
1 0 
0 
gzlvlD 1 1 1000000 -1000000 1 2 1 0 1 64
1 0 
0 
gzlvl5 1 1 1000000 -1000000 1 2 1 0 1 64
1 0 
0 
gzlvl6 1 1 1000000 -1000000 1 2 1 0 1 64
1 0 
0 
gzlvl7 1 1 1000000 -1000000 1 2 1 0 1 64
1 0 
0 
gzlvl9 1 1 1000000 -1000000 1 2 1 0 1 64
1 0 
0 
gzlvl8 1 1 1000000 -1000000 1 2 1 0 1 64
1 0 
0 
invgcal 1 1 1000000 -1000000 1 2 1 0 1 64
1 0
0
hsglvl 1 1 1000000 -1000000 1 2 1 0 1 64
1 0 
0 
EDratio 1 1 9.99999984307e+17 -9.99999984307e+17 0 2 1 0 1 64
1 1 
0 
gt0 3 1 14 14 14 2 1 8192 1 64
1 0 
0 
gt1 3 1 14 14 14 2 1 8192 1 64
1 0 
0 
gt2 3 1 14 14 14 2 1 8192 1 64
1 0 
0 
gt3 3 1 14 14 14 2 1 8192 1 64
1 0 
0 
gt4 3 1 14 14 14 2 1 8192 1 64
1 0 
0 
gt5 3 1 14 14 14 2 1 8192 1 64
1 0 
0 
gt6 3 1 14 14 14 2 1 8192 1 64
1 0 
0 
gt7 3 1 14 14 14 2 1 8192 1 64
1 0 
0 
gt8 3 1 14 14 14 2 1 8192 1 64
1 0 
0 
gt9 3 1 14 14 14 2 1 8192 1 64
1 0 
0 
hsgt 3 1 14 14 14 2 1 8192 1 64
1 0 
0 
gstab 3 1 14 14 14 2 1 8192 1 64
1 0.0005 
0 
gtE 3 1 14 14 14 2 1 8192 1 64
1 0 
0 
gtD 3 1 14 14 14 2 1 8192 1 64
1 0 
0 
gstab2 3 1 14 14 14 2 1 8192 1 64
1 0.0005 
0 
