H1pw90 6 1 13 13 13 2 1 8192 1 64
1 15 
0 
H1pp 6 1 13 13 13 2 1 8192 1 64
1 15 
0 
C13pwxlvl 1 1 9 9 9 2 1 8192 1 64
1 51 
0 
C13dpwr 1 1 9 9 9 2 1 8192 1 64
1 31 
0 
C13dmf 7 1 32767 0 0 2 1 0 1 64
1 15873 
0 
C13pwx 6 1 13 13 13 2 1 8192 1 64
1 15 
0 
C13pw90 6 1 13 13 13 2 1 8192 1 64
1 15 
0 
H1dpwr 1 1 9 9 9 2 1 8192 1 64
1 40 
0 
CALmethod 2 2 8 0 0 2 1 0 1 64
1 "newcal"
0 
C13tpwr 1 1 17 17 17 2 1 8192 1 64
1 51 
0 
H1dmf 7 1 32767 0 0 2 1 0 1 64
1 8000 
0 
H1pplvl 1 1 9 9 9 2 1 8192 1 64
1 51 
0 
gt1 3 1 14 14 14 2 1 8192 1 64
1 0.002 
0 
H1tpwr 1 1 17 17 17 2 1 8192 1 64
1 51 
0 
gstab 3 1 14 14 14 2 1 8192 1 64
1 0.001 
0 
gzlvl1 1 1 1000000 -1000000 1 2 1 0 1 64
1 1500 
0 
gt3 3 1 14 14 14 2 1 8192 1 64
1 0.001 
0 
j1xh 5 1 1000000000 -1000000000 0 2 1 0 1 64
1 140 
0 
gzlvl3 1 1 1000000 -1000000 1 2 1 0 1 64
1 753.768844221 
0 
pltopt 4 2 4 0 0 2 1 0 1 64
1 "y"
0 
prtmod 4 2 4 0 0 2 1 0 1 64
1 "y"
0 
