jnxh 1 1 9.99999984307e+17 -9.99999984307e+17 0 2 1 0 1 64
1 8 
0 
j1xh 1 1 9.99999984307e+17 -9.99999984307e+17 0 2 1 0 1 64
1 146 
0 
j1max 1 1 9.99999984307e+17 -9.99999984307e+17 0 2 1 0 1 64
1 130 
0 
accord 4 2 4 0 0 2 1 0 1 64
1 "y"
0 
j1min 1 1 9.99999984307e+17 -9.99999984307e+17 0 2 1 0 1 64
1 165 
0 
jnmax 1 1 9.99999984307e+17 -9.99999984307e+17 0 2 1 0 1 64
1 10 
0 
jfilter 4 2 4 0 0 2 1 0 1 64
1 "y"
0 
jnmin 1 1 9.99999984307e+17 -9.99999984307e+17 0 2 1 0 1 64
1 5 
0 
null 3 1 14 14 14 2 1 8192 1 64
1 0.35 
0 
jscaleU 7 1 32767 0 0 2 1 0 1 64
1 0 
0 
jscaleD 7 1 32767 0 0 2 1 0 1 64
1 0 
0 
mult 1 1 9.99999984307e+17 -9.99999984307e+17 0 2 1 0 1 64
1 0 
0 
pwxS6 6 1 13 13 13 2 1 8192 1 64
1 25 
0 
nullflg 4 2 4 0 0 2 1 0 1 64
1 "n"
0 
pwxlvlS6 1 1 9 9 9 2 1 8192 1 64
1 60 
0 
