hdpwr 1 1 9 9 9 2 1 8194 1 64
1 1 
0 
hdmf 1 1 9.99999984307e+17 -9.99999984307e+17 0 2 1 0 1 64
1 600 
0 
hdfrqc 5 1 1000000000 -1000000000 0 2 1 256 0 64
1 0 
0 
dutyc 1 1 9.99999984307e+17 -9.99999984307e+17 0 2 1 0 1 64
1 0.1 
0 
hdfrqw 1 1 9.99999984307e+17 -9.99999984307e+17 0 2 1 256 0 64
1 10 
0 
hdof 5 1 7 7 7 2 1 8194 1 64
1 0 
0 
hdpsmode 4 2 4 0 0 2 1 0 1 64
1 "n"
0 
hdres 1 1 9.99999984307e+17 -9.99999984307e+17 0 2 1 0 1 64
1 9 
0 
hdpwrf 1 1 4095 0 0 2 1 0 1 64
1 4095 
0 
hdseq 2 2 8 0 0 2 1 0 1 64
1 ""
0 
hdwave 2 2 8 0 0 2 1 0 1 64
1 "SEDUCE1"
0 
satdly 3 1 14 14 14 2 1 8192 1 64
1 0 
0 
mfslp 4 2 4 0 0 2 1 0 1 64
1 "n"
0 
satfrq 5 1 1000000000 -1000000000 0 2 1 0 1 64
1 0 
0 
satpwr 1 1 17 17 17 2 1 8192 1 64
1 0 
0 
