phase 7 1 8 0 1 2 1 0 1 64
1 0 
0 
CSseed 1 1 9.99999984307e+17 -9.99999984307e+17 0 2 1 0 1 64
1 169 
0 
CSlines 7 1 32767 0 0 2 1 0 1 64
1 4 
0 
CSdensity 1 1 100 5 0 2 1 0 1 64
1 100 
0 
CS_inf 4 2 4 0 0 3 1 0 1 64
1 "y"
0 
CS_dpars 4 2 4 0 0 3 1 0 1 64
1 "y"
0 
CS_cln 4 2 4 0 0 3 1 0 1 64
1 "y"
0 
CS_se 4 2 4 0 0 3 1 0 1 64
1 "n"
0 
CSdomain 7 1 32767 0 0 2 1 0 1 64
1 1 
0 
CSdnoise 4 2 4 0 0 3 1 0 1 64
1 "y"
0 
CSinp 2 2 8 0 0 2 1 0 1 64
1 ""
0 
CSprofile 2 2 8 0 0 2 1 256 1 64
3 ""
""
""
0 
CSniIndex 7 1 32767 0 0 2 1 16640 1 64
1 0 
0 
CSni2Index 7 1 32767 0 0 2 1 16640 1 64
1 0 
0 
CSpars 2 2 8 0 0 2 1 256 1 64
1 ""
0 
CSprosize 7 1 32767 0 0 2 1 256 1 64
3 0 0 0 
0 
CSreconmethod 2 2 8 0 0 3 1 0 1 64
1 "CLEAN"
0 
CStype 4 2 4 0 0 2 1 0 1 64
1 "a"
0 
CSsp 7 1 32767 0 0 3 1 0 1 64
1 0 
0 
CSshowpro 4 2 4 0 0 2 1 0 1 64
1 "y"
0 
CSshape 2 2 8 0 0 2 1 0 1 64
1 "gexp"
0 
CSshowsch 4 2 4 0 0 2 1 0 1 64
1 "y"
0 
CSthr 1 1 100 1 0.1 3 1 0 1 64
1 2 
0 
CSwt 4 2 4 0 0 2 1 0 1 64
1 "n"
0 
CSwp 7 1 32767 0 0 3 1 0 1 64
1 0 
0 
fadflg 4 2 4 0 0 2 1 16384 1 64
1 "n"
0 
f1coef 2 2 8 0 0 3 1 1 1 64
1 ""
0 
ni 7 1 32767 0 0 2 1 0 1 64
1 64 
0 
reffrq1 1 1 9.99999984307e+17 -9.99999984307e+17 0 4 1 0 1 64
1 499.8381814 
0 
pipeQ3 2 2 8 0 0 3 1 0 1 64
2 "0"
"0"
0 
pipeQ1 2 2 8 0 0 3 1 0 1 64
2 "0"
"0"
0 
pipeGLB 2 2 8 0 0 3 1 0 1 64
2 "4"
"4"
0 
pipeELB 2 2 8 0 0 3 1 0 1 64
2 "0"
"0"
0 
pipeGOFF 2 2 8 0 0 3 1 0 1 64
2 "0"
"0"
0 
pipeQ2 2 2 8 0 0 3 1 0 1 64
2 "0"
"0"
0 
pipeistIter 2 2 8 0 0 3 1 0 1 64
1 "1024"
0 
pipeistCMult 2 2 8 0 0 3 1 0 1 64
1 "0.3"
0 
pipeistTMult 2 2 8 0 0 3 1 0 1 64
1 "0.7"
0 
pipeistMaxRes 2 2 8 0 0 3 1 0 1 64
1 "1"
0 
plt2Darg 2 2 8 0 0 4 1 16656 1 64
8 "both"
"20"
"1.3"
"f2"
"f1"
""
""
""
0 
sw1 1 1 5000000 1 -1.25e-08 2 1 0 1 64
1 4998.43798813 
0 
refsource1 2 2 8 0 0 4 1 0 1 64
1 "sfrq"
0 
refpos1 5 1 1000000000 -1000000000 0 3 1 0 1 64
1 0 
0 
sampling 2 2 8 0 0 2 1 0 1 64
1 "s"
0 
vpt 1 1 500 -500 0 4 1 3 1 64
1 0 
0 
vs2d 1 1 1000000000 1e-06 0 4 1 3 1 64
1 200 
0 
th2d 1 1 1 1e-18 0 4 1 17 1 64
1 0.8 
0 
vsproj 1 1 1000000000 1e-06 0 4 1 3 1 64
1 200 
0 
xdiag 1 1 1e+18 0 0 4 1 17 1 64
1 0 
0 
