gzlvlPS 1 1 9.99999984307e+17 -9.99999984307e+17 0 2 1 0 1 64
1 724 
0 
gstab 3 1 14 14 14 2 1 8192 1 64
1 0.0005 
0 
evolPS 3 1 14 14 14 2 1 8192 1 64
1 0 
0 
droppts 3 1 14 14 14 2 1 8192 1 64
1 0 
0 
gzlvlE 1 1 1000000 -1000000 1 2 1 0 1 64
1 600 
0 
gtE 3 1 14 14 14 2 1 8192 1 64
1 0.001 
0 
selpwrPS 1 1 17 17 17 2 1 8192 1 64
1 11 
0 
selbwPS 1 1 9.99999984307e+17 -9.99999984307e+17 0 2 1 8 1 64
1 100 
0 
ni 7 1 32767 0 0 2 1 0 1 64
1 1 
0 
pfla 1 1 9.99999984307e+17 -9.99999984307e+17 0 2 1 0 1 64
1 6 
0 
selpwPS 6 1 1000000 0 0.025 2 1 0 1 64
1 17000 
0 
selwavePS 2 2 8 0 0 2 1 0 1 64
1 "rsnob"
0 
selshapePS 2 2 8 0 0 2 1 0 1 64
1 "rsnob"
0 
sw1 1 1 5000000 1 -1.25e-08 2 1 0 1 64
1 62.5 
0 
tauPS 3 1 14 14 14 2 1 8200 1 64
1 0.008 
0 
