concentration 1 1 9.99e+17 -9.99e+17 0 2 1 0 1 64
1 0 
0 
sampwt 1 1 9.99999984307e+17 -9.99999984307e+17 0 2 1 0 1 64
1 0 
0 
iswt 1 1 9.99999984307e+17 -9.99999984307e+17 0 2 1 0 1 64
1 0 
0 
intstd 2 2 8 0 0 2 1 0 1 64
1 ""
0 
volume 1 1 9.99999984307e+17 -9.99999984307e+17 0 2 1 0 1 64
1 0 
0 
Qins 1 1 9.99999984307e+17 -9.99999984307e+17 0 2 1 0 1 64
1 80 
0 
Qinsref 1 1 9.99999984307e+17 -9.99999984307e+17 0 2 1 0 1 64
1 7.4912e-05 
0 
Qmult 1 1 9.99999984307e+17 -9.99999984307e+17 0 2 1 0 1 64
1 0.5 
0 
Qgain 1 1 9.99999984307e+17 -9.99999984307e+17 0 2 1 0 1 64
1 30 
0 
