BIRD 4 2 4 0 0 2 1 0 1 64
1 "y"
0
BIRDmode 4 2 4 0 0 2 1 0 1 64
1 "b"
2 "b" "h"
pw_HBIP 6 1 13 13 13 2 1 8192 1 64
1 0
0
pwr_HBIP 1 1 63 -16 0.5 2 1 0 1 64
1 0
0
shp_HBIP 2 2 8 0 0 2 1 0 1 64
1 ""
0
pw_XBIP 6 1 13 13 13 2 1 8192 1 64
1 125
0
pwr_XBIP 1 1 63 -16 0.5 2 1 0 1 64
1 58
0
shp_XBIP 2 2 8 0 0 2 1 0 1 64
1 "bip125us"
0
npoints 7 1 524288 16 2 2 1 11 1 64
1 256
0
tauA 6 1 13 13 13 2 1 8192 1 64
1 20
0
tauB 6 1 13 13 13 2 1 8192 1 64
1 10
0
tauD 6 1 13 13 13 2 1 8192 1 64
1 10
0
tBal 3 1 14 14 14 2 1 8192 1 64
1 0
0
chunkwidth 3 1 14 14 14 2 1 8202 11 64
1 0.026
0
gtcr 3 1 14 14 14 2 1 8192 1 64
1 0.0005
0
gzlvlcr 1 1 1000000 -1000000 1 2 1 0 1 64
1 250
0

