selpwx90shpR 2 2 8 0 0 2 1 0 1 64
1 "hard"
0 
selpwx90shp 2 2 8 0 0 2 1 0 1 64
1 "hard"
0 
selpwx90 6 1 1000000 0 0.025 2 1 0 1 64
1 15 
0 
selpwx180shpR 2 2 8 0 0 2 1 0 1 64
1 "hard"
0 
selpwx180 6 1 1000000 0 0.025 2 1 0 1 64
1 30.2 
0 
selfrqc 5 1 1000000000 -1000000000 0 2 1 256 1 64
1 0 
0 
selfrq1c 5 1 1000000000 -1000000000 0 2 1 256 1 64
1 0 
0 
Array 7 1 32767 0 0 2 1 0 1 64
1 0 
0 
selfrq1w 1 1 9.99999984307e+17 -9.99999984307e+17 0 2 1 256 1 64
1 10 
0 
selfrq1ppm 1 1 9.99999984307e+17 -9.99999984307e+17 0 2 1 256 1 64
1 0 
0 
selfrqw 1 1 9.99999984307e+17 -9.99999984307e+17 0 2 1 256 1 64
1 10 
0 
selfrqppm 1 1 9.99999984307e+17 -9.99999984307e+17 0 2 1 256 1 64
1 0 
0 
selpwx180shp 2 2 8 0 0 2 1 0 1 64
1 "hard"
0 
selpwxlvl90 1 1 9 9 9 2 1 8192 1 64
1 10 
0 
selpwxlvl180 1 1 9 9 9 2 1 8192 1 64
1 61 
0 
seltype 2 2 8 0 0 2 1 0 1 64
1 "invF1"
0 
shape180 2 2 8 0 0 2 1 0 1 64
1 "wurst2i"
0 
shape90 2 2 8 0 0 2 1 0 1 64
1 "G4"
0 
