hsgt 3 1 14 14 14 2 1 24576 1 64
1 0 
0 
homo 2 2 8 0 0 2 1 16392 1 64
1 "n"
2 "n" "y" 
PFGflg 4 2 4 0 0 2 1 16384 1 64
1 "n"
0 
MinSW 2 2 8 0 0 3 1 16384 1 64
1 "off"
4 "off" "auto" "manual" "skip" 
hsglvl 1 1 1000000 -1000000 1 2 1 16384 1 64
1 0 
0 
sspul 4 2 4 0 0 2 1 16384 1 64
1 "n"
0 
prcopt 4 2 4 0 0 2 1 16384 1 64
1 "y"
0 
pltopt 4 2 4 0 0 2 1 16384 1 64
1 "y"
0 
wdone 2 2 8 0 0 3 1 16384 1 64
1 ""
0 
strtpar 2 2 8 0 0 2 1 16384 1 64
1 ""
0 
wbs 2 2 6 0 0 3 1 16387 1 64
1 ""
0 
wexp 2 2 6 0 0 3 1 16387 1 64
1 ""
0 
werr 2 2 6 0 0 3 1 16387 1 64
1 ""
0 
wnt 2 2 6 0 0 3 1 16387 1 64
1 ""
0 
