stepgt1 3 1 14 14 14 2 1 24576 1 64
1 0.001 
0 
stepZpat2 2 2 8 0 0 2 1 0 1 64
1 "TOCSY1D_zqf2"
0 
stepZglvl1 1 1 1000000 -1000000 1 2 1 0 1 64
1 2497 
0 
stepGlvl2 1 1 1000000 -1000000 1 2 1 0 1 64
1 3827 
0 
STEP 4 2 4 0 0 2 1 16384 1 64
1 "y"
0 
Gzqfilt 4 2 4 0 0 2 1 0 1 64
1 "n"
0 
stepGlvl1 1 1 1000000 -1000000 1 2 1 0 1 64
1 3827 
0 
stepGlvl3 1 1 1000000 -1000000 1 2 1 0 1 64
1 3827 
0 
stepZglvl2 1 1 1000000 -1000000 1 2 1 0 1 64
1 3995 
0 
stepZpat1 2 2 8 0 0 2 1 0 1 64
1 "TOCSY1D_zqf1"
0 
stepdm 4 2 4 0 0 2 1 16384 1 64
1 "n"
0 
stepZpw2 6 1 1000000 0 0.025 2 1 0 1 64
1 40000 
0 
stepZpw1 6 1 1000000 0 0.025 2 1 0 1 64
1 30000 
0 
stepZpwr2 1 1 17 17 17 2 1 8192 1 64
1 30 
0 
stepZpwr1 1 1 17 17 17 2 1 8192 1 64
1 31 
0 
stepgstab 3 1 14 14 14 2 1 24576 1 64
1 0.0005 
0 
steppat 2 2 8 0 0 2 1 0 1 64
1 "dipsi2"
0 
stepgt3 3 1 14 14 14 2 1 24576 1 64
1 0.0015 
0 
stepgt2 3 1 14 14 14 2 1 24576 1 64
1 0.0015 
0 
stepmix 3 1 14 14 14 2 1 8192 1 64
1 0.08 
0 
steppwr 1 1 17 17 17 2 1 8192 1 64
1 0 
0 
stepppm 1 1 9.99999984307e+17 -9.99999984307e+17 0 2 1 256 1 64
1 0 
0 
steppw 6 1 1000000 0 0.025 2 1 0 1 64
1 5000 
0 
stepslpwr 1 1 17 17 17 2 1 8192 1 64
1 30 
0 
stepshape 2 2 8 0 0 2 1 0 1 64
1 "q3"
0 
stepslpw 6 1 13 13 13 2 1 8192 1 64
1 50 
0 
stepspinlock 1 1 20000 10 1 2 1 0 1 64
1 6000 
0 
stepwave 2 2 8 0 0 2 1 256 1 64
1 "q3"
0 
stepwidth 1 1 9.99999984307e+17 -9.99999984307e+17 0 2 1 256 1 64
1 10 
0 
