samplename 2 2 8 0 0 2 1 9 1 64
1 ""
0 
studyowner 2 2 8 0 0 2 1 0 1 64
1 ""
0
studypath 2 2 8 0 0 2 1 0 1 64
1 ""
0
operator_ 2 2 8 0 0 2 1 0 1 64
1 ""
0
loc_ 7 1 32767 0 0 2 1 0 1 64
1 0 
0 
notebook 2 2 8 0 0 2 1 0 1 64
1 ""
0 
lot 2 2 8 0 0 2 1 0 1 64
1 ""
0
page 2 2 8 0 0 2 1 0 1 64
1 ""
0 
studystatus 2 2 8 0 0 2 1 0 1 64
1 ""
0 
solvent 2 2 8 0 0 2 1 0 1 64
1 ""
0
studyid_ 2 2 8 0 0 2 1 0 1 64
1 ""
0 
vrack_ 7 1 32767 0 0 2 1 0 1 64
1 0 
0 
vloc_ 2 2 8 0 0 2 1 0 1 64
1 ""
0 
vzone_ 7 1 32767 0 0 2 1 0 1 64
1 0 
0 
locdir 2 2 8 0 0 2 1 0 1 64
1 ""
0
