wggh2 1 1 9.99999984307e+17 -9.99999984307e+17 0 2 1 0 1 64
1 100 
0 
gtwg 3 1 14 14 14 2 1 8192 1 64
1 0.001 
0 
gstabwg 3 1 14 14 14 2 1 8192 1 64
1 0.0005 
0 
flag3919 4 2 4 0 0 2 1 0 1 64
1 "n"
0 
flagW5 4 2 4 0 0 2 1 0 1 64
1 "n"
0
phincr1 1 1 9.99999984307e+17 -9.99999984307e+17 0 2 1 0 1 64
1 0 
0 
gzlvlwg 1 1 9.99999984307e+17 -9.99999984307e+17 0 2 1 0 1 64
1 9569 
0 
WGmode 4 2 4 0 0 2 1 0 1 64
1 "n"
0 
phincr2 1 1 9.99999984307e+17 -9.99999984307e+17 0 2 1 0 1 64
1 0 
0 
wgspw 6 1 1000000 0 0.025 2 1 0 1 64
1 2500
0
wgpw180 6 1 13 13 13 2 1 8192 1 64
1 11.4 
0 
wgsshape 2 2 8 0 0 2 1 0 1 64
1 "Wg_supp"
0 
wgspwr 1 1 63 -16 0.5 2 1 0 1 64
1 2
0
wgspwrf 7 1 4095 0 1 2 1 0 1 64
1 2048
0
wgtau 3 1 14 14 14 2 1 8192 1 64
1 0.0002 
0 
flippwr 7 1 63 -16 0.5 2 1 0 1 64
1 10
0
flipback 4 2 4 0 0 2 1 0 1 64
1 "n"
0
flippw 6 1 13 13 13 2 1 8192 1 64
1 5000
0
flippwrf 7 1 4095 0 1 2 1 0 1 64
1 2048
0
flipshape 2 2 8 0 0 2 1 0 1 64
1 "W_flip"
0
prgtime 3 1 0.05 0 1.25e-08 2 1 0 1 64
1 0.002
0
prgpwr 7 1 63 -16 0.5 2 1 0 1 64
1 46
0
prg_flg 4 2 4 0 0 2 1 0 1 64
1 "n"
0
WGpwrcalflg 4 2 4 0 0 2 1 0 1 64
1 "y"
0
WG180calflg 4 2 4 0 0 2 1 0 1 64
1 "n"
0
alt_grd 4 2 4 0 0 2 1 0 1 64
1 "n"
0
lkgate_flg 4 2 4 0 0 2 1 0 1 64
1 "n"
0
