tauz2 3 1 14 14 14 2 1 24576 1 64
1 0 
0 
tauz1 3 1 14 14 14 2 1 24576 1 64
1 0.0015 
0 
gzlvlzq3 1 1 1000000 -1000000 1 2 1 0 1 64
1 0 
0 
gzlvlzq1 1 1 1000000 -1000000 1 2 1 0 1 64
1 2497 
0 
Gzqfilt 4 2 4 0 0 2 1 0 1 64
1 "n"
0 
gzlvlzq2 1 1 1000000 -1000000 1 2 1 0 1 64
1 3995 
0 
tauz4 3 1 14 14 14 2 1 24576 1 64
1 0.0126 
0 
tauz3 3 1 14 14 14 2 1 24576 1 64
1 0.0111 
0 
zqfilt 4 2 4 0 0 2 1 0 1 64
1 "n"
0 
zqfpw1 6 1 1000000 0 0.025 2 1 0 1 64
1 30000 
0 
zqfpat2 2 2 8 0 0 2 1 0 1 64
1 "TOCSY1D_zqf2"
0 
zqfpat1 2 2 8 0 0 2 1 0 1 64
1 "TOCSY1D_zqf1"
0 
zqfpat3 2 2 8 0 0 2 1 0 1 64
1 "TOCSY1D_zqf3"
0 
zqfpw3 6 1 1000000 0 0.025 2 1 0 1 64
1 50000 
0 
zqfpw2 6 1 1000000 0 0.025 2 1 0 1 64
1 40000 
0 
zqfpwr2 1 1 17 17 17 2 1 8192 1 64
1 30 
0 
zqfpwr1 1 1 17 17 17 2 1 8192 1 64
1 31 
0 
zqfpwr3 1 1 17 17 17 2 1 8192 1 64
1 31 
0 
