ACQtime 7 1 100000000 0 1 2 1 256 1 64
1 3 
0 
at 1 1 14 14 14 2 1 8203 1 64
1 1.3002688 
0 
d1 3 1 14 14 14 2 1 8194 1 64
1 0.8 
0 
disCmd 2 2 8 0 0 2 1 0 1 64
1 "dps"
0 
gain 1 1 60 0 2 2 1 0 1 64
1 40 
0 
method 2 2 6 0 0 2 1 3 1 64
1 "autolineshape_fid_final"
0 
np 7 1 524288 32 2 2 1 11 1 64
1 2812 
0 
pw 6 1 13 13 13 2 1 8194 1 64
1 5.99822222222 
0 
time_saved 2 2 8 0 0 4 1 0 1 64
1 "20110420T102457"
0 
tpwr 1 1 17 17 17 2 1 8194 1 64
1 28 
0 
wshim 4 2 4 0 0 2 1 1 1 64
1 "s"
15 "e" "f" "g" "n" "s" "0" "1" "2" "3" "4" "5" "6" "7" "8" "9" 
fn 7 1 524288 64 -2 3 1 1 1 64
1 131072 
0 
Gmap 2 2 8 0 0 2 1 1 1 64
1 "lk"
0 
Gmapname 2 2 8 0 0 2 1 1 1 64
1 ""
0 
REQexp 2 2 8 0 0 4 1 256 1 64
1 ""
0 
