execplot 2 2 8 0 0 3 1 16384 1 64
1 "plot_dosy2D"
0
execprocess 2 2 8 0 0 3 1 16384 1 64
1 "process_dosy2D"
0
r1 1 1 1e+18 -1e+18 0 4 1 1 1 64
1 37.4347839355 
0 
gfs1 1 1 1000 -1000 0.001 3 1 1 0 64
1 0 
0 
dg1 2 2 1023 0 0 4 1 6 1 64
1 "1:DISPLAY:sp:1,wp:1,vs:0;1:REFERENCE:rfl:1,rfp:1,cr:1,delta:1;1:PHASE:lp:1,rp:1,rp1(ni):1,lp1(ni):1;2:CHART:sc:0,wc:0,hzmm:2,vp:0,axis,pltmod,,th:0,,ho:2,vo:2,,trace:2;3(ni):2D:sp1:1,wp1:1,sc2:0,wc2:0,rfl1:1,rfp1:1;3:FLAGS:aig*,dcg*,dmg*;3:FID:sf:3,wf:3,vf:0;4:INTEGRAL:intmod,is:2,ins:3,io:0,,lvl:3,tlt:3;"
0 
bs 7 1 32767 0 1 2 1 0 1 64
1 32 
0 
aig 2 2 2 0 0 4 1 1 1 64
1 "ai"
2 "nm" "ai" 
Gmap 2 2 8 0 0 2 1 1 1 64
1 "lk"
0 
Archive2 2 2 8 0 0 2 1 0 1 64
1 ""
0 
Archive1 2 2 8 0 0 2 1 0 1 64
1 ""
0 
ACQtime 7 1 100000000 0 1 2 1 256 1 64
1 374.497498 
0 
DAC_to_G 1 1 9.99999984307e+17 -9.99999984307e+17 0 2 1 0 1 64
1 0.00215 
0 
CARBONnt 7 1 32767 0 0 3 1 1 1 64
1 0 
0 
EDratio 1 1 9.99999984307e+17 -9.99999984307e+17 0 2 1 0 1 64
1 1 
0 
DG 2 2 1023 0 0 4 1 6 1 64
1 "1:ACQUISITION:sfrq:3,tn,at:3,np:0,sw:1,fb:0,bs:0,ss:0,tpwr(tpwr):0,tpwrf(tpwrf):0,pw:1,p1:1,d1:3,d2:3,tof:1,nt:0,ct:0;2:SAMPLE:solvent,file;2:DECOUPLING:dn,dof:1,dm,dmm,dpwr(dpwr):0,dmf:0;2:GRADIENTS:gzlvl1:0,gt1:4,led:4;3:PROCESSING:cf(nf):0,lb:2,sb:3,sbs(sb):3,gf:3,gfs(gf):3,awc:3,lsfid:0,phfid:1,wtfile,proc,fn:0,math;4(ni):2D PROCESSING:lb1:2,sb1:3,sbs1(sb1):3,gf1:3,gfs1(gf1):3,awc1:3,wtfile1,proc1,fn1:0;4:FLAGS:il,in,dp,hs;4:SPECIAL:temp:1,gain:0,pp:1,pplvl:0,j1xh:1,mult:0,satflag,gzlvl0:0,gt0:4;"
0 
acqcycles 1 1 9.99999984307e+17 -9.99999984307e+17 0 2 1 0 1 64
1 15 
0 
MinSW 2 2 8 0 0 3 1 0 1 64
1 "off"
3 "off" "auto" "manual" 
Hprescan 2 2 8 0 0 3 1 0 1 64
6 "off"
"auto"
"off"
""
"Complete"
"Complete"
0 
Gmapname 2 2 8 0 0 2 1 1 1 64
1 ""
0 
J 3 1 14 14 14 2 1 8192 1 64
1 8 
0 
REQexp 2 2 8 0 0 4 1 256 1 64
2 ""
"ignore"
0 
PROTONnt 7 1 32767 0 0 3 1 1 1 64
1 0 
0 
actionid 2 2 8 0 0 4 1 0 1 64
1 "null"
0 
acqpath 2 2 8 0 0 2 1 0 1 64
1 ""
0 
acqdim 7 1 32767 0 0 2 1 0 1 64
1 1 
0 
acqstatus 7 1 32767 0 0 2 1 0 1 64
2 101 0 
0 
adir2tmplt 2 2 8 0 0 2 1 0 1 64
1 ""
0 
adirtmplt 2 2 8 0 0 2 1 0 1 64
1 "/home/vnmr1/vnmrsys/data"
0 
archivedir 2 2 8 0 0 2 1 0 1 64
1 ""
0 
alt_grd 4 2 4 0 0 2 1 0 1 64
1 "n"
0 
alock 2 2 8 0 0 2 1 0 1 64
1 "n"
5 "a" "n" "s" "u" "y" 
alfa 6 1 8190 0 0.4 2 1 16386 1 64
1 6.4 
0 
alpha 1 1 1 0 0.0001 2 1 0 1 64
1 0.2 
0 
ap 2 2 1023 0 0 4 1 6 1 64
1 "1:SAMPLE:date,solvent,file;1:ACQUISITION:sfrq:3,tn:2,at:3,np:0,sw:1,fb:0,bs(bs):0,ss(ss):0,tpwr(tpwr):0,tpwrf(tpwrf):0,pw:1,p1(p1):1,d1:3,d2(d2):3,tof:1,nt:0,ct:0,gain:0;1:DOSY:delflag,gzlvl1:0,gt1:6,gstab:6,del:6,prg_flg,prgtime:4,prgpwr:0,gzlvlhs:0,hsgt:6,satmode,satfrq:1,satpwr:0,satdly:3,dosyfrq:4,dosytimecubed:15,DAC_to_G:7,d3:6,ex_max:1,gt2:6,gzlvl2:0;2:FLAGS:il,in,dp,lkgate_flg,alt_grd,sspul;2:DEC. & VT:dn:2,dof:1,dm,dmm,dmf,dpwr(dpwr):0,dpwrf(dpwrf):0,dhp(dhp):0,dlp(dlp):0,temp(temp):1;2:PROCESSING:cf(nf):0,lb(lb):2,sb(sb):3,sbs(sb):3,gf(gf):3,gfs(gf):3,awc(awc):3,lsfid(lsfid):0,phfid(phfid):1,wtfile,proc,fn:0,fn2D:0,math,fn1:0;2:DISPLAY:sp:1,wp:1,vs:0,sc:0,wc:0,hzmm:2,is:2,rfl:1,rfp:1,th:0,ins:3,aig*,dcg*,dmg*;"
0 
ampmode 4 2 4 0 0 2 1 0 1 64
1 "dddp"
0 
apptype 2 2 8 0 0 2 1 1 1 64
1 "dosy2D"
0 
at 1 1 14 14 14 2 1 8203 1 64
1 2.0000448 
0 
arraydim 7 1 32768 1 1 2 1 5 1 64
1 15 
0 
array 2 2 256 0 0 2 1 1 1 64
1 "gzlvl1"
0 
arrayelemts 1 1 9.99999984307e+17 -9.99999984307e+17 0 2 1 0 1 64
1 1 
0 
awc1 1 1 1 -1 0.001 3 1 1 0 64
1 0 
0 
awc 1 1 1 -1 0.001 3 1 1 0 64
1 0 
0 
axis 4 2 4 0 0 4 1 0 1 64
1 "pD"
12 "c" "d" "1" "2" "3" "h" "k" "m" "n" "p" "u" "D" 
axisf 4 2 4 0 0 4 1 0 1 64
1 "s"
4 "m" "n" "s" "u" 
date 2 2 9 0 0 2 1 1 1 64
1 "Jul 12 2005"
0 
cp 2 2 1 0 0 2 1 0 1 64
1 "y"
2 "y" "n" 
cf 7 1 32767 0 1 3 1 1 0 64
1 1 
0 
c180 2 2 8 0 0 2 1 0 1 64
1 "n"
0 
c13wet 4 2 4 0 0 2 1 0 1 64
1 ""
0 
celem 1 1 9.99999984307e+17 -9.99999984307e+17 0 2 1 0 1 64
1 0 
0 
composit 4 2 4 0 0 2 1 0 1 64
1 "n"
2 "y" "n" 
comment 2 2 8 0 0 3 1 0 1 64
1 ""
0 
compH 1 1 9.99999984307e+17 -9.99999984307e+17 0 2 1 0 1 64
1 1.03 
0 
console 2 2 8 0 0 2 1 0 1 64
1 "inova"
0 
compshape 2 2 8 0 0 2 1 0 1 64
1 ""
0 
convcomp 4 2 4 0 0 2 1 0 1 64
1 "n"
0 
customflag 4 2 4 0 0 4 1 0 1 64
1 "n"
0 
cr1 1 1 1000000000 -1000000000 0 4 1 3 1 64
1 7.07871817126 
0 
cr 1 1 1000000000 -1000000000 0 4 1 1 1 64
1 5005.34010117 
0 
cppauseflg 4 2 4 0 0 4 1 0 1 64
1 "n"
0 
ct 7 1 1000000000 0 1 2 1 6 1 64
1 0 
0 
crf 1 1 9.99999984307e+17 -9.99999984307e+17 0 4 1 0 1 64
1 0 
0 
d2 3 1 14 14 14 2 1 8194 1 64
1 0 
0 
d1 3 1 14 14 14 2 1 8194 1 64
1 2 
0 
cutoff 1 1 9.99999984307e+17 -9.99999984307e+17 0 4 1 0 0 64
1 200 
0 
dataProcessed 1 1 9.99999984307e+17 -9.99999984307e+17 0 3 1 0 1 64
1 0 
0 
d3 3 1 14 14 14 2 1 8192 1 64
1 0.0001851875 
0 
dataid 2 2 8 0 0 2 1 0 1 64
1 ""
0 
del 3 1 14 14 14 2 1 8192 1 64
1 0.1 
0 
dec2wave 2 2 8 0 0 2 1 0 1 64
1 "g"
0 
dcrmv 4 2 9.99999984307e+17 -9.99999984307e+17 0 4 1 0 1 64
1 "n"
2 "y" "n" 
dbwwet 1 1 9.99999984307e+17 -9.99999984307e+17 0 2 1 0 1 64
1 5000 
0 
datname 2 2 8 0 0 3 1 0 1 64
1 ""
0 
dcg 2 2 3 0 0 4 1 1 1 64
1 "cdc"
2 "dc" "cdc" 
ddrpm 2 2 8 0 0 2 1 16384 1 64
1 "e"
0 
ddrtc 6 1 1000 0 0.4 2 1 0 1 64
1 30.4 
0 
decwave 2 2 8 0 0 2 1 0 1 64
1 "W40_HCN5mm"
0 
dec3wave 2 2 8 0 0 2 1 0 1 64
1 "g"
0 
decsat 3 1 14 14 14 2 1 8192 1 64
1 0.0487 
0 
decwavewet 2 2 8 0 0 2 1 0 1 64
1 "w"
0 
deltaf 1 1 100 0 0 4 1 0 1 64
1 0 
0 
delta 1 1 2000000 0 0 4 1 1 1 64
1 5380.37750834 
0 
delflag 4 2 4 0 0 2 1 0 1 64
1 "y"
0 
del2 3 1 10 -10 1.25e-08 2 1 0 1 64
1 0 
0 
delta1 1 1 2000000 0 0 4 1 3 1 64
1 6.22469533242 
0 
dfrq2 1 1 1000000000 0 0 2 1 9 1 64
1 0 
0 
dfrq 5 1 1000000000 -1000000000 0 2 1 8 1 64
1 125.6914727 
0 
dg 2 2 1023 0 0 4 1 6 1 64
1 "1:ACQUISITION:sfrq:3,tn,at:3,np:0,sw:1,fb:0,bs:0,ss:0,tpwr(tpwr):0,tpwrf(tpwrf):0,pw:1,d1:3,d2:3,tof:1,nt:0,ct:0,prgtime:4,prgpwr:0;2:SAMPLE:solvent,file;2:DECOUPLING:dn,dof:1,dm,dmm,dpwr(dpwr):0,homo;2:DOSY:delflag,gzlvl1:0,gt1:4,gstab:4,del:4;3:SPECIAL:temp:1,gain:0,calibflag,dosyfrq:4,dosytimecubed:15,DAC_to_G:7,d3:6,ex_max:1,gt2:6,gzlvl2:0,satfrq:1,satpwr:0,satdly:3;4:PROCESSING:cf(nf):0,lb:2,sb:3,sbs(sb):3,gf:3,gfs(gf):3,proc,fn:0,fn2D:0,fn1:0,math;4:FLAGS:il,in,dp,lkgate_flg,alt_grd,satmode,prg_flg;"
0 
dfrq3 1 1 1000000000 0 0 2 1 9 1 64
1 0 
0 
dpwr 7 1 9 9 9 2 1 8194 1 64
1 43 
0 
dn3 2 2 8 0 0 2 1 8 1 64
1 ""
0 
dmg1 2 2 8 0 0 4 1 0 1 64
1 ""
4 "" "av1" "ph1" "pwr1" 
dlp 7 1 10 10 10 2 1 8194 0 64
1 10 
0 
dgss 2 2 8 0 0 4 1 6 1 64
1 "1:WET:wet,wetshape,wetpwr,pwwet:3,composit,compshape,gzlvlw,gtw:6,gswet:6,dz:6;2:C13 WET:c13wet,dofwet:1,dpwrwet,dmfwet,decwavewet;4:PRESAT:satmode,satpwr,satdly:3,satfrq:1;"
0 
dgs 2 2 1023 0 0 4 1 6 1 64
5 "1:AXIAL SHIMS:z1:0,z2:0,z3:0,z4:0,z5:0,z6:0,z7:0;"
"2:NON AXIAL SHIMS:x1:0,y1:0,xz:0,yz:0,xy:0,x2y2:0,x3:0,y3:0,xz2:0,yz2:0,zxy:0,zx2y2:0,z3x:0,z3y:0,z2x2y2:0,z2xy:0;"
"3:NON AXIAL SHIMS:zx3:0,zy3:0,x4:0,y4:0,z4x:0,z4y:0,z3x2y2:0,z3xy:0,z2x3:0,z2y3:0,z3x3:0,z3y3:0,z4x2y2:0,z4xy:0,z5x:0,z5y:0;"
"4:AUTOMATION:method,wshim,load,,spin:0,gain:0,alock,loc:0;"
"4:SPECIAL:temp;"
0 
dg2 2 2 8 0 0 4 1 4 1 64
6 "1:1st DECOUPLING:dfrq:3,dn,dpwr:0,dof:1,dm,dmm,dmf:0,dseq,dres:1,homo;"
"2(numrfch>2):2nd DECOUPLING:dfrq2:3,dn2,dpwr2:0,dof2:1,dm2,dmm2,dmf2:0,dseq2,dres2:1,homo2;"
"2(numrfch>3):3rd DECOUPLING:dfrq3:3,dn3,dpwr3:0,dof3:1,dseq3,dres3:1,homo3;"
"3(ni2):3D ACQUISITION:d3:3,sw2:1,ni2:0,phase2:0;"
"3(ni2):3D DISPLAY:rp2:1,lp2:1;"
"4(ni2):3D PROCESSING:lb2:3,sb2:3,sbs2(sb2):3,gf2:3,gfs2(gf2):3,awc2:3,wtfile2,proc2,fn2:0;"
0 
dglp 2 2 8 0 0 4 1 7 1 64
1 "1(lpfilt):LP:lpalg,lpopt,lpfilt:0,lpnupts:0,strtlp:0,lpext:0,strtext:0;2(lpfilt1):LP 1:lpalg1,lpopt1,lpfilt1:0,lpnupts1:0,strtlp1:0,lpext1:0,strtext1:0;3(lpfilt2):LP 2:lpalg2,lpopt2,lpfilt2:0,lpnupts2:0,strtlp2:0,lpext2:0,strtext2:0;4:LP OUTPUT:lpprint(lpfilt):0,lptrace(lpfilt):0,lpprint1(lpfilt1):0,lptrace1(lpfilt1):0,lpprint2(lpfilt2):0,lptrace2(lpfilt2):0;"
0 
dgs2 2 2 8 0 0 4 1 0 1 64
1 "1:DEFAULT SCANS:PROTONnt,CARBONnt,PHOSPHORUSnt,FLUORINEnt;2:SPECIAL:explist,macro,PFGflg;"
0 
dhp 1 1 9 9 9 2 1 8192 0 64
1 40 
0 
dgssm 2 2 8 0 0 4 1 6 1 64
1 "1:WET:wet,gzlvlw,gtw:6,gswet:6,dz:6;1:C13 WET:c13wet,dofwet:1,dpwrwet,dmfwet;2:WETshapes:wetshape1,wetshape2,wetshape3,wetshape4;3:WETpowers:wetpwr1,wetpwr2,wetpwr3,wetpwr4;3:WETpulses:pwwet1:3,pwwet2:3,pwwet3:3,pwwet4:3;4:PRESAT:satmode,satpwr,satdly:3,satfrq:1;"
0 
dgwet 2 2 8 0 0 4 1 0 1 64
1 "1:WET:wet,wetshape,wetpwr,pwwet:1,composit,compshape,gzlvlw,gtw:6,gswet:6,dz:6;2:C13 WET:c13wet,dofwet:1,dpwrwet,dmmwet,dmfwet,decwavewet;"
0 
displaymode 4 2 9.99999984307e+17 -9.99999984307e+17 0 4 1 0 1 64
1 "r"
0 
disCmd 2 2 8 0 0 4 1 0 1 64
1 ""
0 
dmf 7 1 11 11 11 2 1 8194 1 64
1 32258 
0 
dm2 4 2 4 0 0 2 1 0 1 64
1 "n"
4 "a" "n" "s" "y" 
dm 4 2 4 0 0 2 1 0 1 64
1 "nnn"
4 "a" "n" "s" "y" 
dm3 4 2 4 0 0 2 1 0 1 64
1 "n"
4 "a" "n" "s" "y" 
dmf3 7 1 2000000 1 0 2 1 2 1 64
1 200 
0 
dmf2 7 1 2000000 1 0 2 1 2 1 64
1 200 
0 
dmg 2 2 2 0 0 4 1 3 1 64
1 "ph"
0 
dmfwet 1 1 9.99999984307e+17 -9.99999984307e+17 0 2 1 0 1 64
1 0 
0 
dn 2 2 4 0 0 2 1 8 1 64
1 "C13"
0 
dmm2 4 2 4 0 0 2 1 0 1 64
1 "c"
9 "c" "f" "g" "m" "p" "r" "u" "w" "x" 
dmm 4 2 4 0 0 2 1 0 1 64
1 "c"
9 "c" "f" "g" "m" "p" "r" "u" "w" "x" 
dmmwet 2 2 8 0 0 2 1 0 1 64
1 ""
0 
dmm3 4 2 4 0 0 2 1 0 1 64
1 "c"
9 "c" "f" "g" "m" "p" "r" "u" "w" "x" 
dmwet 2 2 8 0 0 2 1 0 1 64
1 ""
0 
dn2ref 2 2 8 0 0 4 1 1 1 64
1 ""
0 
dn2 2 2 8 0 0 2 1 8 1 64
1 ""
0 
dn2shapes 2 2 8 0 0 2 1 256 1 64
3 ""
""
""
0 
dof3 5 1 20 20 20 2 1 8202 1 64
1 0 
0 
dnshapes 2 2 8 0 0 2 1 256 1 64
3 ""
""
""
0 
dn4ref 2 2 8 0 0 4 1 1 1 64
1 ""
0 
dn3shapes 2 2 8 0 0 2 1 256 1 64
3 ""
""
""
0 
dn3ref 2 2 8 0 0 4 1 1 1 64
1 ""
0 
dnref 2 2 8 0 0 4 1 1 1 64
1 "Me4Si, 1% in CDCl3"
0 
dof 5 1 8 8 8 2 1 8202 1 64
1 0 
0 
dod 3 1 14 14 14 2 1 8194 1 64
1 0.00999999977648 
0 
dof2 5 1 16 16 16 2 1 8202 1 64
1 0 
0 
dosyfrq 1 1 9.99999984307e+17 -9.99999984307e+17 0 2 1 0 1 64
1 599.715 
0 
dosy_autoincr 4 2 4 0 0 3 1 0 1 64
1 "n"
0 
dofwet 1 1 9.99999984307e+17 -9.99999984307e+17 0 2 1 0 1 64
1 0 
0 
dofalt 5 1 1000000000 -1000000000 0 2 1 0 1 64
1 -763.8 
0 
doscout 7 1 10 -10 1 2 1 0 1 64
1 0 
0 
dosy_peakmult 1 1 10000 0.5 0.001 3 1 0 1 64
1 10 
0 
dosy_peaknum 7 1 1000 1 1 3 1 0 1 64
1 1 
0 
dotflag 2 2 8 0 0 4 1 0 1 64
1 "n"
2 "n" "y" 
dosytimecubed 1 1 9.99999984307e+17 -9.99999984307e+17 0 2 1 0 1 64
1 3.946773e-07 
0 
dosygamma 1 1 9.99999984307e+17 -9.99999984307e+17 0 2 1 0 1 64
1 267519003.489 
0 
dp 2 2 1 0 0 2 1 0 1 64
1 "y"
2 "y" "n" 
dpatwet 2 2 8 0 0 2 1 0 1 64
1 "waltz16"
0 
f2SW 2 2 8 0 0 2 1 1 1 64
1 ""
0 
dseq3 2 2 8 0 0 2 1 0 1 64
1 ""
0 
dres3 7 1 360 1 0 2 1 0 1 64
1 1 
0 
dpwrwet 1 1 9.99999984307e+17 -9.99999984307e+17 0 2 1 0 1 64
1 0 
0 
dpwr3 7 1 21 21 21 2 1 8194 1 64
1 1 
0 
dpwr2 7 1 18 18 18 2 1 8194 1 64
1 1 
0 
dpwrf 7 1 4095 0 1 2 1 2 0 64
1 4095 
0 
dres 7 1 360 1 0 2 1 0 1 64
1 9 
0 
dqdelay 3 1 14 14 14 2 1 8192 1 64
1 19.99999905 
0 
dres2 7 1 360 1 0 2 1 0 1 64
1 1 
0 
dseq 2 2 8 0 0 2 1 0 1 64
1 "W40_AutoX_8170"
0 
dreswet 1 1 9.99999984307e+17 -9.99999984307e+17 0 2 1 0 1 64
1 0 
0 
dseq2 2 2 8 0 0 2 1 0 1 64
1 ""
0 
emessage 4 2 4 0 0 2 1 0 1 64
1 "n"
0 
dz 3 1 14 14 14 2 1 8192 1 64
1 0 
0 
dseqwet 2 2 8 0 0 2 1 0 1 64
1 ""
0 
email_ 2 2 8 0 0 2 1 0 1 64
1 ""
0 
edit 4 2 4 0 0 2 1 0 1 64
1 "n"
0 
emailaddr 2 2 8 0 0 4 1 0 1 64
1 ""
0 
exppath 2 2 8 0 0 2 1 0 1 64
1 "/export/home/vnmr1/vnmrsys/exp4/acqfil"
0 
explist 2 2 8 0 0 2 1 256 1 64
1 ""
0 
ex_max 1 1 9.99999984307e+17 -9.99999984307e+17 0 2 1 0 1 64
1 2700 
0 
f1SW 2 2 8 0 0 2 1 1 1 64
1 ""
0 
f1180 4 2 4 0 0 2 1 0 1 64
1 "n"
0 
f1coef 2 2 8 0 0 3 1 1 1 64
1 ""
0 
fpmult 1 1 1000000000 0 0 3 1 0 1 64
1 0.5 
0 
filter 7 1 1000000000 0 1 2 1 2 1 64
1 54.0999984741 
0 
fidid 2 2 8 0 0 2 1 0 1 64
1 ""
0 
fb 7 1 6 6 6 2 1 8203 1 64
1 4000 
0 
fad 4 2 4 0 0 2 1 0 1 64
1 "y"
0 
file 2 2 6 0 0 2 1 3 1 64
1 "/home/vnmr1/vnmrsys/DOSY_3.0_test/parlib/Dbppste_wg.par"
0 
fn 7 1 524288 64 -2 3 1 1 1 64
1 131072 
0 
filtfile 2 2 8 0 0 2 1 0 1 64
1 ""
0 
fn1 7 1 524288 64 -2 3 1 1 1 64
1 512 
0 
gain 1 1 60 0 2 2 1 0 1 64
1 20 
0 
ftproc 1 1 9.99999984307e+17 -9.99999984307e+17 0 3 1 256 1 64
2 1 0 
0 
fpmult1 1 1 1000000000 0 0 3 2 0 0 64
1 0.5 
0 
fzoom 7 1 32767 0 0 4 1 0 1 64
1 0 
0 
gf1 1 1 100000 0 0 3 1 1 0 64
1 1 
0 
gf 1 1 100000 0 0 3 1 1 0 64
1 0.10000000149 
0 
gfs 1 1 1000 -1000 0.001 3 1 1 0 64
1 0 
0 
lp1 1 1 3600 -3600 0.1 4 1 3 1 64
1 0 
0 
il 2 2 1 0 0 2 1 0 1 64
1 "n"
2 "y" "n" 
gzlvl1_max 7 1 32767 -32767 1 2 1 0 1 64
1 25000 
0 
gt7 3 1 14 14 14 2 1 8192 1 64
1 0.001 
0 
gt1 3 1 0.01 0 1e-06 2 1 0 1 64
1 0.002 
0 
gstab 3 1 14 14 14 2 1 8192 1 64
1 0.0003 
0 
grec 3 1 14 14 14 2 1 8192 1 64
1 0.0002 
0 
gmapspin 2 2 8 0 0 2 1 0 1 64
1 "n"
2 "n" "y" 
grise 3 1 14 14 14 2 1 8192 1 64
1 0.002 
0 
gswet 1 1 9.99999984307e+17 -9.99999984307e+17 0 2 1 0 1 64
1 0 
0 
gstab2 3 1 14 14 14 2 1 8192 1 64
1 0.0005 
0 
gt0 3 1 0.01 0 1e-06 2 1 0 1 64
1 0.002 
0 
gt3 3 1 0.01 0 1e-06 2 1 0 1 64
1 0.0005 
0 
gt2 3 1 0.01 0 1e-06 2 1 0 1 64
1 0.001 
0 
gt5 3 1 0.01 0 1e-06 2 1 0 1 64
1 0.001 
0 
gt4 3 1 0.01 0 1e-06 2 1 0 1 64
1 0.005 
0 
gt6 3 1 14 14 14 2 1 8192 1 64
1 0.001 
0 
gths 3 1 14 14 14 2 1 8192 1 64
1 0.001 
0 
gtD 3 1 14 14 14 2 1 8192 1 64
1 0 
0 
gt9 3 1 14 14 14 2 1 8192 1 64
1 0.001 
0 
gt8 3 1 14 14 14 2 1 8192 1 64
1 0.001 
0 
gtE 3 1 14 14 14 2 1 8192 1 64
1 0 
0 
gtw 3 1 14 14 14 2 1 8192 1 64
1 0 
0 
gtr2 3 1 14 14 14 2 1 8192 1 64
1 0 
0 
gtr1 3 1 14 14 14 2 1 8192 1 64
1 0 
0 
gzlvl1 7 1 32767 0 0 2 1 0 1 64
15 1000 7499 10558 12911 14898 16649 18232 19689 21045 22318 23523 24669 25765 26815 27826 
0 
gz_alt 2 2 8 0 0 2 1 0 1 64
1 "n"
0 
gxppars 2 2 8 0 0 2 1 0 1 64
1 ""
0 
gzlvl0 7 1 32767 -32767 1 2 1 0 1 64
1 7500 
0 
gzlvl1_inc 7 1 32767 -32767 1 2 1 0 1 64
1 15 
0 
homo 2 2 8 0 0 2 1 8 1 64
1 "n"
2 "n" "y" 
gzlvl8 1 1 1000000 -1000000 1 2 1 0 1 64
1 3568 
0 
gzlvl5 1 1 1000000 -1000000 1 2 1 0 1 64
1 2230 
0 
gzlvl3 7 1 32767 -32767 1 2 1 0 1 64
1 5035 
0 
gzlvl2 7 1 32767 -32767 1 2 1 0 1 64
1 6756 
0 
gzlvl1_min 7 1 32767 -32767 1 2 1 0 1 64
1 1000 
0 
gzlvl4 1 1 32767 -32767 1 2 1 0 1 64
1 14 
0 
gzlvl7 1 1 1000000 -1000000 1 2 1 0 1 64
1 3122 
0 
gzlvl6 1 1 1000000 -1000000 1 2 1 0 1 64
1 2676 
0 
gzlvlhs 7 1 32767 -32767 1 2 1 0 1 64
1 5000 
0 
gzlvlD 1 1 1000000 -1000000 1 2 1 0 1 64
1 0 
0 
gzlvl9 1 1 1000000 -1000000 1 2 1 0 1 64
1 4014 
0 
gzlvlE 1 1 1000000 -1000000 1 2 1 0 1 64
1 0 
0 
gzlvl_max 7 1 32767 -32767 1 2 1 0 1 64
1 32700 
0 
hdof 5 1 7 7 7 2 1 8194 1 64
1 0 
0 
gzlvlw 7 1 32768 -32768 1 2 1 0 1 64
1 3144 
0 
gzlvlmax 7 1 32767 0 0 2 1 0 1 64
1 32767 
0 
heatingpulsesflag 4 2 4 0 0 2 1 0 1 64
1 "n"
0 
hdpwr 7 1 49 -16 1 2 1 2 1 64
1 1 
0 
ho 1 1 500 -500 0 4 1 1 1 64
1 -13.2894736842 
0 
hs 4 2 4 0 0 2 1 0 1 64
1 "nn"
2 "n" "y" 
homo3 4 2 4 0 0 2 1 0 1 64
1 "n"
2 "n" "y" 
homo2 4 2 4 0 0 2 1 0 1 64
1 "n"
2 "n" "y" 
hst 3 1 0.02 0 2.5e-08 2 1 2 1 64
1 0.00800000037998 
0 
hsgpwr 7 1 32767 0 0 2 1 0 1 64
1 0 
0 
hsglvl 1 1 9.99999984307e+17 -9.99999984307e+17 0 2 1 0 1 64
1 4651 
0 
hsgt 3 1 0.01 0 1e-06 2 1 0 1 64
1 0.001 
0 
hzmm 1 1 1000000000 -1000000000 0 4 1 11 1 64
1 40.3111566557 
0 
ident 2 2 8 0 0 3 1 0 1 64
1 ""
0 
io 1 1 500 -500 0.1 4 1 1 1 64
1 10 
0 
insref 1 1 9.99999984307e+17 -9.99999984307e+17 0 4 1 0 0 64
1 1 
0 
ins2 1 1 9.99999984307e+17 -9.99999984307e+17 0 4 1 0 1 64
1 1 
0 
ins 3 1 8190 0 1e-07 4 1 3 1 64
1 100 
0 
in 4 2 1 0 0 2 1 0 1 64
1 "n"
3 "n" "w" "y" 
ins2ref 1 1 9.99999984307e+17 -9.99999984307e+17 0 4 1 0 1 64
1 1 
0 
intmod 2 2 8 0 0 4 1 0 1 64
1 "off"
3 "off" "partial" "full" 
int_flg 4 2 4 0 0 3 1 0 1 64
1 "n"
0 
investigator 2 2 8 0 0 4 1 0 1 64
1 ""
0 
invgcal 1 1 1000000 -1000000 1 2 1 0 1 64
1 446 
0 
lifrq 1 1 1000000000 -1000000000 0 4 1 0 0 64
1 0 
0 
lb 1 1 100000 -100000 0 3 1 1 1 64
1 2 
0 
j1xh 3 1 14 14 14 2 1 8192 1 64
1 150 
0 
is 1 1 1000000000 1e-06 0 4 1 3 1 64
1 34023.6564491 
0 
lap 2 2 8 0 0 2 1 0 1 64
1 "1:SAMPLE:date,solvent,file;1:ACQUISITION:sfrq:5,tn:2,at:4,np:0,sw:1,fb:0,bs(bs):0,ss(ss):0,tpwr(tpwr):0,pw,p1(p1),pp(pp):1,d1:4,d2(d2):4,tof:1,nt:0,ct:0,alock,gain:0;1:FLAGS:il,in,dp,hs;1(ni):2D ACQ:sw1:1,ni:0;1(ni):2D DISPLAY:sp1:1,wp1:1,sc2:0,wc2:0,rfl1:1,rfp1:1,lp1:1,rp1:1;2:DEC. & VT:dn:2,dof:1,dm,dmm,dmf,dpwr(dpwr):0,temp(temp):1;2:PROC:cf(nf):0,lb(lb):2,sb(sb):3,sbs(sb):3,gf(gf):3,gfs(gf):3,awc(awc):3,lsfid(lsfid):0,phfid(phfid):1,wtfile,proc,fn:0,math,werr,wexp,wbs,wnt;2(ni):2D PROC:lb1(lb1):2,sb1(sb1):3,sbs1(sb1):3,gf1(gf1):3,gfs1(gf1):3,awc1(awc1):3,wtfile1,proc1,fn1:0;2:DISPLAY:sp:1,wp:1,vs:0,sc:0,wc:0,hzmm:2,is:2,rfl:1,rfp:1,th:0,ins:3,aig*,dcg*,dmg*;3:PHASE:lp:1,rp:1,lp1(ni):1,rp1(ni):1;3:CHART:wc:1,sc:1,hzmm:2,vp:1,ho:1,vo:1,axis,pltmod,th:0,rplot,trace:2,cutoff(cutoff):1;3:REFERENCE:rfl:1,rfp:1,rfl1(ni):1,rfp1(ni):1,cr:1,delta:1,cr1(ni):1,delta1(ni):1;3:INTEGRAL:intmod,is:2,ins:3,io:0,lvl:3,tlt:3;3:AUTO:method,wshim,load,spin:0,gain:0;"
0 
jnxh 3 1 8190 0 1.00000001169e-07 2 1 0 1 64
1 8 
0 
lastexp 7 1 9999 1 1 2 1 0 1 64
1 9 
0 
led 3 1 14 14 14 2 1 8192 1 64
1 0.03 
0 
lb1 1 1 100000 -100000 0 3 1 1 1 64
1 0.318309992552 
0 
ldshimdelay 3 1 14 14 14 2 1 8192 1 64
1 15 
0 
ledflag 4 2 4 0 0 2 1 0 1 64
1 "y"
0 
liamp 1 1 1000000000 0 0 4 1 0 0 64
1 0 
0 
load 2 2 4 0 0 2 1 3 1 64
1 "n"
2 "y" "n" 
llamp 1 1 1000000000 0 0 4 1 0 0 64
510 0.000709140324034 0.000215029722312 0.000220425659791 0.000217473803787 0.000833125144709 0.000901818682905 0.000209334029933 0.000212620740058 0.000224300441914 0.0002694997238 0.000300628773402 0.000300806248561 0.000371072528651 0.000328990543494 0.000329118774971 0.000209320249269 0.000223389812163 0.000231011290452 0.000223592520342 0.000214068248169 0.000218815141125 0.000318772770697 0.000290930096526 0.000411377142882 0.000408832798712 0.000394133996451 0.000394529139157 0.000272698292974 0.000270604970865 0.000289475632599 0.000288199924398 0.000257049279753 0.000227737968089 0.000213411229197 0.000227121839998 0.000238877721131 0.000251268967986 0.00365084689111 0.000254326703725 0.000328007532516 0.00029205068131 0.000276098755421 0.000303229375277 0.00052435247926 0.000339609046932 0.000492207356729 0.000487356504891 0.000484443007736 0.000486318342155 0.000497284112498 0.000658444478177 0.000660487101413 0.000697652460076 0.00069791538408 0.000669089378789 0.000663556274958 0.00071398174623 0.00055991258705 0.000725044636056 0.000637110497337 0.000767357531004 0.000571555225179 0.000593404693063 0.000516158528626 0.000524907198269 0.000539029599167 0.000649373687338 0.000643681094516 0.000632154697087 0.000614406482782 0.000623966217972 0.000620451697614 0.000459052040242 0.000447755563073 0.000428881205153 0.00041966943536 0.000447521131719 0.000438079296146 0.000438398681581 0.00065041257767 0.00064650963759 0.000372360169422 0.000333270989358 0.000298587343423 0.000272748060524 0.000265412352746 0.000258304906311 0.000267073570285 0.000284148729406 0.000285155401798 0.000277719867881 0.000282505177893 0.000279164378298 0.000283884612145 0.000268574542133 0.000255005259532 0.000250291370321 0.000244892289629 0.000230805962929 0.000225508527365 0.000228578472161 0.000221258000238 0.000219972076593 0.000214996034629 0.000208987708902 0.000211209597182 0.000218731322093 0.000221479393076 0.000211949693039 0.000213364837691 0.000212037310121 0.000218069078983 0.000213638850255 0.000214161918848 0.000209325458854 0.000218199027586 0.000234367878875 0.000227393044042 0.00021517231653 0.000222135699005 0.000226528805797 0.000218873101403 0.000220458212425 0.000231230005738 0.000510919839144 0.000608343281783 0.000535959785338 0.000463473843411 0.000399040989578 0.000396367453504 0.000405867409427 0.000457178161014 0.000414752401412 0.000457377784187 0.000434957648395 0.000442439282779 0.000405196828069 0.000402256962843 0.00038537956425 0.00039236745215 0.000395501905587 0.000395505863708 0.0003912987886 0.000390277535189 0.000369476241758 0.00037161068758 0.000349768524757 0.000338407029631 0.000343432970112 0.00036004075082 0.000354576506652 0.000350304180756 0.000366692402167 0.0011423828546 0.000274701829767 0.000267333060037 0.000263492460363 0.00105731049553 0.000312408665195 0.00029464813997 0.000282040360617 0.0002588739153 0.000243362606852 0.000242331574555 0.000222256843699 0.000232093239902 0.000239888759097 0.000243891132413 0.000231900179642 0.000226002521231 0.000224619157962 0.00022133870516 0.000227720360272 0.000218048589886 0.000228514749324 0.000225331852562 0.000225136900553 0.000221792288357 0.000211787672015 0.000222077564104 0.000219283625484 0.000226716656471 0.000225747775403 0.000225714262342 0.000214893909288 0.000218909670366 0.000238668435486 0.000228754637646 0.000222375383601 0.000257315463386 0.00027405275614 0.000287612114334 0.000311243347824 0.000308063899865 0.000322044943459 0.000561701192055 0.00043912298861 0.000451070693089 0.000451278407127 0.000514155370183 0.000513505772687 0.000487039913423 0.000453640299384 0.0004221406125 0.00042595618288 0.000437284819782 0.000447756348876 0.000465134624392 0.000498774927109 0.00265154638328 0.00268372101709 0.000469235907076 0.000454563822132 0.000359753030352 0.000458569265902 0.000400044518756 0.000403633835958 0.000459736125777 0.000408015737776 0.000331855000695 0.000309724215185 0.00031168924761 0.000314292992698 0.000318295613397 0.00033284528763 0.000340732658515 0.00034093906288 0.000345668318914 0.000325891858665 0.000327753397869 0.000309693510644 0.000300443876768 0.000311910436722 0.000311444571707 0.000307767564664 0.000335697375704 0.000358909077477 0.000351409573341 0.0003841384314 0.00046299333917 0.000451301923022 0.00048604348558 0.000599448394496 0.000579785206355 0.000533969432581 0.000503636081703 0.000517108244821 0.000518707092851 0.00057264888892 0.00182450341526 0.00300134834833 0.00276499823667 0.002565150382 0.00296217179857 0.00158094184007 0.000758045527618 0.000397415482439 0.000376105250325 0.000368015898857 0.000442151067546 0.000655838346574 0.000829369644634 0.000849056290463 0.00614353409037 0.00157556228805 0.00195590592921 0.00177832343616 0.00178339798003 0.00124473578762 0.000844993046485 0.000675541523378 0.000742880045436 0.000792243285105 0.000909373979084 0.000890233553946 0.000893012736924 0.00257146498188 0.00275799771771 0.00397379091009 0.00263660028577 0.00277067837305 0.000990541069768 0.00105729186907 0.00108827278018 0.00206446414813 0.00220433413051 0.0033928391058 0.00315316743217 0.00330462562852 0.00315651763231 0.00424512801692 0.00435451604426 0.00382705032825 0.00390769075602 0.0029331180267 0.00356727000326 0.0030159400776 0.00292221084237 0.00266167032532 0.00202785711735 0.00389112136327 0.00348828337155 0.00354177737609 0.0031946268864 0.00140359590296 0.00117553700693 0.00103826401755 0.000885276007466 0.000709324667696 0.000692700908985 0.000666084699333 0.000616386183538 0.000631230417639 0.000609478040133 0.000520715664607 0.000519636203535 0.000460559007479 0.000409955129726 0.0003303848207 0.000305450259475 0.000283433997538 0.00026727525983 0.000270020304015 0.00025191574241 0.000251027930062 0.000247905903962 0.00023180161952 0.000225285926717 0.000230587844271 0.000227603086387 0.000229887169553 0.000213219958823 0.000342083803844 0.000341903010849 0.000425490929047 0.000396464660298 0.00251660891809 0.000356837379513 0.000233676764765 0.000388720567571 0.000219887311687 0.000403905549319 0.000336747179972 0.000302616157569 0.000404333288316 0.000418436800828 0.000370840396499 0.000369278423022 0.000573323515709 0.000351363531081 0.000229322584346 0.000265702401521 0.000261273788055 0.000232115722611 0.000229807352298 0.000628227426205 0.00023582855647 0.000263830937911 0.000303075183183 0.00113956816494 0.00138642371166 0.000965055893175 0.000584485707805 0.000603405933362 0.00062813994009 0.00060336018214 0.000566296803299 0.000614061777014 0.000978749012575 0.00103753549047 0.000670120934956 0.000665131723508 0.00046213605674 0.000468044599984 0.000453093991382 0.000441039999714 0.000424377183663 0.000369897519704 0.00037007703213 0.000367014814401 0.0003661030496 0.000378676573746 0.000363309634849 0.000352041126462 0.000334401673172 0.00033055851236 0.000350737886038 0.000376966170734 0.000376979180146 0.000382588128559 0.000379359640647 0.000384081678931 0.000397103052819 0.000409522792324 0.000462094641989 0.000527186959516 0.000439130002633 0.000435483554611 0.000455637113191 0.000484219694044 0.000482541276142 0.00093682447914 0.000891157716978 0.00088106788462 0.00348253641278 0.00125003873836 0.00124692101963 0.00111950188875 0.00112452812027 0.00097690988332 0.00118574965745 0.00117107923143 0.000901744875591 0.000881461892277 0.000811427598819 0.000783559051342 0.00111323036253 0.00085386633873 0.00111831387039 0.00110574776772 0.0011185805779 0.000837020576 0.000859688268974 0.000837152823806 0.000860782689415 0.000857417820953 0.000861310225446 0.000847825664096 0.000830331933685 0.000801786838565 0.000620372476988 0.000608384259976 0.000572104065213 0.000541186251212 0.000519140216056 0.000511536607519 0.000508269469719 0.000508594501298 0.000499952118844 0.000498573877849 0.000500997528434 0.000489140220452 0.000481850642245 0.000466245634016 0.000470572791528 0.00142277986743 0.000505062344018 0.000455680157756 0.000436041766079 0.000436149595771 0.000418420444475 0.00039914259105 0.000381627236493 0.000352597475285 0.000350256741513 0.00033499172423 0.00033145933412 0.000319301354466 0.000318744190736 0.000306386529701 0.000297326099826 0.000306450441713 0.000307263951981 0.000299519539112 0.000301890133414 0.000294653669698 0.000292518379865 0.000285225978587 0.000270335702226 0.000266244547674 0.000260565808276 0.000256903644186 0.000248755794019 0.000256168365013 0.000249193864875 0.00023975201475 0.000236215419136 0.000236040214077 0.00024442106951 0.000240856272285 0.000237298285356 0.000235726067331 0.000225789350225 0.000226279662456 0.000210724640056 0.000209206991713 0.0002152811212 0.000243451126153 0.000225833427976 0.00022998546774 0.000236219100771 0.000242716138018 0.000792244100012 0.000822154397611 0.000220032598008 0.00187825039029 0.000501329195686 0.0018940580776 0.000243384027272 0.000214885250898 0.000209535195609 0.000228567078011 0.000253389531281 0.000287952658255 0.000335652352078 0.0198781397194 0.000286686175968 0.000251788442256 0.000226145784836 0.000213241262827 
0 
lkgate_flg 4 2 4 0 0 2 1 0 1 64
1 "n"
0 
lkgt_flg 2 2 8 0 0 2 1 0 1 64
1 "n"
0 
llfrq 1 1 1000000000 -1000000000 0 4 1 0 0 64
1 0 
0 
lot 2 2 8 0 0 2 1 0 1 64
1 ""
0 
locdir 2 2 8 0 0 2 1 0 1 64
1 ""
0 
longlist 2 2 8 0 0 2 1 0 1 64
1 ""
0 
lp 1 1 3600 -3600 0.1 4 1 3 1 64
1 0 
0 
lowlim 1 1 1000 0 0.001 3 1 0 1 64
1 0 
0 
phfid 1 1 3600 -3600 0.1 3 1 0 0 64
1 0 
0 
n3 2 2 6 0 0 4 1 3 1 64
1 ""
0 
lsfrq 1 1 9.99999984307e+17 -9.99999984307e+17 0 3 1 0 0 64
1 0 
0 
lpopt 2 2 8 0 0 3 1 0 1 64
1 "b"
0 
lpfilt 7 1 32767 1 1 3 1 0 1 64
1 32 
0 
lpext 7 1 1000000 0 1 3 1 0 1 64
1 1 
0 
lpalg1 2 2 8 0 0 3 1 0 1 64
1 "lpfft"
0 
lpalg 2 2 8 0 0 3 1 0 1 64
1 "lpfft"
0 
lpext1 7 1 1000000 0 1 3 1 0 1 64
1 1 
0 
lpnupts 7 1 1000000 1 1 3 1 0 1 64
1 64 
0 
lpfilt1 7 1 32767 1 1 3 1 0 1 64
1 32 
0 
lpnupts1 7 1 1000000 1 1 3 1 0 1 64
1 64 
0 
lptrace 7 1 32767 0 1 3 1 0 1 64
1 0 
0 
lpprint 7 1 63 0 1 3 1 0 1 64
1 0 
0 
lpopt1 2 2 8 0 0 3 1 0 1 64
1 "b"
0 
lpprint1 7 1 63 0 1 3 1 0 1 64
1 0 
0 
lsfid 7 1 64000 -64000 1 3 1 0 0 64
1 0 
0 
lptrace1 7 1 32767 0 1 3 1 0 1 64
1 0 
0 
math 2 2 1 0 0 3 1 3 1 64
1 "f"
3 "d" "f" "i" 
lvl 1 1 1000000000 -1000000000 0 4 1 1 1 64
1 0 
0 
lsfrq1 1 1 9.99999984307e+17 -9.99999984307e+17 0 3 1 0 0 64
1 0 
0 
macro 2 2 6 0 0 4 1 3 1 64
1 ""
0 
modules 2 2 8 0 0 2 1 1 1 64
1 " presat wet gradient par2D"
0 
method 2 2 6 0 0 2 1 3 1 64
1 "z1z2"
0 
mbond 4 2 4 0 0 2 1 0 1 64
1 "n"
0 
n1 2 2 6 0 0 4 1 3 1 64
1 ""
0 
mult 1 1 1.5 0 0.5 2 1 0 1 64
1 0.5 
0 
n2 2 2 6 0 0 4 1 3 1 64
1 ""
0 
obsSW 2 2 8 0 0 2 1 1 1 64
1 "setsw(14,-2)"
0 
notebook 2 2 8 0 0 2 1 0 1 64
1 ""
0 
newmodules 2 2 8 0 0 2 1 1 1 64
1 ""
0 
nameprefix 2 2 8 0 0 2 1 9 1 64
1 ""
0 
name 2 2 8 0 0 3 1 0 1 64
1 ""
0 
ni 7 1 32767 0 0 2 1 0 1 64
1 0 
0 
npoint 7 1 32767 0 0 2 1 0 1 64
1 6 
0 
np 7 1 524288 32 2 2 1 11 1 64
1 32052 
0 
nt 7 1 1000000000 1 1 2 1 16386 1 64
1 8 
0 
p1 6 1 13 13 13 2 1 8194 1 64
1 0 
0 
osfilt 2 2 8 0 0 2 1 0 1 64
1 ""
5 "a" "A" "b" "B" "" 
oscoef 7 1 49999 3 2 2 1 1 1 64
1 127 
0 
operator_ 2 2 8 0 0 2 1 0 1 64
1 "vnmr1"
0 
osfb 1 1 100000 0 0 2 1 1 0 64
1 0 
0 
oslsfrq 1 1 9.99999984307e+17 -9.99999984307e+17 0 2 1 1 0 64
1 0 
0 
oversamp 7 1 68 0 1 2 1 9 1 64
1 1 
0 
parlabel 2 2 8 0 0 2 1 5 1 64
1 "Dbppste_wg"
0 
page 2 2 8 0 0 2 1 0 1 64
1 ""
0 
pad 3 1 14 14 14 2 1 8194 1 64
1 0.5 
0 
paramChanged 1 1 9.99999984307e+17 -9.99999984307e+17 0 2 1 0 1 64
1 0 
0 
parversion 1 1 9.99999984307e+17 -9.99999984307e+17 0 2 1 4 1 64
1 5.1 
0 
parrev 1 1 9.99999984307e+17 -9.99999984307e+17 0 2 1 0 1 64
1 1 
0 
phase 7 1 20 0 1 2 1 0 1 64
1 0 
0 
pfgon 2 2 8 0 0 2 1 0 1 64
1 "nny"
0 
proc 2 2 10 0 0 3 1 1 1 64
1 "ft"
0 
pp 6 1 13 13 13 2 1 8192 1 64
1 12.3 
0 
pmode 2 2 8 0 0 3 1 0 1 64
1 "partial"
0 
plt2Darg 2 2 8 0 0 4 1 272 1 64
8 "pos"
"7"
"1.5"
"proj"
"proj"
""
""
""
0 
plocklist 2 2 8 0 0 2 1 1 1 64
1 "nt ss wrtp ddrpm plocklist apptype modules wrtp parlabel REQexp ACQtime"
0 
phfid1 1 1 3600 -3600 0.1 3 1 0 0 64
1 0 
0 
pltmod 2 2 8 0 0 4 1 16384 1 64
1 "full"
5 "off" "fixed" "full" "variable" "user" 
pltopt 4 2 4 0 0 2 1 0 1 64
1 "n"
0 
position2 2 2 8 0 0 3 1 0 1 64
1 ""
0 
position1 2 2 8 0 0 3 1 0 1 64
1 ""
0 
prgcycle 7 1 32767 0 0 2 1 8 1 64
1 2 
0 
preacq 6 1 13 13 13 2 1 8192 0 64
1 0 
0 
pplvl_cf 1 1 9.99999984307e+17 -9.99999984307e+17 0 2 1 0 1 64
1 1 
0 
pplvl 7 1 63 -16 1 2 1 0 1 64
1 58 
0 
prcopt 4 2 4 0 0 2 1 0 1 64
1 "y"
0 
prescan 2 2 8 0 0 3 1 16384 1 64
11 "Not done"
"Not done"
"y"
"y"
""
"n"
"off"
"nnn"
"off"
""
"Not done"
0 
presatgh2 1 1 9.99999984307e+17 -9.99999984307e+17 0 2 1 0 1 64
1 10 
0 
precond_flg 2 2 8 0 0 2 1 0 1 64
1 "y"
0 
presatinit 4 2 4 0 0 2 1 0 1 64
1 "n"
0 
prg_flg 4 2 4 0 0 2 1 0 1 64
1 "n"
0 
prggt 3 1 14 14 14 2 1 8192 1 64
1 0.001 
0 
prgflg 4 2 4 0 0 2 1 8 1 64
1 "n"
0 
prgd1 3 1 14 14 14 2 1 8192 1 64
1 0.0002 
0 
prgd2 3 1 14 14 14 2 1 8192 1 64
1 0.0002 
0 
prggstab 3 1 14 14 14 2 1 8192 1 64
1 0.0005 
0 
prgpwr 7 1 32767 0 0 2 1 0 1 64
1 50 
0 
prgpw 6 1 13 13 13 2 1 8192 1 64
1 6.9 
0 
prggzlvl 1 1 1000000 -1000000 1 2 1 0 1 64
1 1944 
0 
prgtime 3 1 14 14 14 2 1 8192 1 64
1 0.002 
0 
priority 7 1 32768 0 1 2 1 0 1 64
1 5 
0 
pw 6 1 13 13 13 2 1 8194 1 64
1 6.9 
0 
processid 1 1 9.99999984307e+17 -9.99999984307e+17 0 2 1 0 1 64
1 0 
0 
procdim 7 1 32767 0 0 3 1 0 1 64
1 0 
0 
proc1 2 2 10 0 0 3 2 1 1 64
1 "ft"
0 
psatsolv 2 2 8 0 0 2 1 0 1 64
1 "D2O"
0 
protocols 2 2 8 0 0 3 1 0 1 64
1 ""
0 
protoFile 2 2 8 0 0 4 1 33040 1 64
5 ""
"dosy3d"
"Dbppste_ghsqcse"
"dosy3d"
"Proton"
0 
psppm 2 2 8 0 0 2 1 1 1 64
1 ""
0 
pslabel 2 2 8 0 0 2 1 11 1 64
1 "Dbppste_wg"
0 
pstof 5 1 1000000000 -1000000000 0 2 1 264 1 64
1 0 
0 
pwx2lvl 1 1 63 -16 1 2 1 0 1 64
1 55 
0 
pwwet2 6 1 1000000 0 0.025 2 1 0 1 64
1 0 
0 
pwwet 6 1 1000000 0 0.1 2 1 0 1 64
1 0 
0 
pw90 6 1 13 13 13 2 1 8194 1 64
1 6.9 
0 
pwwet1 6 1 1000000 0 0.025 2 1 0 1 64
1 0 
0 
pwwet4 6 1 1000000 0 0.025 2 1 0 1 64
1 0 
0 
pwwet3 6 1 1000000 0 0.025 2 1 0 1 64
1 0 
0 
pwx 6 1 10000000 0 0.1 2 1 0 1 64
1 12.2 
0 
pwx2 6 1 13 13 13 2 1 8192 1 64
1 15 
0 
pwxlvl 1 1 1e+18 -1e+18 0 2 1 0 1 64
1 61 
0 
pwx2lvl_cf 1 1 9.99999984307e+17 -9.99999984307e+17 0 2 1 0 1 64
1 1 
0 
qlvl 1 1 2 1 1 2 1 0 1 64
1 1 
0 
pwxlvl_cf 1 1 9.99999984307e+17 -9.99999984307e+17 0 2 1 0 1 64
1 0.883 
0 
queue 2 2 8 0 0 2 1 0 1 64
1 ""
0 
tof 5 1 7 7 7 2 1 8202 1 64
1 499.6 
0 
spin 1 1 39 0 1 2 1 0 1 64
1 0 
0 
sb 1 1 1000 -1000 0.001 3 1 0 0 64
1 -0.852 
0 
rof2 6 1 13 13 13 2 1 8194 1 64
1 19.6125 
0 
reffrq 1 1 9.99999984307e+17 -9.99999984307e+17 0 4 1 0 1 64
1 599.710650096 
0 
r6 1 1 1e+18 -1e+18 0 4 1 1 1 64
1 0 
0 
r4 1 1 1e+18 -1e+18 0 4 1 1 1 64
1 0 
0 
r2 1 1 1e+18 -1e+18 0 4 1 1 1 64
1 0 
0 
r3 1 1 1e+18 -1e+18 0 4 1 1 1 64
1 0 
0 
r5 1 1 1e+18 -1e+18 0 4 1 1 1 64
1 0 
0 
ref 5 1 1000000000 -1000000000 0 3 4 0 1 64
1 0 
0 
readlvl1 1 1 9.99999984307e+17 -9.99999984307e+17 0 2 1 0 1 64
1 0 
0 
r7 1 1 1e+18 -1e+18 0 4 1 1 1 64
1 0 
0 
readlvl2 1 1 9.99999984307e+17 -9.99999984307e+17 0 2 1 0 1 64
1 0 
0 
ref_pw90 6 1 13 13 13 2 1 8192 1 64
1 5.475 
0 
ref1 5 1 1000000000 -1000000000 0 3 5 0 1 64
1 0 
0 
ref_pwr 1 1 9.99999984307e+17 -9.99999984307e+17 0 2 1 0 1 64
1 60 
0 
rfl 1 1 1000000000 -1000000000 0 4 1 1 1 64
1 1008.37297698 
0 
refpos 1 1 9.99999984307e+17 -9.99999984307e+17 0 4 1 0 1 64
1 0 
0 
reffrq1 1 1 9.99999984307e+17 -9.99999984307e+17 0 4 1 0 1 64
1 399.9413719 
0 
refsource1 2 2 8 0 0 4 1 0 1 64
1 "sfrq"
0 
refpos1 1 1 9.99999984307e+17 -9.99999984307e+17 0 4 1 0 0 64
1 0 
0 
rfband 4 2 4 0 0 2 1 0 1 64
1 "cccc"
3 "c" "h" "l" 
rfp 1 1 1000000000 -1000000000 0 4 1 1 1 64
1 0 
0 
rfl1 1 1 1000000000 -1000000000 0 4 1 1 1 64
1 7.5381 
0 
rfp1 1 1 1000000000 -1000000000 0 4 1 1 1 64
1 7.5381 
0 
rof1 6 1 13 13 13 2 1 8194 1 64
1 10 
0 
sampleowner 2 2 8 0 0 2 1 0 1 64
1 ""
0 
sample 2 2 8 0 0 2 1 1 1 64
1 ""
0 
rp 1 1 3600 -3600 0.1 4 1 3 1 64
1 15.7384908156 
0 
rof3 6 1 13 13 13 2 1 8192 1 64
1 2 
0 
rp1 1 1 3600 -3600 0.1 4 1 3 1 64
1 0 
0 
samplename 2 2 8 0 0 2 1 8 1 64
1 ""
0 
satfrq 5 1 1000000000 -1000000000 0 2 1 256 1 64
1 499.6 
0 
satflag 4 2 4 0 0 2 1 0 1 64
1 "y"
0 
satdly 3 1 14 14 14 2 1 24576 1 64
1 2 
0 
satflg 4 2 4 0 0 2 1 0 1 64
1 "n"
0 
satpwr 1 1 17 17 17 2 1 8192 1 64
1 0 
0 
satmode 4 2 4 0 0 2 1 0 1 64
1 "nnn"
0 
saveshapes 2 2 8 0 0 2 1 256 1 64
1 ""
0 
sf 1 1 8190 0 1e-07 4 1 3 1 64
1 0 
0 
sc2 1 1 3 3 3 4 1 8195 1 64
1 0 
0 
sbs1 1 1 1000 -1000 0.001 3 1 1 0 64
1 0 
0 
sb1 1 1 1000 -1000 0.001 3 1 1 0 64
1 0 
0 
sbs 1 1 1000 -1000 0.001 3 1 1 1 64
1 -0.852 
0 
sc 1 1 1 1 1 4 1 8195 1 64
1 6.625 
0 
sdirtmplt 2 2 8 0 0 2 1 0 1 64
1 "$samplename$_%DATE%_"
0 
scans 2 2 8 0 0 3 1 0 1 64
1 ""
0 
seqfil 2 2 8 0 0 2 1 11 1 64
1 "Dbppste_wg"
0 
sedelay 3 1 14 14 14 2 1 8192 1 64
1 0.0025 
0 
slpsat 4 2 4 0 0 2 1 0 1 64
1 "n"
0 
shims 2 2 8 0 0 2 1 0 1 64
1 ""
0 
sf1 1 1 9.99999984307e+17 -9.99999984307e+17 0 4 1 0 1 64
1 0 
0 
sfrq 1 1 1000000000 0 0 2 1 11 1 64
1 499.8218961 
0 
slpname 2 2 8 0 0 2 1 256 1 64
1 ""
0 
shimstab 3 1 14 14 14 2 1 8192 1 64
1 0 
0 
solvent 2 2 6 0 0 2 1 11 1 64
1 "D2O"
0 
sn 1 1 1e+18 -1e+18 0 3 1 1 1 64
1 0 
0 
sp 1 1 1000000000 -1000000000 0 4 1 3 1 64
1 -372.796166859 
0 
sp1 1 1 1000000000 -1000000000 0 4 1 3 1 64
1 0.882626953125 
0 
temp 1 1 200 -150 0.1 2 1 16392 0 64
1 30 
0 
strtpar 2 2 8 0 0 2 1 0 1 64
1 ""
0 
sspul 4 2 4 0 0 2 1 0 1 64
1 "y"
0 
ss 7 1 32767 -32768 0 2 1 0 1 64
1 0 
0 
srate 7 1 32767 0 1 2 1 0 1 64
1 25 
0 
spoilerpulsesflag 4 2 4 0 0 2 1 0 1 64
1 "y"
0 
ssntaps 7 1 2500 0 1 3 1 0 1 64
1 121 
0 
sslsfrq 1 1 9.99999984307e+17 -9.99999984307e+17 0 3 1 0 0 64
1 0 
0 
ssfilter 1 1 50000 10 0.1 3 1 0 0 64
1 50 
0 
ssorder 7 1 20 1 1 3 1 0 0 64
1 7 
0 
strtext1 7 1 1000000 1 1 3 1 0 1 64
1 1 
0 
startexp 7 1 9999 1 1 2 1 0 1 64
1 3 
0 
sstrim 6 1 13 13 13 2 1 8192 1 64
1 0 
0 
sspulX 4 2 4 0 0 2 1 0 1 64
1 "y"
0 
strtext 7 1 1000000 1 1 3 1 0 1 64
1 1 
0 
strtlp 7 1 1000000 1 1 3 1 0 1 64
1 2 
0 
strtlp1 7 1 1000000 1 1 3 1 0 1 64
1 2 
0 
svfopt 4 2 4 0 0 2 1 0 1 64
1 "y"
0 
studyowner 2 2 8 0 0 2 1 0 1 64
1 "vnmr1"
0 
study 2 2 8 0 0 3 1 0 1 64
1 ""
0 
studyid_ 2 2 8 0 0 2 1 0 1 64
1 "tmpstudy"
0 
studystatus 2 2 8 0 0 2 1 0 1 64
1 "Empty"
0 
studytime 1 1 9.99999984307e+17 -9.99999984307e+17 0 2 1 0 1 64
1 780 
0 
sw 1 1 5 5 5 2 1 8203 1 64
1 8012.82051282 
0 
svftmplt 2 2 8 0 0 2 1 0 1 64
1 "data_$seqfil$_%R3%"
0 
tau 3 1 14 14 14 2 1 8192 1 64
1 0 
0 
sw1 1 1 5000000 1 -2.5e-08 2 1 0 1 64
1 9.0381 
0 
taumb 3 1 8190 0 1.00000001169e-07 2 1 0 1 64
1 0.07100000083 
0 
time_saved 2 2 8 0 0 4 1 0 1 64
1 "20090608T140516"
0 
time_exp 2 2 8 0 0 2 1 0 1 64
1 ""
0 
th 1 1 1000000000 0 0 4 1 1 1 64
1 0 
0 
text_string 2 2 8 0 0 4 1 256 1 64
1 ""
0 
time_complete 2 2 8 0 0 4 1 0 1 64
1 "20050712T132234"
0 
th2d 1 1 1 1e-18 0 4 1 17 1 64
1 0.8 
0 
time_processed 2 2 8 0 0 3 1 0 1 64
1 "20050712T144417"
0 
time_plotted 2 2 8 0 0 3 1 0 1 64
1 ""
0 
time_run 2 2 8 0 0 2 1 0 1 64
1 "20050712T122811"
0 
tlt 1 1 1000000000 -1000000000 0 4 1 1 1 64
1 0 
0 
time_submitted_local 2 2 8 0 0 2 1 0 1 64
1 "20050712T113355X11AMTueJul"
0 
time_submitted 2 2 8 0 0 2 1 0 1 64
1 "20050712T113355"
0 
time_svfdate 2 2 8 0 0 2 1 0 1 64
1 "20050712T113355"
0 
tin 2 2 1 0 0 2 1 2 1 64
1 "n"
3 "n" "w" "y" 
tnref 2 2 8 0 0 4 1 1 1 64
1 "Me4Si, 1% in CDCl3"
0 
tn 2 2 4 0 0 2 1 8 1 64
1 "H1"
0 
tnshapes 2 2 8 0 0 2 1 256 1 64
3 ""
""
""
0 
wp1 1 1 100000 0 0 4 1 3 1 64
1 6.21369375 
0 
vtc 1 1 255 0 1 2 1 2 1 64
1 0 
0 
vjdialog 2 2 8 0 0 4 1 256 1 64
1 ""
0 
tunemethod 2 2 8 0 0 2 1 0 1 64
1 "lohi"
0 
tpwr_cf 1 1 9.99999984307e+17 -9.99999984307e+17 0 2 1 0 1 64
1 1.0327 
0 
tpwr 7 1 17 17 17 2 1 8194 1 64
1 54 
0 
trace 2 2 2 0 0 4 1 3 1 64
1 "f2"
2 "f1" "f2" 
tpwrf 7 1 4095 0 1 2 1 2 0 64
1 4095 
0 
triax_flg 4 2 4 0 0 2 1 0 1 64
1 "n"
0 
uplim 1 1 1000 0 0.001 4 1 0 1 64
1 25 
0 
tweek 1 1 9.99999984307e+17 -9.99999984307e+17 0 2 1 0 1 64
1 0 
0 
userplotter 2 2 8 0 0 4 1 0 1 64
1 ""
0 
username 2 2 8 0 0 2 1 0 1 64
1 "vnmr1"
0 
vf 1 1 1000000000 0 0 4 1 3 1 64
1 35398.3892956 
0 
vp 7 1 500 -500 0.1 4 1 3 1 64
1 6.66270796677 
0 
vjdialogarg 2 2 8 0 0 4 1 256 1 64
1 ""
0 
vo 1 1 500 -500 0 4 1 1 1 64
1 0 
0 
vs 1 1 1000000000 1e-06 0 4 1 3 1 64
1 7503.37953176 
0 
vpfi 1 1 500 -500 0 4 1 0 1 64
1 0 
0 
vpf 1 1 500 -500 0 4 1 0 1 64
1 0 
0 
vs2d 1 1 1000000000 1e-06 0 4 1 3 1 64
1 100 
0 
vsproj 1 1 1000000000 1e-06 0 4 1 3 1 64
1 4156.06213282 
0 
wetpwr 1 1 48 -16 0 2 1 0 1 64
1 -6 
0 
wdone 2 2 8 0 0 3 1 0 1 64
1 ""
0 
wc 1 1 2 2 2 4 1 8203 1 64
1 238.5 
0 
vtwait 3 1 14 14 14 2 1 8194 1 64
1 300 
0 
wbs 2 2 6 0 0 3 1 3 1 64
1 ""
0 
wc2 1 1 4 4 4 4 1 8195 1 64
1 138.5 
0 
wet 4 2 4 0 0 2 1 0 1 64
1 "n"
2 "y" "n" 
werr 2 2 6 0 0 3 1 3 1 64
1 ""
0 
wds 2 2 8 0 0 3 1 0 1 64
1 ""
0 
wetfrq 5 1 1000000000 -1000000000 0 2 1 16640 1 64
1 499.789583915 
0 
wetfly 4 2 4 0 0 2 1 0 1 64
1 "n"
2 "y" "n" 
wetfrqw 1 1 9.99999984307e+17 -9.99999984307e+17 0 2 1 256 1 64
1 80 
0 
wetfrqs 2 2 8 0 0 2 1 256 1 64
1 "seduce"
0 
wetpeaks 7 1 10 0 1 2 1 0 0 64
1 0 
0 
wf 1 1 8190 0 1e-07 4 1 3 1 64
1 0.851968 
0 
wetshape2 2 2 8 0 0 2 1 0 1 64
1 "wetshp"
0 
wetpwr4 1 1 9.99999984307e+17 -9.99999984307e+17 0 2 1 0 1 64
1 0 
0 
wetpwr2 1 1 9.99999984307e+17 -9.99999984307e+17 0 2 1 0 1 64
1 0 
0 
wetpwr1 1 1 9.99999984307e+17 -9.99999984307e+17 0 2 1 0 1 64
1 0 
0 
wetpwr3 1 1 9.99999984307e+17 -9.99999984307e+17 0 2 1 0 1 64
1 0 
0 
wetshape 2 2 8 0 0 2 1 0 1 64
1 "Pbox"
0 
wetset 2 2 8 0 0 4 1 0 1 64
1 "set1"
0 
wetshape1 2 2 8 0 0 2 1 0 1 64
1 "wetshp"
0 
wetshape4 2 2 8 0 0 2 1 0 1 64
1 "wetshp"
0 
wetshape3 2 2 8 0 0 2 1 0 1 64
1 "wetshp"
0 
wexp 2 2 6 0 0 3 1 3 1 64
1 "procplot"
0 
wnt 2 2 6 0 0 3 1 3 1 64
1 ""
0 
whatemail 2 2 8 0 0 2 1 0 1 64
1 "message"
0 
wf1 1 1 9.99999984307e+17 -9.99999984307e+17 0 4 1 0 1 64
1 22.1422640465 
0 
whenemail 2 2 8 0 0 2 1 0 1 64
1 "never"
0 
wp 1 1 5000000 0 0 4 1 11 1 64
1 5378.13626803 
0 
y1 7 1 19 19 19 2 1 8192 1 64
1 859 
0 
wtune 4 2 4 0 0 2 1 0 1 64
1 "st12"
10 "s" "t" "e" "v" "i" "n" "1" "2" "3" "4" 
wshim 4 2 4 0 0 2 1 1 1 64
1 "n"
15 "e" "f" "g" "n" "s" "0" "1" "2" "3" "4" "5" "6" "7" "8" "9" 
wrefpwr 7 1 32767 0 0 2 1 0 1 64
1 17 
0 
wqinit 2 2 8 0 0 4 1 0 1 64
1 ""
0 
wrefpw 6 1 13 13 13 2 1 8192 1 64
1 2400 
0 
wrefshape 2 2 8 0 0 2 1 0 1 64
1 "W_supp"
0 
wrefpwrf 7 1 4095 0 1 2 1 0 1 64
1 2125 
0 
wrtp 2 2 8 0 0 4 1 16384 1 64
1 ""
0 
wtfile 2 2 15 0 0 3 1 1 1 64
1 ""
0 
wstart 2 2 8 0 0 3 1 0 1 64
1 ""
0 
wtfile1 2 2 15 0 0 3 2 1 1 64
1 ""
0 
x3 7 1 19 19 19 2 1 8192 1 64
1 -128 
0 
x1 7 1 19 19 19 2 1 8192 1 64
1 -6910 
0 
x2y2 7 1 19 19 19 2 1 8192 1 64
1 7311 
0 
xy 7 1 19 19 19 2 1 8192 1 64
1 5984 
0 
xdiag 1 1 1e+18 0 0 4 1 17 1 64
1 0 
0 
x4 7 1 19 19 19 2 1 8192 1 64
1 0 
0 
xhn 7 1 32767 0 0 2 1 0 1 64
1 1 
0 
xz 7 1 19 19 19 2 1 8192 1 64
1 -7480 
0 
xz2 7 1 19 19 19 2 1 8192 1 64
1 -256 
0 
z4 7 1 19 19 19 2 1 8192 1 64
1 -620 
0 
z2c 7 1 19 19 19 2 1 8192 1 64
1 196 
0 
yz2 7 1 19 19 19 2 1 8192 1 64
1 -960 
0 
y4 7 1 19 19 19 2 1 8192 1 64
1 0 
0 
y3 7 1 19 19 19 2 1 8192 1 64
1 -512 
0 
yz 7 1 19 19 19 2 1 8192 1 64
1 2880 
0 
z1c 7 1 19 19 19 2 1 8192 1 64
1 -1044 
0 
z1 7 1 19 19 19 2 1 8192 1 64
1 -2652 
0 
z2 7 1 19 19 19 2 1 8192 1 64
1 -8772 
0 
z3c 7 1 19 19 19 2 1 8192 1 64
1 0 
0 
z2xy 7 1 19 19 19 2 1 8192 1 64
1 3584 
0 
z2x2y2 7 1 19 19 19 2 1 8192 1 64
1 -576 
0 
z2x3 7 1 19 19 19 2 1 8192 1 64
1 0 
0 
z3 7 1 19 19 19 2 1 8192 1 64
1 3917 
0 
z2y3 7 1 19 19 19 2 1 8192 1 64
1 0 
0 
z3x3 7 1 19 19 19 2 1 8192 1 64
1 0 
0 
z3x2y2 7 1 19 19 19 2 1 8192 1 64
1 0 
0 
z3x 7 1 19 19 19 2 1 8192 1 64
1 -128 
0 
z3y 7 1 19 19 19 2 1 8192 1 64
1 -256 
0 
z3xy 7 1 19 19 19 2 1 8192 1 64
1 0 
0 
z3y3 7 1 19 19 19 2 1 8192 1 64
1 0 
0 
z7 7 1 19 19 19 2 1 8192 1 64
1 0 
0 
z4y 7 1 19 19 19 2 1 8192 1 64
1 0 
0 
z4x 7 1 19 19 19 2 1 8192 1 64
1 0 
0 
z4c 7 1 19 19 19 2 1 8192 1 64
1 0 
0 
z4x2y2 7 1 19 19 19 2 1 8192 1 64
1 0 
0 
z4xy 7 1 19 19 19 2 1 8192 1 64
1 0 
0 
z5x 7 1 19 19 19 2 1 8192 1 64
1 0 
0 
z5 7 1 19 19 19 2 1 8192 1 64
1 -10668 
0 
z6 7 1 19 19 19 2 1 8192 1 64
1 -3305 
0 
z5y 7 1 19 19 19 2 1 8192 1 64
1 0 
0 
zx2y2 7 1 19 19 19 2 1 8192 1 64
1 -3904 
0 
z8 7 1 19 19 19 2 1 8192 1 64
1 0 
0 
zoom 7 1 32767 0 0 2 1 0 1 64
1 2 
0 
zxy 7 1 19 19 19 2 1 8192 1 64
1 -1216 
0 
zx3 7 1 19 19 19 2 1 8192 1 64
1 0 
0 
zy3 7 1 19 19 19 2 1 8192 1 64
1 0 
0 
