r1 1 1 1e+18 -1e+18 0 4 1 1 1 64
1 4434 
0 
gfs1 1 1 1000 -1000 0.001 3 1 1 0 64
1 0 
0 
dg1 2 2 1023 0 0 4 1 6 1 64
1 "1:DISPLAY:sp:1,wp:1,vs:0;1:REFERENCE:rfl:1,rfp:1,cr:1,delta:1;1:PHASE:lp:1,rp:1,rp1(ni):1,lp1(ni):1;2:CHART:sc:0,wc:0,hzmm:2,vp:0,axis,pltmod,,th:0,,ho:2,vo:2,,trace:2;3(ni):2D:sp1:1,wp1:1,sc2:0,wc2:0,rfl1:1,rfp1:1;3:FLAGS:aig*,dcg*,dmg*;3:FID:sf:3,wf:3,vf:0;4:INTEGRAL:intmod,is:2,ins:3,io:0,,lvl:3,tlt:3;"
0 
bs 7 1 32767 0 1 2 1 0 1 64
1 16 
0 
acqcycles 1 1 9.99999984307e+17 -9.99999984307e+17 0 2 1 0 1 64
1 256 
0 
HMQCni 7 1 32767 0 0 2 1 1 1 64
1 0 
0 
DEPTHMQCni 7 1 32767 0 0 2 1 1 1 64
1 0 
0 
CARBONnt 7 1 32767 0 0 2 1 0 1 64
1 0 
0 
Archive1 2 2 8 0 0 2 1 0 1 64
1 ""
0 
ACQtime 7 1 100000000 0 1 2 1 256 1 64
1 63.583729 
0 
APTnt 7 1 32767 0 0 2 1 1 1 64
1 0 
0 
Archive2 2 2 8 0 0 2 1 0 1 64
1 ""
0 
COSYnt 7 1 32767 0 0 2 1 0 1 64
1 0 
0 
COSYni 7 1 32767 0 0 2 1 1 1 64
1 0 
0 
Gmap 2 2 8 0 0 2 1 1 1 64
1 "lk"
0 
DEPTnt 7 1 32767 0 0 2 1 1 1 64
1 0 
0 
DEPTHMQCnt 7 1 32767 0 0 2 1 0 1 64
1 0 
0 
EDratio 1 1 9.99999984307e+17 -9.99999984307e+17 0 2 1 0 1 64
1 1 
0 
FLUORINEnt 7 1 32767 0 0 2 1 0 1 64
1 0 
0 
HETCORnt 7 1 32767 0 0 2 1 1 1 64
1 0 
0 
Gmapname 2 2 8 0 0 2 1 1 1 64
1 ""
0 
HETCORni 7 1 32767 0 0 2 1 1 1 64
1 0 
0 
HMBCni 7 1 32767 0 0 2 1 1 1 64
1 0 
0 
HMBCJ 5 1 1000000000 -1000000000 0 2 1 0 1 64
1 8 
0 
HMBCnt 7 1 32767 0 0 2 1 0 1 64
1 0 
0 
PFGflg 4 2 4 0 0 2 1 1 1 64
1 "y"
0 
lkgate_flg 4 2 4 0 0 2 1 1 1 64
1 "y"
0 
Hprescan 2 2 8 0 0 3 1 0 1 64
6 "off"
"auto"
"off"
""
"Complete"
"Complete"
0 
HMQCnt 7 1 32767 0 0 2 1 0 1 64
1 0 
0 
NOESYnt 7 1 32767 0 0 2 1 0 1 64
1 0 
0 
NOESYni 7 1 32767 0 0 2 1 1 1 64
1 0 
0 
Nmix 3 1 14 14 14 4 1 8192 1 64
1 0.2 
0 
REQexp 2 2 8 0 0 4 1 256 1 64
1 "wet1D PRESAT PROTON"
0 
PROTONnt 7 1 32767 0 0 2 1 0 1 64
1 0 
0 
PHOSPHORUSnt 7 1 32767 0 0 2 1 0 1 64
1 0 
0 
Rmix 3 1 14 14 14 4 1 8192 1 64
1 0.15 
0 
ROESYnt 7 1 32767 0 0 2 1 0 1 64
1 0 
0 
ROESYni 7 1 32767 0 0 2 1 1 1 64
1 0 
0 
TOCSYnt 7 1 32767 0 0 2 1 0 1 64
1 0 
0 
TOCSYni 7 1 32767 0 0 2 1 1 1 64
1 0 
0 
Tmix 3 1 14 14 14 4 1 8192 1 64
1 0.08 
0 
archivedir 2 2 8 0 0 2 1 0 1 64
1 ""
0 
aig 2 2 2 0 0 4 1 1 1 64
1 "ai"
2 "nm" "ai" 
actionid 2 2 8 0 0 4 1 0 1 64
1 "null"
0 
acqpath 2 2 8 0 0 2 1 0 1 64
1 ""
0 
acqdim 7 1 32767 0 0 2 1 0 1 64
1 2 
0 
acqstatus 7 1 32767 0 0 2 1 0 1 64
2 101 0 
0 
adir2tmplt 2 2 8 0 0 2 1 0 1 64
1 ""
0 
adiabatic 4 2 4 0 0 2 1 0 1 64
1 "y"
0 
adirtmplt 2 2 8 0 0 2 1 0 1 64
1 "/home/data/$operator$"
0 
ap 2 2 1023 0 0 4 1 6 1 64
1 "1:SAMPLE:date,solvent,sample;1:ACQUISITION:sw:1,at:3,np:0,fb:0,ss(ss):0,d1:3,nt:0;1:2D ACQUISITION:sw1:1,ni,d2(d2):6,phase;1:TRANSMITTER:tn,sfrq:3,tof:1,tpwr:0,pw:3;1:DECOUPLER:dn,dof:1,dm,dmm,dmf,dpwr,pwxlvl,pwx:3;1:HMQC:j1xh:1,nullflg;2:FLAGS:hs,sspul,PFGflg,hsglvl;2:SPECIAL:temp:1,gain:0,spin:0;2:GRADIENTS:gzlvl1,gt1:6,gzlvl3,gt3:6,gstab:6;2:F2 PROCESSING:lb(lb):2,sb(sb):3,sbs(sb):3,gf(gf):3,gfs(gf):3,awc(awc):3,lsfid(lsfid):0,phfid(phfid):1,proc(proc<>'ft'),fn;2:F1 PROCESSING:lb1(lb1):2,sb1(sb1):3,sbs1(sb1):3,gf1(gf1):3,gfs1(gf1):3,awc1(awc1):3,proc1(proc1<>'ft'),fn1:0;2:DISPLAY:sp:1,wp:1,sp1:1,wp1:1,rfl:1,rfp:1,rfl1:1,rfp1:1;2:PLOT:wc:1,sc:1,wc2:1,sc2:1,vs:0,th:0,aig*,dcg*,dmg*;"
0 
alock 2 2 8 0 0 2 1 0 1 64
1 "n"
5 "a" "n" "s" "u" "y" 
alfa 6 1 13 13 13 2 1 8194 1 64
1 10 
0 
apptype 2 2 8 0 0 2 1 1 1 64
1 "hetero2D"
0 
arraydscale 4 2 4 0 0 2 1 0 1 64
1 "n"
0 
arraydim 7 1 32768 1 1 2 1 5 1 64
1 256 
0 
array 2 2 256 0 0 2 1 1 1 64
1 "phase"
0 
arraydelta 7 1 32767 0 0 2 1 0 1 64
1 1 
0 
arraydodc 4 2 4 0 0 2 1 0 1 64
1 "n"
0 
at 1 1 14 14 14 2 1 24587 1 64
1 0.06336 
0 
arrayflip 4 2 4 0 0 2 1 0 1 64
1 "n"
0 
arrayelemts 1 1 9.99999984307e+17 -9.99999984307e+17 0 2 1 0 1 64
1 2 
0 
arraystop 7 1 32767 0 0 2 1 0 1 64
1 21 
0 
arraystart 7 1 32767 0 0 2 1 0 1 64
1 1 
0 
asap 4 2 4 0 0 2 1 0 1 64
1 "y"
0 
awc1 1 1 1 -1 0.001 3 1 1 0 64
1 0 
0 
awc 1 1 1 -1 0.001 3 1 1 0 64
1 0 
0 
axis 4 2 4 0 0 4 1 0 1 64
1 "pd"
11 "c" "d" "1" "2" "3" "h" "k" "m" "n" "p" "u" 
axisf 4 2 4 0 0 4 1 0 1 64
1 "s"
4 "m" "n" "s" "u" 
cutoff 1 1 9.99999984307e+17 -9.99999984307e+17 0 4 1 0 0 64
1 200 
0 
cp 2 2 1 0 0 2 1 0 1 64
1 "y"
2 "y" "n" 
cf 7 1 32767 0 1 3 1 1 0 64
1 1 
0 
celem 1 1 9.99999984307e+17 -9.99999984307e+17 0 2 1 0 1 64
1 0 
0 
c13wet 4 2 4 0 0 2 1 0 1 64
1 "n"
2 "y" "n" 
compshape 2 2 8 0 0 2 1 0 1 64
1 ""
0 
comment 2 2 8 0 0 3 1 0 1 64
1 ""
0 
composit 4 2 4 0 0 2 1 0 1 64
1 "n"
2 "y" "n" 
console 2 2 8 0 0 2 1 0 1 64
1 "vnmrs"
0 
crf 1 1 9.99999984307e+17 -9.99999984307e+17 0 4 1 0 1 64
1 0 
0 
cr 1 1 1000000000 -1000000000 0 4 1 1 1 64
1 4185.47431398 
0 
cppauseflg 4 2 4 0 0 4 1 0 1 64
1 "n"
0 
cr1 1 1 1000000000 -1000000000 0 4 1 3 1 64
1 18395.4197776 
0 
ct 7 1 1000000000 0 1 2 1 6 1 64
1 0 
0 
customflag 4 2 4 0 0 4 1 0 1 64
1 "n"
0 
dec2wave 2 2 8 0 0 2 1 0 1 64
1 "g"
0 
date 2 2 9 0 0 2 1 1 1 64
1 "Nov 29 2007"
0 
d2 3 1 14 14 14 2 1 8194 1 64
1 0 
0 
d1 3 1 14 14 14 2 1 24578 1 64
1 0.06 
0 
dataid 2 2 8 0 0 2 1 0 1 64
1 ""
0 
dataProcessed 1 1 9.99999984307e+17 -9.99999984307e+17 0 3 1 0 1 64
1 0 
0 
dcrmv 4 2 9.99999984307e+17 -9.99999984307e+17 0 4 1 0 1 64
1 "n"
2 "y" "n" 
dbwwet 1 1 9.99999984307e+17 -9.99999984307e+17 0 2 1 0 1 64
1 5000 
0 
datname 2 2 8 0 0 3 1 0 1 64
1 ""
0 
dcg 2 2 3 0 0 4 1 1 1 64
1 "cdc"
2 "dc" "cdc" 
ddrpm 4 2 4 0 0 2 1 0 1 64
1 "e"
2 "e" "p" 
ddrtc 6 1 1000 0 0.0125 2 1 0 1 64
1 40.6 
0 
deltaf 1 1 100 0 0 4 1 0 1 64
1 0 
0 
delta 1 1 2000000 0 0 4 1 1 1 64
1 4181.83924788 
0 
decwave 2 2 8 0 0 2 1 0 1 64
1 "W40_HCN5mm"
0 
dec3wave 2 2 8 0 0 2 1 0 1 64
1 "g"
0 
decwavewet 2 2 8 0 0 2 1 0 1 64
1 "w"
0 
delta1 1 1 2000000 0 0 4 1 3 1 64
1 15093.8916435 
0 
dfrq2 1 1 1000000000 0 0 2 1 9 1 64
1 0 
0 
dfrq 5 1 1000000000 -1000000000 0 2 1 8 1 64
1 125.6932479 
0 
dg 2 2 1023 0 0 4 1 6 1 64
1 "1:SAMPLE:date,solvent,sample;1:ACQUISITION:sw:1,at:3,np:0,bs(bs):0,ss(ss):0,d1:3,d2(d2):3,nt:0,ct:0;1:2D ACQUISITION:sw1:1,ni,phase:0;2:TRANSMITTER:tn,sfrq:3,tof:1,tpwr:0,pw:3;2:DECOUPLER:dn,dof:1,pwxlvl:0,pwx:3,dm,dmm,dmf:0,dpwr:0;3:HMQC:j1xh:1,asap,mix(asap):4,tpwr_cf:4,adiabatic;3:GRADIENTS:gzlvl0,gt0:6,gzlvl1,gt1:6,gzlvl2,gt2:6,gstab:6;4:SPECIAL:temp:1,spin,gain,sspul,pw90:3;4:PROCESSING:cf(nf):0,lb(lb):2,sb(sb):3,sbs(sb):3,gf(gf):3,gfs(gf):3,awc(awc):3,proc(proc<>'ft'),fn:0,math(math<>'f');4:2D PROCESSING:lb1(lb1):2,sb1(sb1):3,sbs1(sb1):3,gf1(gf1):3,gfs1(gf1):3,awc1(awc1):3,proc1(proc1<>'ft'),fn1:0,pmode;"
0 
dfrq3 1 1 1000000000 0 0 2 1 9 1 64
1 0 
0 
dpwr 7 1 9 9 9 2 1 8194 1 64
1 40 
0 
dmg1 2 2 8 0 0 4 1 0 1 64
1 "ph1"
4 "" "av1" "ph1" "pwr1" 
dlp 7 1 10 10 10 2 1 8194 0 64
1 20 
0 
dgss 2 2 8 0 0 4 1 6 1 64
1 "1:WET:wet,wetshape,wetpwr,pwwet:3,composit,compshape,gzlvlw,gtw:6,gswet:6,dz:6;2:C13 WET:c13wet,dofwet:1,dpwrwet,dmfwet,decwavewet;4:PRESAT:satmode,satpwr,satdly:3,satfrq:1;"
0 
dglp 2 2 8 0 0 4 1 7 1 64
1 "1(lpfilt):LP:lpalg,lpopt,lpfilt:0,lpnupts:0,strtlp:0,lpext:0,strtext:0;2(lpfilt1):LP 1:lpalg1,lpopt1,lpfilt1:0,lpnupts1:0,strtlp1:0,lpext1:0,strtext1:0;3(lpfilt2):LP 2:lpalg2,lpopt2,lpfilt2:0,lpnupts2:0,strtlp2:0,lpext2:0,strtext2:0;4:LP OUTPUT:lpprint(lpfilt):0,lptrace(lpfilt):0,lpprint1(lpfilt1):0,lptrace1(lpfilt1):0,lpprint2(lpfilt2):0,lptrace2(lpfilt2):0;"
0 
dg2 2 2 8 0 0 4 1 4 1 64
6 "1:1st DECOUPLING:dfrq:3,dn,dpwr:0,dof:1,dm,dmm,dmf:0,dseq,dres:1,homo;"
"2(numrfch>2):2nd DECOUPLING:dfrq2:3,dn2,dpwr2:0,dof2:1,dm2,dmm2,dmf2:0,dseq2,dres2:1,homo2;"
"2(numrfch>3):3rd DECOUPLING:dfrq3:3,dn3,dpwr3:0,dof3:1,dseq3,dres3:1,homo3;"
"3(ni2):3D ACQUISITION:d3:3,sw2:1,ni2:0,phase2:0;"
"3(ni2):3D DISPLAY:rp2:1,lp2:1;"
"4(ni2):3D PROCESSING:lb2:3,sb2:3,sbs2(sb2):3,gf2:3,gfs2(gf2):3,awc2:3,wtfile2,proc2,fn2:0;"
0 
dgs 2 2 1023 0 0 4 1 6 1 64
5 "1:AXIAL SHIMS:z1:0,z2:0,z3:0,z4:0,z5:0,z6:0,z7:0;"
"2:NON AXIAL SHIMS:x1:0,y1:0,xz:0,yz:0,xy:0,x2y2:0,x3:0,y3:0,xz2:0,yz2:0,zxy:0,zx2y2:0,z3x:0,z3y:0,z2x2y2:0,z2xy:0;"
"3:NON AXIAL SHIMS:zx3:0,zy3:0,x4:0,y4:0,z4x:0,z4y:0,z3x2y2:0,z3xy:0,z2x3:0,z2y3:0,z3x3:0,z3y3:0,z4x2y2:0,z4xy:0,z5x:0,z5y:0;"
"4:AUTOMATION:method,wshim,load,,spin:0,gain:0,alock,loc:0;"
"4:SPECIAL:temp;"
0 
dgs2 2 2 8 0 0 4 1 0 1 64
1 "1:DEFAULT SCANS:PROTONnt,CARBONnt,PHOSPHORUSnt,FLUORINEnt,COSYnt,HMQCnt,DEPTHMQCnt,TOCSYnt,ROESYnt,NOESYnt,HMBCnt,DEPTnt,APTnt,HETCORnt;2:SPECIAL:explist,macro,PFGflg;2:DEFAULT DELAYS:Tmix:3,Nmix:3,Rmix:3;2:DEFAULT MISC:HMBCJ:1;3:SELECTED ni:COSYni(COSYni),HMQCni(HMQCni),DEPTHMQCni(DEPTHMQCni),HMBCni(HMBCni),TOCSYni(TOCSYni),ROESYni(ROESYni),NOESYni(NOESYni),HETCORni(HETCORni);"
0 
dhp 1 1 9 9 9 2 1 8192 0 64
1 0 
0 
dgssm 2 2 8 0 0 4 1 6 1 64
1 "1:WET:wet,gzlvlw,gtw:6,gswet:6,dz:6;1:C13 WET:c13wet,dofwet:1,dpwrwet,dmfwet;2:WETshapes:wetshape1,wetshape2,wetshape3,wetshape4;3:WETpowers:wetpwr1,wetpwr2,wetpwr3,wetpwr4;3:WETpulses:pwwet1:3,pwwet2:3,pwwet3:3,pwwet4:3;4:PRESAT:satmode,satpwr,satdly:3,satfrq:1;"
0 
dgwet 2 2 8 0 0 4 1 0 1 64
1 "1:WET:wet,wetshape,wetpwr,pwwet:1,composit,compshape,gzlvlw,gtw:6,gswet:6,dz:6;2:C13 WET:c13wet,dofwet:1,dpwrwet,dmmwet,dmfwet;"
0 
displaymode 4 2 9.99999984307e+17 -9.99999984307e+17 0 4 1 0 1 64
1 "r"
0 
disCmd 2 2 8 0 0 4 1 0 1 64
1 ""
0 
dmf 7 1 11 11 11 2 1 8194 1 64
1 200 
0 
dm2 4 2 4 0 0 2 1 0 1 64
1 "n"
4 "a" "n" "s" "y" 
dm 4 2 4 0 0 2 1 16384 1 64
1 "nny"
4 "a" "n" "s" "y" 
dm3 4 2 4 0 0 2 1 0 1 64
1 "n"
4 "a" "n" "s" "y" 
dmfwet 7 1 32767 0 0 2 1 0 1 64
1 200 
0 
dmf2 7 1 2000000 1 0 2 1 2 1 64
1 200 
0 
dmf3 7 1 2000000 1 0 2 1 2 1 64
1 200 
0 
dmg 2 2 2 0 0 4 1 3 1 64
1 "ph"
0 
dof 5 1 8 8 8 2 1 8202 1 64
1 -2820.10836231 
0 
dn 2 2 4 0 0 2 1 8 1 64
1 "C13"
0 
dmm2 4 2 4 0 0 2 1 0 1 64
1 "c"
9 "c" "f" "g" "m" "p" "r" "u" "w" "x" 
dmm 4 2 4 0 0 2 1 0 1 64
1 "ccg"
9 "c" "f" "g" "m" "p" "r" "u" "w" "x" 
dmmwet 4 2 4 0 0 2 1 0 1 64
1 "c"
4 "c" "w" "g" "p" 
dmm3 4 2 4 0 0 2 1 0 1 64
1 "c"
9 "c" "f" "g" "m" "p" "r" "u" "w" "x" 
dn4ref 2 2 8 0 0 4 1 1 1 64
1 ""
0 
dn2ref 2 2 8 0 0 4 1 1 1 64
1 ""
0 
dn2 2 2 8 0 0 2 1 8 1 64
1 ""
0 
dn3ref 2 2 8 0 0 4 1 1 1 64
1 ""
0 
dn3 2 2 8 0 0 2 1 8 1 64
1 ""
0 
dod 3 1 14 14 14 2 1 8194 1 64
1 0.00999999977648 
0 
dnref 2 2 8 0 0 4 1 1 1 64
1 "DSS"
0 
dotflag 2 2 8 0 0 4 1 0 1 64
1 "n"
2 "n" "y" 
dofwet 5 1 1000000000 -1000000000 0 2 1 0 1 64
1 -11359.5750527 
0 
dof2 5 1 16 16 16 2 1 8202 1 64
1 0 
0 
dof3 5 1 20 20 20 2 1 8202 1 64
1 0 
0 
doscout 7 1 10 -10 1 2 1 0 1 64
1 0 
0 
dp 2 2 1 0 0 2 1 0 1 64
1 "y"
2 "y" "n" 
dpatwet 2 2 8 0 0 2 1 0 1 64
1 "waltz16"
0 
filter 7 1 1000000000 0 1 2 1 2 1 64
1 54.0999984741 
0 
emailaddr 2 2 8 0 0 4 1 0 1 64
1 ""
0 
dseq 2 2 8 0 0 2 1 0 1 64
1 "garp1"
0 
dres 7 1 360 1 0 2 1 0 1 64
1 1 
0 
dpwr3 7 1 21 21 21 2 1 8194 1 64
1 1 
0 
dpwr2 7 1 18 18 18 2 1 8194 1 64
1 1 
0 
dpwrwet 7 1 48 -16 1 2 1 0 1 64
1 35 
0 
dres3 7 1 360 1 0 2 1 0 1 64
1 1 
0 
dres2 7 1 360 1 0 2 1 0 1 64
1 1 
0 
dreswet 1 1 9.99999984307e+17 -9.99999984307e+17 0 2 1 0 1 64
1 9 
0 
dseqwet 2 2 8 0 0 2 1 0 1 64
1 ""
0 
dseq2 2 2 8 0 0 2 1 0 1 64
1 ""
0 
dseq3 2 2 8 0 0 2 1 0 1 64
1 ""
0 
dz 3 1 14 14 14 2 1 8192 1 64
1 0 
0 
email_ 2 2 8 0 0 2 1 0 1 64
1 ""
0 
explist 2 2 8 0 0 4 1 0 1 64
1 "PROTON"
0 
execprescan 2 2 8 0 0 4 1 0 0 64
1 ""
0 
execplot 2 2 8 0 0 4 1 0 1 64
1 "hetero2d('plot')"
0 
emessage 4 2 4 0 0 2 1 0 1 64
1 "n"
0 
execprep 2 2 8 0 0 4 1 0 0 64
1 ""
0 
execsetup 2 2 8 0 0 4 1 0 1 64
1 "hetero2d('setup')"
0 
execprocess 2 2 8 0 0 4 1 0 1 64
1 "hetero2d('process')"
0 
f2SW 2 2 8 0 0 2 1 1 1 64
1 ""
0 
f1SW 2 2 8 0 0 2 1 1 1 64
1 "setsw1(dn,160,-10):dof"
0 
exppath 2 2 8 0 0 2 1 0 1 64
1 "/home/ilsu/data/ASAPhmqc_02"
0 
f1coef 2 2 8 0 0 3 1 16385 1 64
1 "1 0 1 0 0 1 0 -1"
0 
fidid 2 2 8 0 0 2 1 0 1 64
1 ""
0 
fb 7 1 55000 1000 200 2 1 11 1 64
1 4400 
0 
file 2 2 6 0 0 2 1 3 1 64
1 "exp"
0 
fpmult1 1 1 1000000000 0 0 3 2 0 0 64
1 0.5 
0 
fn1 7 1 524288 64 -2 3 1 1 1 64
1 2048 
0 
fn 7 1 524288 64 -2 3 1 1 1 64
1 2048 
0 
filtfile 2 2 8 0 0 2 1 0 1 64
1 ""
0 
fpmult 1 1 1000000000 0 0 3 1 0 0 64
1 1 
0 
gf 1 1 100000 0 0 3 1 1 1 64
1 0.02927232 
0 
gain 1 1 60 0 2 2 1 0 1 64
1 20 
0 
ftproc 1 1 9.99999984307e+17 -9.99999984307e+17 0 3 1 256 1 64
2 1 202 
0 
fzoom 7 1 32767 0 0 4 1 0 1 64
1 0 
0 
gain2 1 1 60 0 2 2 1 1 1 64
1 30 
0 
gf1 1 1 100000 0 0 3 1 1 1 64
1 0.005513508 
0 
gfs 1 1 1000 -1000 0.001 3 1 1 0 64
1 0 
0 
lp1 1 1 3600 -3600 0.1 4 1 3 1 64
1 0 
0 
il 2 2 1 0 0 2 1 0 1 64
1 "n"
2 "y" "n" 
gzlvl9 1 1 1000000 -1000000 1 2 1 0 1 64
1 5067 
0 
gtw 3 1 0.01 0 1e-06 2 1 0 1 64
1 0.002 
0 
gt7 3 1 14 14 14 2 1 8192 1 64
1 0.001 
0 
gt3 3 1 14 14 14 2 1 8192 1 64
1 0.004 
0 
gswet 3 1 14 14 14 2 1 8192 1 64
1 0.002 
0 
gstab 3 1 14 14 14 2 1 8192 1 64
1 0.0005 
0 
gstab2 3 1 14 14 14 2 1 8192 1 64
1 0.0005 
0 
gt1 3 1 14 14 14 2 1 8192 1 64
1 0.001 
0 
gt0 3 1 14 14 14 2 1 8192 1 64
1 0.001 
0 
gt2 3 1 14 14 14 2 1 8192 1 64
1 0.001 
0 
gt5 3 1 14 14 14 2 1 8192 1 64
1 0.001 
0 
gt4 3 1 14 14 14 2 1 8192 1 64
1 0.001 
0 
gt6 3 1 14 14 14 2 1 8192 1 64
1 0.001 
0 
gt9 3 1 14 14 14 2 1 8192 1 64
1 0.001 
0 
gt8 3 1 14 14 14 2 1 8192 1 64
1 0.001 
0 
gtD 3 1 14 14 14 2 1 8192 1 64
1 0 
0 
gtE 3 1 14 14 14 2 1 8192 1 64
1 0.001 
0 
gzlvl3 1 1 9.99999984307e+17 -9.99999984307e+17 0 2 1 0 1 64
1 5637 
0 
gzlvl0 1 1 9.99999984307e+17 -9.99999984307e+17 0 2 1 0 1 64
1 1000 
0 
gxppars 2 2 8 0 0 2 1 0 1 64
1 ""
0 
gzlvl1 1 1 9.99999984307e+17 -9.99999984307e+17 0 2 1 0 1 64
1 11273 
0 
gzlvl2 1 1 9.99999984307e+17 -9.99999984307e+17 0 2 1 0 1 64
1 4702 
0 
gzlvl7 1 1 1000000 -1000000 1 2 1 0 1 64
1 3941 
0 
gzlvl5 1 1 1000000 -1000000 1 2 1 0 1 64
1 2815 
0 
gzlvl4 1 1 1000000 -1000000 1 2 1 0 1 64
1 2252 
0 
gzlvl6 1 1 1000000 -1000000 1 2 1 0 1 64
1 3378 
0 
gzlvl8 1 1 1000000 -1000000 1 2 1 0 1 64
1 4504 
0 
homo 2 2 8 0 0 2 1 0 1 64
1 "n"
2 "n" "y" 
gzlvlw 7 1 32768 -32768 1 2 1 0 1 64
1 3144 
0 
gzlvlD 1 1 1000000 -1000000 1 2 1 0 1 64
1 0 
0 
gzlvlE 1 1 1000000 -1000000 1 2 1 0 1 64
1 1000 
0 
hdpwr 7 1 49 -16 1 2 1 2 1 64
1 1 
0 
hdof 5 1 7 7 7 2 1 8194 1 64
1 0 
0 
ho 1 1 500 -500 0 4 1 1 1 64
1 -11.9404761905 
0 
hst 3 1 0.02 0 2.5e-08 2 1 2 1 64
1 0.00800000037998 
0 
hsglvl 1 1 9.99999984307e+17 -9.99999984307e+17 0 2 1 0 1 64
1 8455 
0 
homo3 4 2 4 0 0 2 1 0 1 64
1 "n"
2 "n" "y" 
homo2 4 2 4 0 0 2 1 0 1 64
1 "n"
2 "n" "y" 
hs 4 2 4 0 0 2 1 0 1 64
1 "yn"
2 "n" "y" 
hsgt 3 1 14 14 14 2 1 8192 1 64
1 0.002 
0 
hzmm 1 1 1000000000 -1000000000 0 4 1 11 1 64
1 33.6371527778 
0 
ident 2 2 8 0 0 3 1 0 1 64
1 ""
0 
io 1 1 500 -500 0.1 4 1 1 1 64
1 20 
0 
ins2 1 1 9.99999984307e+17 -9.99999984307e+17 0 4 1 0 1 64
1 1 
0 
ins 3 1 8190 0 1e-07 4 1 3 1 64
1 1 
0 
in 4 2 1 0 0 2 1 0 1 64
1 "n"
3 "n" "w" "y" 
intmod 2 2 8 0 0 4 1 0 1 64
1 "off"
3 "off" "partial" "full" 
insref 1 1 9.99999984307e+17 -9.99999984307e+17 0 4 1 0 1 64
1 1 
0 
ins2ref 1 1 9.99999984307e+17 -9.99999984307e+17 0 4 1 0 1 64
1 1 
0 
investigator 2 2 8 0 0 2 1 0 1 64
1 ""
0 
invgcal 1 1 1000000 -1000000 1 2 1 0 1 64
1 563 
0 
lifrq 1 1 1000000000 -1000000000 0 4 1 0 0 64
35 6937.18088506 6702.51204325 5790.65597224 5585.81203743 5166.64493379 4971.97383547 4881.11190953 4676.9615772 4652.91669094 4225.88875911 4225.65755828 4096.6474955 3663.14594044 3533.67347599 3533.67347599 3473.0988587 3473.0988587 3389.6353593 3389.6353593 3216.00353645 3215.77233562 3023.64444642 2822.7309257 2634.99585226 2634.99585226 2397.09019884 2396.85899801 2130.28444176 1854.2306515 1654.47313493 1640.60108516 995.088369581 856.830273622 643.20070729 0 
0 
lb 1 1 100000 -100000 0 3 1 1 0 64
1 25 
0 
is 1 1 1000000000 1e-06 0 4 1 3 1 64
1 500 
0 
j1xh 5 1 1000000000 -1000000000 0 2 1 0 1 64
1 140 
0 
lb1 1 1 100000 -100000 0 3 1 1 0 64
1 0.318309992552 
0 
liamp 1 1 1000000000 0 0 4 1 0 0 64
1 0 
0 
load 2 2 4 0 0 2 1 3 1 64
1 "n"
2 "y" "n" 
llfrq 1 1 1000000000 -1000000000 0 4 1 0 0 64
1 0 
0 
llamp 1 1 1000000000 0 0 4 1 0 0 64
1 0 
0 
lot 2 2 8 0 0 2 1 0 1 64
1 ""
0 
longlist 2 2 8 0 0 2 1 0 1 64
1 ""
0 
locdir 2 2 8 0 0 2 1 0 1 64
1 ""
0 
lp 1 1 3600 -3600 0.1 4 1 3 1 64
1 0 
0 
phfid 1 1 3600 -3600 0.1 3 1 0 0 64
1 0 
0 
n3 2 2 6 0 0 4 1 3 1 64
1 ""
0 
lsfrq 1 1 9.99999984307e+17 -9.99999984307e+17 0 3 1 0 0 64
1 0 
0 
lpopt 2 2 8 0 0 3 1 0 1 64
1 "b"
0 
lpfilt 7 1 32767 1 1 3 1 0 1 64
1 32 
0 
lpext 7 1 1000000 0 1 3 1 0 1 64
1 1 
0 
lpalg1 2 2 8 0 0 3 1 0 1 64
1 "lpfft"
0 
lpalg 2 2 8 0 0 3 1 0 1 64
1 "lpfft"
0 
lpext1 7 1 1000000 0 1 3 1 0 1 64
1 128 
0 
lpnupts 7 1 1000000 1 1 3 1 0 1 64
1 64 
0 
lpfilt1 7 1 32767 1 1 3 1 0 1 64
1 4 
0 
lpnupts1 7 1 1000000 1 1 3 1 0 1 64
1 128 
0 
lptrace 7 1 32767 0 1 3 1 0 1 64
1 0 
0 
lpprint 7 1 63 0 1 3 1 0 1 64
1 0 
0 
lpopt1 2 2 8 0 0 3 1 0 1 64
1 "f"
0 
lpprint1 7 1 63 0 1 3 1 0 1 64
1 0 
0 
lsfid 7 1 64000 -64000 1 3 1 0 0 64
1 0 
0 
lptrace1 7 1 32767 0 1 3 1 0 1 64
1 0 
0 
math 2 2 1 0 0 3 1 3 1 64
1 "f"
3 "d" "f" "i" 
macro 2 2 6 0 0 4 1 3 1 64
1 ""
0 
lvl 1 1 1000000000 -1000000000 0 4 1 1 1 64
1 0 
0 
lsfrq1 1 1 9.99999984307e+17 -9.99999984307e+17 0 3 1 0 0 64
1 0 
0 
marker2 2 2 8 0 0 2 1 0 1 64
1 ""
0 
marker1 2 2 8 0 0 2 1 0 1 64
1 ""
0 
markerfrq1 1 1 9.99999984307e+17 -9.99999984307e+17 0 2 1 0 1 64
1 0 
0 
markerfrq2 1 1 9.99999984307e+17 -9.99999984307e+17 0 2 1 0 1 64
1 0 
0 
modules 2 2 8 0 0 2 1 1 1 64
1 " presat wet gradient par2D"
0 
method 2 2 6 0 0 2 1 3 1 64
1 "z1z2"
0 
mix 3 1 14 14 14 2 1 8192 1 64
1 0.025 
0 
n1 2 2 6 0 0 4 1 3 1 64
1 ""
0 
mult 7 1 32767 0 0 2 1 0 1 64
1 2 
0 
n2 2 2 6 0 0 4 1 3 1 64
1 ""
0 
oscoef 7 1 49999 3 2 2 1 1 1 64
1 91 
0 
nt 7 1 1000000000 1 1 2 1 16386 1 64
1 2 
0 
newmodules 2 2 8 0 0 2 1 1 1 64
1 ""
0 
nameprefix 2 2 8 0 0 2 1 9 1 64
1 ""
0 
name 2 2 8 0 0 3 1 0 1 64
1 ""
0 
notebook 2 2 8 0 0 2 1 0 1 64
1 ""
0 
ni 7 1 32767 0 0 2 1 16384 1 64
1 96 
0 
np 7 1 128000 64 64 2 1 11 1 64
1 960 
0 
obsSW 2 2 8 0 0 2 1 1 1 64
1 "setsw(14,-2)"
0 
nullflg 4 2 4 0 0 2 1 0 1 64
1 "y"
0 
null 1 1 1e+18 -1e+18 0 2 1 0 1 64
1 0 
0 
operator_ 2 2 8 0 0 2 1 0 1 64
1 "vnmr1"
0 
p1 6 1 13 13 13 2 1 8194 1 64
1 0 
0 
oslsfrq 1 1 9.99999984307e+17 -9.99999984307e+17 0 2 1 1 0 64
1 0 
0 
osfb 1 1 100000 0 0 2 1 1 0 64
1 0 
0 
osfilt 2 2 8 0 0 2 1 0 1 64
1 ""
5 "a" "A" "b" "B" "" 
oversamp 7 1 20 0 1 2 1 9 1 64
1 1 
0 
parlabel 2 2 8 0 0 2 1 5 1 64
1 "ASAPHMQC"
0 
page 2 2 8 0 0 2 1 0 1 64
1 ""
0 
pad 3 1 14 14 14 2 1 8194 1 64
1 0.5 
0 
paramChanged 1 1 9.99999984307e+17 -9.99999984307e+17 0 2 1 0 1 64
1 0 
0 
parversion 1 1 9.99999984307e+17 -9.99999984307e+17 0 2 1 4 1 64
1 5.1 
0 
parrev 1 1 9.99999984307e+17 -9.99999984307e+17 0 2 1 0 1 64
1 1 
0 
phase 7 1 20 0 1 2 1 16384 1 64
2 1 2 
0 
proc 2 2 10 0 0 3 1 1 1 64
1 "ft"
0 
preacq 6 1 13 13 13 2 1 8192 0 64
1 0 
0 
pmode 2 2 8 0 0 3 1 0 1 64
1 "full"
0 
plotfile 2 2 8 0 0 2 1 0 1 64
1 ""
0 
phfid1 1 1 3600 -3600 0.1 3 1 0 0 64
1 0 
0 
plocklist 2 2 8 0 0 2 1 1 1 64
1 " plocklist apptype modules wrtp parlabel REQexp ACQtime"
0 
pltmod 2 2 8 0 0 4 1 0 1 64
1 "off"
5 "off" "fixed" "full" "variable" "user" 
plt2Darg 2 2 8 0 0 4 1 272 1 64
5 "both"
"7"
"1.5"
"proj"
"proj"
0 
pltopt 4 2 4 0 0 2 1 0 1 64
1 "n"
0 
pp 6 1 8190 0 1e-07 2 1 2 1 64
1 12.5 
0 
position2 2 2 8 0 0 3 1 0 1 64
1 ""
0 
position1 2 2 8 0 0 3 1 0 1 64
1 ""
0 
pplvl_cf 1 1 9.99999984307e+17 -9.99999984307e+17 0 2 1 0 1 64
1 1 
0 
pplvl 1 1 63 -16 1 2 1 0 1 64
1 55 
0 
prcopt 4 2 4 0 0 2 1 0 1 64
1 "y"
0 
prgflg 4 2 4 0 0 2 1 0 1 64
1 "n"
0 
prescan 2 2 8 0 0 3 1 0 1 64
11 "Not done"
"Not done"
"off"
"off"
"off"
"off"
"Complete"
"on"
"off"
""
""
0 
presatgh2 1 1 9.99999984307e+17 -9.99999984307e+17 0 2 1 0 1 64
1 10 
0 
presatinit 4 2 4 0 0 2 1 0 1 64
1 "n"
0 
prgd1 3 1 14 14 14 2 1 8192 1 64
1 0.0002 
0 
prgcycle 7 1 32767 0 0 2 1 8 1 64
1 2 
0 
prgd2 3 1 14 14 14 2 1 8192 1 64
1 0.0002 
0 
prggzlvl 1 1 1000000 -1000000 1 2 1 0 1 64
1 18660 
0 
prggt 3 1 14 14 14 2 1 8192 1 64
1 0.001 
0 
prggstab 3 1 14 14 14 2 1 8192 1 64
1 0.0005 
0 
priority 7 1 32768 0 1 2 1 0 1 64
1 5 
0 
prgpw 6 1 13 13 13 2 1 8192 1 64
1 5.7 
0 
pw 6 1 13 13 13 2 1 8194 1 64
1 8.8 
0 
protocols 2 2 8 0 0 3 1 0 1 64
1 ""
0 
procdim 7 1 32767 0 0 3 1 0 1 64
1 2 
0 
proc1 2 2 10 0 0 3 2 1 1 64
1 "lp"
0 
processid 1 1 9.99999984307e+17 -9.99999984307e+17 0 2 1 0 1 64
1 0 
0 
pslabel 2 2 8 0 0 2 1 11 1 64
1 "ASAPHMQC"
0 
psatsolv 2 2 8 0 0 2 1 0 1 64
1 "D2O"
0 
psppm 2 2 8 0 0 2 1 1 1 64
1 ""
0 
pstof 5 1 1000000000 -1000000000 0 2 1 264 1 64
1 0 
0 
pwwet3 6 1 1000000 0 0.025 2 1 0 1 64
1 0 
0 
pwwet1 6 1 1000000 0 0.025 2 1 0 1 64
1 0 
0 
pw90 6 1 13 13 13 2 1 8194 1 64
1 8.8 
0 
pwwet 6 1 1000000 0 0.1 2 1 0 1 64
1 0 
0 
pwwet2 6 1 1000000 0 0.025 2 1 0 1 64
1 0 
0 
pwx2lvl 1 1 63 -16 1 2 1 0 1 64
1 55 
0 
pwx 6 1 10000000 0 0.1 2 1 0 1 64
1 13.3 
0 
pwwet4 6 1 1000000 0 0.025 2 1 0 1 64
1 0 
0 
pwx2 6 1 13 13 13 2 1 8192 1 64
1 15 
0 
pwxlvl 1 1 1e+18 -1e+18 0 2 1 0 1 64
1 62 
0 
pwx2lvl_cf 1 1 9.99999984307e+17 -9.99999984307e+17 0 2 1 0 1 64
1 1 
0 
pwxlvl_cf 1 1 9.99999984307e+17 -9.99999984307e+17 0 2 1 0 1 64
1 0.945 
0 
queue 2 2 8 0 0 2 1 0 1 64
1 "dayQ"
0 
werr 2 2 6 0 0 3 1 3 1 64
1 "xmreact"
0 
spin 1 1 39 0 1 2 1 0 1 64
1 0 
0 
rof2 6 1 13 13 13 2 1 8194 1 64
1 25 
0 
reffrq 1 1 9.99999984307e+17 -9.99999984307e+17 0 4 1 0 1 64
1 499.837170923 
0 
r6 1 1 1e+18 -1e+18 0 4 1 1 1 64
1 0 
0 
r4 1 1 1e+18 -1e+18 0 4 1 1 1 64
1 0 
0 
r2 1 1 1e+18 -1e+18 0 4 1 1 1 64
1 0 
0 
r3 1 1 1e+18 -1e+18 0 4 1 1 1 64
1 0 
0 
r5 1 1 1e+18 -1e+18 0 4 1 1 1 64
1 0 
0 
ref 5 1 1000000000 -1000000000 0 3 4 0 1 64
1 0 
0 
r7 1 1 1e+18 -1e+18 0 4 1 1 1 64
1 0 
0 
rcvrs 4 2 4 0 0 2 1 1 1 64
1 "y"
2 "n" "y" 
ref_pw90 6 1 13 13 13 2 1 8192 1 64
1 5.475 
0 
ref1 5 1 1000000000 -1000000000 0 3 5 0 1 64
1 0 
0 
ref_pwr 1 1 9.99999984307e+17 -9.99999984307e+17 0 2 1 0 1 64
1 60 
0 
rfl 1 1 1000000000 -1000000000 0 4 1 1 1 64
1 750.801357343 
0 
refpos1 1 1 9.99999984307e+17 -9.99999984307e+17 0 4 1 0 1 64
1 0 
0 
refpos 1 1 9.99999984307e+17 -9.99999984307e+17 0 4 1 0 1 64
1 0 
0 
reffrq1 1 1 9.99999984307e+17 -9.99999984307e+17 0 4 1 0 1 64
1 125.683821705 
0 
repflg 4 2 4 0 0 2 1 0 1 64
1 "n"
0 
refsource1 2 2 8 0 0 4 1 0 1 64
1 "dfrq"
0 
rfband 4 2 4 0 0 2 1 0 1 64
1 "ccc"
3 "c" "h" "l" 
rfp 1 1 1000000000 -1000000000 0 4 1 1 1 64
1 0 
0 
rfl1 1 1 1000000000 -1000000000 0 4 1 1 1 64
1 1257.47405588 
0 
rfp1 1 1 1000000000 -1000000000 0 4 1 1 1 64
1 0 
0 
rof1 6 1 13 13 13 2 1 8194 1 64
1 10 
0 
sc2 1 1 3 3 3 4 1 8195 1 64
1 0 
0 
sb 1 1 1000 -1000 0.001 3 1 0 0 64
1 -0.062 
0 
satfrq 5 1 1000000000 -1000000000 0 2 1 256 1 64
1 499.767760386 
0 
sample 2 2 8 0 0 2 1 0 1 64
1 ""
0 
rp1 1 1 3600 -3600 0.1 4 1 3 1 64
1 -2.62390670554 
0 
rp 1 1 3600 -3600 0.1 4 1 3 1 64
1 -6.8576720682 
0 
samplename 2 2 8 0 0 2 1 0 1 64
1 ""
0 
satdly 3 1 14 14 14 2 1 8192 1 64
1 0 
0 
satpwr 1 1 17 17 17 2 1 8192 1 64
1 -13 
0 
satmode 4 2 4 0 0 2 1 0 1 64
1 "nnn"
0 
saveshapes 2 2 8 0 0 2 1 256 1 64
1 ""
0 
sbs1 1 1 1000 -1000 0.001 3 1 1 0 64
1 -0.014 
0 
sb1 1 1 1000 -1000 0.001 3 1 1 0 64
1 -0.014 
0 
sbs 1 1 1000 -1000 0.001 3 1 1 0 64
1 -0.062 
0 
sc 1 1 1 1 1 4 1 8195 1 64
1 6.25 
0 
shownumbers 2 2 8 0 0 2 1 0 1 64
1 "v"
0 
shims 2 2 8 0 0 2 1 0 1 64
1 ""
0 
sf 1 1 8190 0 1e-07 4 1 3 1 64
1 0 
0 
sdirtmplt 2 2 8 0 0 2 1 0 1 64
1 "$samplename$_%DAY%%MOCH%%YR2%%R0%"
0 
scans 2 2 8 0 0 3 1 0 1 64
1 "Proton_Minsw ASAPHMQC"
0 
seqfil 2 2 8 0 0 2 1 11 1 64
1 "ASAPHMQC"
0 
sf1 1 1 9.99999984307e+17 -9.99999984307e+17 0 4 1 0 1 64
1 0 
0 
sfrq 1 1 1000000000 0 0 2 1 11 1 64
1 499.840208 
0 
showcontent 2 2 8 0 0 2 1 0 1 64
1 "s"
0 
showarray 2 2 8 0 0 2 1 0 1 64
1 "horiz"
0 
slpname 2 2 8 0 0 2 1 256 1 64
1 ""
0 
shownumx 1 1 9.99999984307e+17 -9.99999984307e+17 0 2 1 0 1 64
1 0 
0 
shownumstyle 2 2 8 0 0 2 1 0 1 64
1 "auto"
0 
shownumy 1 1 9.99999984307e+17 -9.99999984307e+17 0 2 1 0 1 64
1 0 
0 
sn 1 1 1e+18 -1e+18 0 3 1 1 1 64
1 0 
0 
slpsat 4 2 4 0 0 2 1 0 1 64
1 "n"
0 
sp 1 1 1000000000 -1000000000 0 4 1 3 1 64
1 -740.185535202 
0 
solvent 2 2 6 0 0 2 1 11 1 64
1 "cd3od"
0 
sp1 1 1 1000000000 -1000000000 0 4 1 3 1 64
1 -1238.81424704 
0 
tof 5 1 7 7 7 2 1 8202 1 64
1 537.9 
0 
temp 1 1 200 -150 0.1 2 1 8 1 64
1 25 
0 
strtpar 2 2 8 0 0 2 1 0 1 64
1 ""
0 
strtext 7 1 1000000 1 1 3 1 0 1 64
1 1 
0 
ss 7 1 32767 -32768 0 2 1 16384 1 64
1 8 
0 
sspul 4 2 4 0 0 2 1 0 1 64
1 "n"
0 
strtlp 7 1 1000000 1 1 3 1 0 1 64
1 2 
0 
strtext1 7 1 1000000 1 1 3 1 0 1 64
1 129 
0 
strtlp1 7 1 1000000 1 1 3 1 0 1 64
1 128 
0 
svftmplt 2 2 8 0 0 2 1 0 1 64
1 "$pslabel$_%R2%"
0 
studystatus 2 2 8 0 0 2 1 0 1 64
1 "Active"
0 
study 2 2 8 0 0 3 1 0 1 64
1 ""
0 
svfopt 4 2 4 0 0 2 1 0 1 64
1 "y"
0 
studytime 1 1 9.99999984307e+17 -9.99999984307e+17 0 2 1 0 1 64
1 0 
0 
sw1 1 1 5000000 1 -1.25e-08 2 1 0 1 64
1 21367.5213675 
0 
sw 1 1 5 5 5 2 1 8203 1 64
1 7575.75757576 
0 
taua 3 1 14 14 14 2 1 8192 1 64
1 0.002272725 
0 
time_saved 2 2 8 0 0 4 1 0 1 64
1 "20080222T135351"
0 
time_exp 2 2 8 0 0 2 1 0 1 64
1 "43 sec"
0 
th 1 1 1000000000 0 0 4 1 1 1 64
1 5 
0 
text_string 2 2 8 0 0 4 1 256 1 64
1 ""
0 
time_complete 2 2 8 0 0 4 1 0 1 64
1 "20071129T180017"
0 
th2d 1 1 1 1e-18 0 4 1 17 1 64
1 0.8 
0 
time_processed 2 2 8 0 0 3 1 0 1 64
1 "20071129T180251"
0 
time_plotted 2 2 8 0 0 3 1 0 1 64
1 ""
0 
time_run 2 2 8 0 0 2 1 0 1 64
1 "20071129T180017"
0 
tlt 1 1 1000000000 -1000000000 0 4 1 1 1 64
1 0 
0 
time_svfdate 2 2 8 0 0 2 1 0 1 64
1 "20071129T180017"
0 
time_submitted_local 2 2 8 0 0 2 1 0 1 64
1 "20071129T180017X06PMThuNov"
0 
time_submitted 2 2 8 0 0 2 1 0 1 64
1 "20071129T180017"
0 
tin 2 2 1 0 0 2 1 2 1 64
1 "n"
3 "n" "w" "y" 
tn 2 2 4 0 0 2 1 8 1 64
1 "H1"
0 
tnref 2 2 8 0 0 4 1 1 1 64
1 "Me4Si, 1% in CDCl3"
0 
vp 7 1 500 -500 0.1 4 1 3 1 64
1 34 
0 
userplotter 2 2 8 0 0 4 1 0 1 64
1 ""
0 
trace 2 2 2 0 0 4 1 3 1 64
1 "f2"
2 "f1" "f2" 
tpwr 7 1 17 17 17 2 1 8194 1 64
1 56 
0 
tpwr_cf 1 1 9.99999984307e+17 -9.99999984307e+17 0 2 1 0 1 64
1 0.9363 
0 
user 2 2 9 0 0 2 1 1 1 64
1 " 1-14-87"
0 
tunemethod 2 2 8 0 0 2 1 0 1 64
1 "lohi"
0 
username 2 2 8 0 0 2 1 0 1 64
1 "vnmr1"
0 
vjdialog 2 2 8 0 0 4 1 256 1 64
1 ""
0 
vf 1 1 1000000000 0 0 4 1 3 1 64
1 26400 
0 
vjdialogarg 2 2 8 0 0 4 1 256 1 64
1 ""
0 
vo 1 1 500 -500 0 4 1 1 1 64
1 0 
0 
vtc 1 1 255 0 1 2 1 2 1 64
1 25 
0 
vpfi 1 1 500 -500 0 4 1 0 1 64
1 0 
0 
vpf 1 1 500 -500 0 4 1 0 1 64
1 0 
0 
vs2d 1 1 1000000000 1e-06 0 4 1 3 1 64
1 31661.4445093 
0 
vs 1 1 1000000000 1e-06 0 4 1 3 1 64
1 60869.5652174 
0 
vsproj 1 1 9.99999984307e+17 -9.99999984307e+17 0 4 1 3 1 64
1 13500 
0 
wc 1 1 2 2 2 4 1 8203 1 64
1 180 
0 
wbs 2 2 6 0 0 3 1 3 1 64
1 ""
0 
vtwait 3 1 14 14 14 2 1 8194 1 64
1 300 
0 
wdone 2 2 8 0 0 3 1 0 1 64
1 "xmwexp"
0 
wc2 1 1 4 4 4 4 1 8195 1 64
1 116.25 
0 
wds 2 2 8 0 0 3 1 0 1 64
1 ""
0 
y1 7 1 19 19 19 2 1 8192 1 64
1 1791 
0 
wp1 1 1 100000 0 0 4 1 3 1 64
1 21375.2005884 
0 
wetshape 2 2 8 0 0 2 1 0 1 64
1 "Pbox"
0 
wetfrqw 1 1 9.99999984307e+17 -9.99999984307e+17 0 2 1 256 1 64
1 80 
0 
wetfrq 5 1 1000000000 -1000000000 0 2 1 256 1 64
1 499.789583915 
0 
wetfly 4 2 4 0 0 2 1 0 1 64
1 "n"
2 "y" "n" 
wet 4 2 4 0 0 2 1 0 1 64
1 "n"
2 "y" "n" 
wetfrqs 2 2 8 0 0 2 1 256 1 64
1 "seduce"
0 
wetpwr2 1 1 9.99999984307e+17 -9.99999984307e+17 0 2 1 0 1 64
1 0 
0 
wetpwr 1 1 48 -16 0 2 1 0 1 64
1 -6 
0 
wetpeaks 7 1 10 0 1 2 1 0 0 64
1 0 
0 
wetpwr1 1 1 9.99999984307e+17 -9.99999984307e+17 0 2 1 0 1 64
1 0 
0 
wetpwr4 1 1 9.99999984307e+17 -9.99999984307e+17 0 2 1 0 1 64
1 0 
0 
wetpwr3 1 1 9.99999984307e+17 -9.99999984307e+17 0 2 1 0 1 64
1 0 
0 
wetset 2 2 8 0 0 4 1 0 1 64
1 "set1"
0 
wf1 1 1 9.99999984307e+17 -9.99999984307e+17 0 4 1 0 1 64
1 0.0478592000001 
0 
wetshape3 2 2 8 0 0 2 1 0 1 64
1 "wetshp"
0 
wetshape2 2 2 8 0 0 2 1 0 1 64
1 "wetshp"
0 
wetshape1 2 2 8 0 0 2 1 0 1 64
1 "wetshp"
0 
wexp 2 2 6 0 0 3 1 3 1 64
1 "abortoff flush procplot aborton"
0 
wetshape4 2 2 8 0 0 2 1 0 1 64
1 "wetshp"
0 
wf 1 1 8190 0 1e-07 4 1 3 1 64
1 0.06336 
0 
wnt 2 2 6 0 0 3 1 3 1 64
1 ""
0 
whatemail 2 2 8 0 0 2 1 0 1 64
1 "message"
0 
whenemail 2 2 8 0 0 2 1 0 1 64
1 "never"
0 
wp 1 1 5000000 0 0 4 1 11 1 64
1 7568.359375 
0 
x3 7 1 19 19 19 2 1 8192 1 64
1 7375 
0 
wtfile1 2 2 15 0 0 3 2 1 1 64
1 ""
0 
wshim 4 2 4 0 0 2 1 1 1 64
1 "n"
15 "e" "f" "g" "n" "s" "0" "1" "2" "3" "4" "5" "6" "7" "8" "9" 
wrtp 2 2 8 0 0 4 1 0 1 64
1 ""
0 
wqinit 2 2 8 0 0 4 1 0 1 64
1 ""
0 
wtfile 2 2 15 0 0 3 1 1 1 64
1 ""
0 
wstart 2 2 8 0 0 3 1 0 1 64
1 ""
0 
x1 7 1 19 19 19 2 1 8192 1 64
1 -1509 
0 
wtune 4 2 4 0 0 2 1 0 1 64
1 "st1"
11 "s" "t" "e" "i" "n" "o" "v" "1" "2" "3" "4" 
x2y2 7 1 19 19 19 2 1 8192 1 64
1 -2595 
0 
xz 7 1 19 19 19 2 1 8192 1 64
1 3642 
0 
xdiag 1 1 1e+18 0 0 4 1 17 1 64
1 0 
0 
x4 7 1 19 19 19 2 1 8192 1 64
1 100 
0 
xy 7 1 19 19 19 2 1 8192 1 64
1 3769 
0 
xz2 7 1 19 19 19 2 1 8192 1 64
1 -303 
0 
z4 7 1 19 19 19 2 1 8192 1 64
1 1664 
0 
z2c 7 1 19 19 19 2 1 8192 1 64
1 0 
0 
yz2 7 1 19 19 19 2 1 8192 1 64
1 -7122 
0 
y4 7 1 19 19 19 2 1 8192 1 64
1 0 
0 
y3 7 1 19 19 19 2 1 8192 1 64
1 4072 
0 
yz 7 1 19 19 19 2 1 8192 1 64
1 991 
0 
z1c 7 1 19 19 19 2 1 8192 1 64
1 0 
0 
z1 7 1 19 19 19 2 1 8192 1 64
1 7792 
0 
z2 7 1 19 19 19 2 1 8192 1 64
1 459 
0 
z3c 7 1 19 19 19 2 1 8192 1 64
1 0 
0 
z2xy 7 1 19 19 19 2 1 8192 1 64
1 1628 
0 
z2x2y2 7 1 19 19 19 2 1 8192 1 64
1 2333 
0 
z2x3 7 1 19 19 19 2 1 8192 1 64
1 0 
0 
z3 7 1 19 19 19 2 1 8192 1 64
1 2536 
0 
z2y3 7 1 19 19 19 2 1 8192 1 64
1 0 
0 
z3x3 7 1 19 19 19 2 1 8192 1 64
1 0 
0 
z3x2y2 7 1 19 19 19 2 1 8192 1 64
1 0 
0 
z3x 7 1 19 19 19 2 1 8192 1 64
1 11600 
0 
z3y 7 1 19 19 19 2 1 8192 1 64
1 8605 
0 
z3xy 7 1 19 19 19 2 1 8192 1 64
1 0 
0 
z3y3 7 1 19 19 19 2 1 8192 1 64
1 0 
0 
z7 7 1 19 19 19 2 1 8192 1 64
1 372 
0 
z4y 7 1 19 19 19 2 1 8192 1 64
1 2009 
0 
z4x 7 1 19 19 19 2 1 8192 1 64
1 -4848 
0 
z4c 7 1 19 19 19 2 1 8192 1 64
1 0 
0 
z4x2y2 7 1 19 19 19 2 1 8192 1 64
1 0 
0 
z4xy 7 1 19 19 19 2 1 8192 1 64
1 0 
0 
z5x 7 1 19 19 19 2 1 8192 1 64
1 0 
0 
z5 7 1 19 19 19 2 1 8192 1 64
1 -75 
0 
z6 7 1 19 19 19 2 1 8192 1 64
1 -717 
0 
z5y 7 1 19 19 19 2 1 8192 1 64
1 0 
0 
zx2y2 7 1 19 19 19 2 1 8192 1 64
1 -4825 
0 
z8 7 1 19 19 19 2 1 8192 1 64
1 0 
0 
zoom 7 1 32767 0 0 4 1 0 1 64
1 0 
0 
zxy 7 1 19 19 19 2 1 8192 1 64
1 15145 
0 
zx3 7 1 19 19 19 2 1 8192 1 64
1 809 
0 
zy3 7 1 19 19 19 2 1 8192 1 64
1 -1295 
0 
