lptrace 7 1 32767 0 1 3 1 0 1 64
1 0 
0 
dotflag 2 2 8 0 0 4 1 0 1 64
1 "n"
2 "n" "y" 
ct 7 1 1000000000 0 1 2 1 6 1 64
1 0 
0 
ap 2 2 1023 0 0 4 1 6 1 64
1 "1:SAMPLE:date,solvent,file;1:TRANSMITTER:sfrq:3,tn,tof:1,tpwr:0,pw:3;1:DECOUPLER:dfrq:3,dn,dof:1,dm,dmm,dmf:0,dpwr:0;1:ACQUISITION:sw:1,at:3,np:0,fb:0,bs(bs):0,ss(ss):0,d1:3,nt:0,ct:0;1(ni):2D ACQUISITION:sw1:1,ni:0,phase:0,d2(d2):3;1(ni2):3D ACQUISITION:sw2:1,ni2:0,phase2:0,d3(d3):3;2:PRESATURATION:satfrq:1,satpwr,satdly:3,satflg;1:HMQCTOCSY:pwxlvl:0,pwx:3,JCH:1,nullflg,slpwr:0,slpw:3,mix:3,wdwfctr(wdwfctr):1,trim:4,hmqcflg;2:F3 PROCESSING:lb(lb):2,sb(sb):3,sbs(sb):3,gf(gf):3,gfs(gf):3,fn:0;2:F1 PROCESSING:lb1(lb1):2,sb1(sb1):3,sbs1(sb1):3,gf1(gf1):3,gfs1(gf1):3fn1:0;2:F2 PROCESSING:lb2(lb2):2,sb2(sb2):3,sbs2(sbs2):3,gf2(gf2):3,gfs2(gf2):3,fn2:0;2:DISPLAY:sp:1,wp:1,sp1:1,wp1:1,sp2:1,wp2:1;2:PLOT:sc,wc,sc2,wc2,vs,th,axis;2:REFERENCE:rfl:1,rfp:1,rfl1:1,rfp1:1,rfl2:1,rfp2:1;2:PHASE:rp:1,lp:1,rp1:1,lp1:1,rp2:1,lp2:1,dmg*,dmg1*,dmg2*;2:SPECIAL:temp:1,spin:0,gain:0,sspul,hsgpwr;"
0 
CSthr 1 1 100 1 0.1 3 1 0 1 64
1 2 
0 
CSlines 7 1 32767 0 0 2 1 0 1 64
1 4 
0 
CSdensity 1 1 100 0 0 2 1 0 1 64
1 50 
0 
CS_cln 4 2 4 0 0 3 1 0 1 64
1 "y"
0 
Archive2 2 2 8 0 0 2 1 0 1 64
1 ""
0 
Archive1 2 2 8 0 0 2 1 0 1 64
1 ""
0 
ACQtime 7 1 100000000 0 1 2 1 256 1 64
1 0 
0 
BPexpress_gui 7 1 32767 0 0 2 1 0 1 64
1 0 
0 
CS_inf 4 2 4 0 0 3 1 0 1 64
1 "y"
0 
CS_dpars 4 2 4 0 0 3 1 0 1 64
1 "y"
0 
CS_se 4 2 4 0 0 3 1 0 1 64
1 "n"
0 
CSdnoise 4 2 4 0 0 3 1 0 1 64
1 "y"
0 
CSdensity2 1 1 100 0 0 2 1 0 1 64
1 50 
0 
CSdomain 7 1 32767 0 0 2 1 0 1 64
1 1 
0 
CSinp 2 2 8 0 0 2 1 0 1 64
1 ""
0 
CSseed 1 1 9.99999984307e+17 -9.99999984307e+17 0 2 1 0 1 64
1 169 
0 
CSprofile 2 2 8 0 0 2 1 256 1 64
3 ""
""
""
0 
CSniIndex 7 1 32767 0 0 2 1 256 1 64
1 0 
0 
CSni2Index 7 1 32767 0 0 2 1 256 1 64
1 0 
0 
CSpars 2 2 8 0 0 2 1 256 1 64
1 ""
0 
CSprosize 7 1 32767 0 0 2 1 256 1 64
3 0 0 0 
0 
CSreconmethod 2 2 8 0 0 2 1 0 1 64
1 "CLEAN"
0 
CSshowsch 4 2 4 0 0 2 1 0 1 64
1 "y"
0 
CSshowpro 4 2 4 0 0 2 1 0 1 64
1 "y"
0 
CSshape 2 2 8 0 0 2 1 0 1 64
1 "gexp"
0 
CSsp 7 1 32767 0 0 3 1 0 1 64
1 0 
0 
PFGflg 4 2 4 0 0 2 1 0 1 64
1 "n"
0 
Gmap 2 2 8 0 0 2 1 1 1 64
1 "no"
0 
CSwp 7 1 32767 0 0 3 1 0 1 64
1 0 
0 
CStype 4 2 4 0 0 2 1 0 1 64
1 "a"
0 
CSwt 4 2 4 0 0 2 1 0 1 64
1 "n"
0 
H1reffrq 1 1 9.99999984307e+17 -9.99999984307e+17 0 2 1 0 1 64
1 499.922475824 
0 
Gmapname 2 2 8 0 0 2 1 1 1 64
1 ""
0 
JCH 3 1 14 14 14 2 1 8192 1 64
1 165 
0 
IPrunid 2 2 8 0 0 2 1 0 1 64
1 ""
0 
MinSW 2 2 8 0 0 3 1 0 1 64
1 "off"
4 "off" "auto" "manual" "skip" 
acqstatus 7 1 32767 0 0 2 1 0 1 64
2 101 26 
0 
acqcycles 1 1 9.99999984307e+17 -9.99999984307e+17 0 2 1 0 1 64
1 128 
0 
REQexp 2 2 8 0 0 4 1 256 1 64
2 ""
"ignore"
0 
SPARSE 4 2 4 0 0 2 1 0 1 64
1 "n"
0 
acqdim 7 1 1000000000 -1000000000 0 2 1 0 1 64
1 2 
0 
aig 2 2 2 0 0 4 1 1 1 64
1 "ai"
2 "nm" "ai" 
adir2tmplt 2 2 8 0 0 2 1 0 1 64
1 ""
0 
actionid 2 2 8 0 0 2 1 0 1 64
1 "null"
0 
adirtmplt 2 2 8 0 0 2 1 0 1 64
1 ""
0 
alfa 6 1 8192 -8192 1e-07 2 1 2 1 64
1 6.6 
0 
alock 2 2 8 0 0 2 1 0 1 64
1 "n"
5 "a" "n" "s" "u" "y" 
compH 1 1 9.99999984307e+17 -9.99999984307e+17 0 2 1 0 1 64
1 0.939814814815 
0 
awc 1 1 1 -1 0.001 3 1 1 0 64
1 0.98 
0 
arrayelemts 1 1 9.99999984307e+17 -9.99999984307e+17 0 2 1 0 1 64
1 2 
0 
array 2 2 256 0 0 2 1 1 1 64
1 "phase"
0 
apptype 2 2 8 0 0 2 1 1 1 64
1 "rna_hmqc_tocsy"
0 
archivedir 2 2 8 0 0 2 1 0 1 64
1 ""
0 
arraydim 7 1 32768 1 1 2 1 5 1 64
1 128 
0 
at_ni2 1 1 9.99999984307e+17 -9.99999984307e+17 0 2 1 0 1 64
1 0.001 
0 
at_ni 1 1 9.99999984307e+17 -9.99999984307e+17 0 2 1 0 1 64
1 0.001 
0 
at 1 1 14 14 14 2 1 8203 1 64
1 0.1707264 
0 
at_obs 1 1 9.99999984307e+17 -9.99999984307e+17 0 2 1 0 1 64
1 0.001 
0 
at_ni3 1 1 9.99999984307e+17 -9.99999984307e+17 0 2 1 0 1 64
1 0.001 
0 
avwdir 2 2 8 0 0 3 1 0 1 64
1 ""
0 
bs 7 1 32767 0 1 2 1 0 0 64
1 32 
0 
axis 4 2 4 0 0 4 1 0 1 64
1 "pdp"
11 "c" "d" "1" "2" "3" "h" "k" "m" "n" "p" "u" 
awc1 1 1 1 -1 0.001 3 1 1 0 64
1 0 
0 
awc2 1 1 1 -1 0.001 3 1 1 0 64
1 0 
0 
axisf 4 2 4 0 0 4 1 0 1 64
1 "s"
4 "m" "n" "s" "u" 
cf 7 1 32767 0 1 3 1 1 0 64
1 1 
0 
celem 1 1 9.99999984307e+17 -9.99999984307e+17 0 2 1 0 1 64
1 128 
0 
compC 1 1 9.99999984307e+17 -9.99999984307e+17 0 2 1 0 1 64
1 0.896551724138 
0 
comment 2 2 8 0 0 3 1 0 1 64
1 ""
0 
compD 1 1 9.99999984307e+17 -9.99999984307e+17 0 2 1 0 1 64
1 1 
0 
cp 2 2 1 0 0 2 1 0 1 64
1 "y"
2 "y" "n" 
concentration 1 1 9.99e+17 -9.99e+17 0 2 1 0 1 64
1 0 
0 
compN 1 1 9.99999984307e+17 -9.99999984307e+17 0 2 1 0 1 64
1 1 
0 
console 2 2 8 0 0 2 1 0 1 64
1 "inova"
0 
cr1 1 1 1000000000 -1000000000 0 4 1 3 1 64
1 16519.4026447 
0 
cr 1 1 1000000000 -1000000000 0 4 1 1 1 64
1 3752.96687634 
0 
cppauseflg 4 2 4 0 0 4 1 0 1 64
1 "n"
0 
cr2 1 1 9.99999984307e+17 -9.99999984307e+17 0 4 1 0 1 64
1 2687.47565233 
0 
dgs 2 2 1023 0 0 4 1 6 1 64
5 "1:AXIAL SHIMS:z1:0,z2:0,z3:0,z4:0,z5:0,z6:0,z7:0;"
"2:NON AXIAL SHIMS:x1:0,y1:0,xz:0,yz:0,xy:0,x2y2:0,x3:0,y3:0,xz2:0,yz2:0,zxy:0,zx2y2:0,z3x:0,z3y:0;"
"3:NON AXIAL SHIMS:z2x2y2:0,z2xy:0,zx3:0,zy3:0,z4x:0,z4y:0;"
"4:AUTOMATION:method,wshim,load,,spin:0,gain:0,alock,loc:0;"
"4:SPECIAL:temp;"
0 
delta1 1 1 5000000 0 0 4 1 3 1 64
1 7419.06562743 
0 
date 2 2 9 0 0 2 1 1 1 64
1 "Jun 18 2002"
0 
d2 3 1 8190 0 1e-07 2 1 2 1 64
1 0 
0 
cutoff 1 1 9.99999984307e+17 -9.99999984307e+17 0 4 1 0 0 64
1 200 
0 
customflag 4 2 4 0 0 4 1 0 1 64
1 "n"
0 
d1 3 1 8190 0 1e-07 2 1 2 1 64
1 1 
0 
d3 3 1 14 14 14 2 1 8194 1 64
1 0 
0 
dataProcessed 1 1 9.99999984307e+17 -9.99999984307e+17 0 3 1 0 1 64
1 0 
0 
dec2wave 2 2 8 0 0 2 1 0 1 64
1 "g"
0 
dcrmv 4 2 9.99999984307e+17 -9.99999984307e+17 0 4 1 0 1 64
1 "n"
2 "y" "n" 
dcg 2 2 3 0 0 4 1 1 1 64
1 "cdc"
2 "dc" "cdc" 
ddrpm 2 2 8 0 0 2 1 0 1 64
1 ""
0 
ddrtc 6 1 13 13 13 2 1 8192 1 64
1 0 
0 
decwave 2 2 8 0 0 2 1 0 1 64
1 "g"
0 
dec3wave 2 2 8 0 0 2 1 0 1 64
1 "g"
0 
delta 1 1 5000000 0 0 4 1 1 1 64
1 3201.77589162 
0 
dfrq2 1 1 1000000000 0 0 2 1 9 1 64
1 0 
0 
deltaf 1 1 100 0 0 4 1 0 1 64
1 0 
0 
delta2 1 1 9.99999984307e+17 -9.99999984307e+17 0 4 1 0 1 64
1 1426.38257044 
0 
dfrq 5 1 1000000000 -1000000000 0 2 1 8 1 64
1 125.72057 
0 
density 1 1 9.99999984307e+17 -9.99999984307e+17 0 2 1 0 1 64
1 1 
0 
dg2 2 2 1023 0 0 4 1 7 1 64
1 "1:PROCESSING:lb:3,sb:3,sbs:3,gf:3,gfs2:3,awc2:3,wtfile,proc,fn:0;2:2D PROCESSING:lb1:3,sb1:3,sbs1:3,gf1:3,gfs1:3,awc1:3,wtfile1,proc1,fn1:0;3:3D PROCESSING:lb2:3,sb2:3,sbs2(sb2):3,gf2:3,gfs2(gf2):3,awc2:3,wtfile2,proc2,fn2:0;"
0 
dg 2 2 1023 0 0 4 1 6 1 64
1 "1:H1 ACQUISITION:sw:1,at:3,np:0,bs:0,ss:0,d1:3,nt:0,ct:0,JCH:0;1:C13 DIMENSION:sw1:1,ni,phase:0:0,d2(d2):3;1:2ND H1 DIMENSION:sw2:1,ni2,phase2:0:0,d3(d3):3;2:H1 RF:sfrq:3,tn,tof:1,tpwr:0,pw:1;2:C13 RF:dn,dof:1,pwC:1,pwClvl:0,dm,dmm,dpwr:0,dmf:0,dseq,dres:1;3:TOCSY MIXING:mix:3,slpwr:0,slpw:3,wdwfctr(wdwfctr):1,trim:4,;3:OPTIONS:hmqcflg,sspul,hsgpwr(sspul),wet;4(wet):WET:wetshape,wetpwr:0,wetpw:1,dz:5,gzlvlw:0,gtw:5,gswet:5,gswet2:5;3:SPECIAL:temp:1,gain:0,;4:SAMPLE:date,solvent,file,"
0 
dfrq3 1 1 1000000000 0 0 2 1 9 1 64
1 0 
0 
dg1 2 2 8 0 0 4 1 0 1 64
1 "1:DISPLAY:sp:1,wp:1,sp1(ni):1,wp1(ni):1,sp2(ni2):1,wp2(ni2):1;1:FID:sf:3,wf:3,vf:0;1:FLAGS:aig*,dcg*,pmode*(ni),dmg*,dmg1*(ni),dmg2*(ni2);2:REFERENCING:rfl:1,rfp:1,cr:1,delta:1,,rfl1(ni):1,rfp1(ni):1,cr1(ni):1,delta1(ni):1,,rfl2(ni2):1,rfp2(ni2):1,cr2(ni2):1,delta2(ni2):1;3:CHART:sc:0,wc:0,sc2(ni):0,wc2(ni):0,,hzmm:2,vs:1,vp:1,th:1,ho:2,vo:2,axis,,pltmod,rplot;4(ni):DIMENSIONS:trace,plane(ni2);4:INTEGRAL:intmod,is:2,ins:3,io:0,,lvl:3,tlt:3;4(ni2):3D OPTIONS:fiddc3d,specdc3d,ptspec3d,ntype3d;"
0 
dgp 2 2 8 0 0 4 1 0 1 64
1 "1:DOWNSAMPLE:downsamp,dscoef,dsfb,dslsfrq,filtfile;1:OVERSAMPLE:oversamp,oscoef,osfb,oslsfrq,osfilt;1:CONDITIONAL:werr,wexp,wbs,wnt;2:WEIGHT:lb:3,sb:3,sbs(sb):3,gf:3,gfs(gf):3,awc:3,ssfilter,ssntaps,ssorder,sslsfrq:1;2:PROCESS:cf(nf),lsfid,phfid:1,lsfrq:1,proc,fn,rp:1,lp:1;3(ni):WEIGHT 1:lb1:3,sb1:3,sbs1(sb1):3,gf1:3,gfs1(gf1):3,awc1:3,wtfile1;3(ni):PROCESS 1:phfid1:1,lsfrq1:1,proc1,f1coef,fn1,rp1:1,lp1:1;4(ni2):WEIGHT 2:lb2:3,sb2:3,sbs2(sb2):3,gf2:3,gfs2(gf2):3,awc2:3,wtfile2;4(ni2):PROCESS 2:phfid2:1,lsfrq2:1,proc2,f2coef,fn2,rp2:1,lp2:1;"
0 
dglp 2 2 8 0 0 4 1 7 1 64
1 "1(lpfilt):LP:lpalg,lpopt,lpfilt:0,lpnupts:0,strtlp:0,lpext:0,strtext:0;2(lpfilt1):LP 1:lpalg1,lpopt1,lpfilt1:0,lpnupts1:0,strtlp1:0,lpext1:0,strtext1:0;3(lpfilt2):LP 2:lpalg2,lpopt2,lpfilt2:0,lpnupts2:0,strtlp2:0,lpext2:0,strtext2:0;4:LP OUTPUT:lpprint(lpfilt):0,lptrace(lpfilt):0,lpprint1(lpfilt1):0,lptrace1(lpfilt1):0,lpprint2(lpfilt2):0,lptrace2(lpfilt2):0;"
0 
dgproc 2 2 8 0 0 4 1 0 1 64
1 "1:PROCESSING:lb:3,sb:3,sbs:3,gf:3,gfs2:3,awc2:3,wtfile,proc,fn:0;2:2D PROCESSING:lb1:3,sb1:3,sbs1:3,gf1:3,gfs1:3,awc1:3,wtfile1,proc1,fn1:0,f1coef;3:3D PROCESSING:lb2:3,sb2:3,sbs2(sb2):3,gf2:3,gfs2(gf2):3,awc2:3,wtfile2,proc2,fn2:0,f2coef;"
0 
dn2 2 2 8 0 0 2 1 8 1 64
1 ""
0 
dmf 7 1 11 11 11 2 1 8194 1 64
1 16589 
0 
displaymode 4 2 9.99999984307e+17 -9.99999984307e+17 0 4 1 0 1 64
1 "r"
6 "r" "i" "a" "e" "z" "s" 
dimension2 1 1 9.99999984307e+17 -9.99999984307e+17 0 2 1 0 1 64
1 128 
0 
dimension 2 2 8 0 0 2 1 0 1 64
1 ""
0 
dhp 1 1 9 9 9 2 1 8192 0 64
1 40 
0 
dimension1 1 1 9.99999984307e+17 -9.99999984307e+17 0 2 1 0 1 64
1 48 
0 
dimension3 1 1 9.99999984307e+17 -9.99999984307e+17 0 2 1 0 1 64
1 512 
0 
disCmd 2 2 8 0 0 4 1 0 1 64
1 ""
0 
dm 4 2 4 0 0 2 1 0 1 64
1 "nyny"
4 "a" "n" "s" "y" 
dlp 7 1 10 10 10 2 1 8194 0 64
1 10 
0 
dm2 4 2 4 0 0 2 1 0 1 64
1 "nnnn"
4 "a" "n" "s" "y" 
dm3 4 2 4 0 0 2 1 0 1 64
1 "n"
4 "a" "n" "s" "y" 
dmg 2 2 2 0 0 4 1 3 1 64
1 "ph"
0 
dmf2 7 1 100000 1 0 2 1 2 1 64
1 6685 
0 
dmf3 7 1 2000000 1 0 2 1 2 1 64
1 13838 
0 
dmm2 2 2 8 0 0 2 1 0 1 64
1 "cccc"
0 
dmg2 2 2 8 0 0 2 1 0 1 64
1 ""
0 
dmg1 2 2 8 0 0 4 1 0 1 64
1 ""
4 "" "av1" "ph1" "pwr1" 
dmm 4 2 4 0 0 2 1 0 1 64
1 "cgcg"
9 "c" "f" "g" "m" "p" "r" "u" "w" "x" 
dn 2 2 4 0 0 2 1 8 1 64
1 "C13"
0 
dmm3 4 2 4 0 0 2 1 0 1 64
1 "c"
9 "c" "f" "g" "m" "p" "r" "u" "w" "x" 
dnshapes 2 2 8 0 0 2 1 256 1 64
3 ""
""
""
0 
dn3ref 2 2 8 0 0 4 1 1 1 64
1 ""
0 
dn2shapes 2 2 8 0 0 2 1 256 1 64
3 ""
""
""
0 
dn2ref 2 2 8 0 0 4 1 1 1 64
1 ""
0 
dn3 2 2 8 0 0 2 1 8 1 64
1 ""
0 
dn4ref 2 2 8 0 0 4 1 1 1 64
1 ""
0 
dn3shapes 2 2 8 0 0 2 1 256 1 64
3 ""
""
""
0 
dnref 2 2 8 0 0 4 1 1 1 64
1 ""
0 
dof 5 1 8 8 8 2 1 8202 1 64
1 3050 
0 
dod 3 1 8190 0 1e-07 2 1 2 1 64
1 0.00999999977648 
0 
dof2 5 1 16 16 16 2 1 8202 1 64
1 5230 
0 
dof3 5 1 20 20 20 2 1 8202 1 64
1 0 
0 
fpmult 1 1 1000000000 0 0 3 1 0 1 64
1 0.5 
0 
dseq3 2 2 8 0 0 2 1 0 1 64
1 ""
0 
dres 7 1 360 1 0 2 1 0 1 64
1 90 
0 
dpwr 1 1 9 9 9 2 1 8194 1 64
1 45 
0 
dp 2 2 1 0 0 2 1 0 1 64
1 "y"
2 "y" "n" 
downsamp 7 1 999 1 1 3 1 1 0 64
1 0 
0 
dpf_wc2 1 1 9.99999984307e+17 -9.99999984307e+17 0 4 1 0 1 64
1 65 
0 
dpwr3 1 1 21 21 21 2 1 8194 1 64
1 1 
0 
dpwr2 1 1 18 18 18 2 1 8194 1 64
1 45 
0 
dreffrq2 1 1 9.99999984307e+17 -9.99999984307e+17 0 2 1 0 1 64
1 0 
0 
dreffrq 1 1 9.99999984307e+17 -9.99999984307e+17 0 2 1 0 1 64
1 125.705271583 
0 
dreffrq3 1 1 9.99999984307e+17 -9.99999984307e+17 0 2 1 0 1 64
1 0 
0 
dseq 2 2 8 0 0 2 1 0 1 64
1 "garp1"
0 
dres3 7 1 360 1 0 2 1 0 1 64
1 90 
0 
dres2 7 1 360 1 0 2 1 0 1 64
1 90 
0 
dscoef 7 1 49999 3 2 3 1 1 1 64
1 251 
0 
dseq2 2 2 8 0 0 2 1 0 1 64
1 "garp1"
0 
exppath 2 2 8 0 0 2 1 0 1 64
1 "/export/home/peter2/vnmrsys/exp8/acqfil"
0 
dz 3 1 14 14 14 2 1 8192 1 64
1 0 
0 
dss_sc 1 1 9.99999984307e+17 -9.99999984307e+17 0 4 1 0 1 64
1 0 
0 
dslsfrq 1 1 9.99999984307e+17 -9.99999984307e+17 0 3 1 1 0 64
1 0 
0 
dsfb 1 1 9.99999984307e+17 -9.99999984307e+17 0 3 1 1 0 64
1 0 
0 
dss_wc 1 1 9.99999984307e+17 -9.99999984307e+17 0 4 1 0 1 64
1 237.5 
0 
dss_sc2 1 1 9.99999984307e+17 -9.99999984307e+17 0 4 1 0 1 64
1 0 
0 
dss_wc2 1 1 9.99999984307e+17 -9.99999984307e+17 0 4 1 0 1 64
1 154.5 
0 
dutyc 1 1 9.99999984307e+17 -9.99999984307e+17 0 2 1 0 1 64
1 0.1 
0 
emessage 4 2 4 0 0 2 1 0 1 64
1 "n"
0 
emailaddr 2 2 8 0 0 4 1 0 1 64
1 ""
0 
eOptions 2 2 8 0 0 4 1 264 1 64
1 ""
0 
emailwhen 2 2 8 0 0 2 1 0 1 64
1 ""
0 
explabel 2 2 8 0 0 2 1 0 1 64
1 "rna_hmqc_tocsy"
0 
empty_noise 1 1 9.99999984307e+17 -9.99999984307e+17 0 2 1 0 1 64
1 0 
0 
execprocess 2 2 8 0 0 2 1 0 1 64
1 " return "
0 
explist 2 2 8 0 0 2 1 256 1 64
1 ""
0 
file 2 2 6 0 0 2 1 3 1 64
1 "/rpdnmr/applab/data/etishche/et_biopack_update/parlib_src//rna_hmqc_tocsy.par"
0 
fb 7 1 6 6 6 2 1 8203 1 64
1 3000 
0 
f2SW 2 2 8 0 0 2 1 1 1 64
1 ""
0 
f1coef 2 2 8 0 0 3 1 0 1 64
1 "1 0 0 0 0 0 -1 0"
0 
f1SW 2 2 8 0 0 2 1 1 1 64
1 ""
0 
faculty 2 2 8 0 0 2 1 0 1 64
1 ""
0 
f2coef 2 2 8 0 0 3 1 0 1 64
1 "1 0 0 0 0 0 1 0"
0 
fadflg 4 2 4 0 0 2 1 0 1 64
1 "n"
0 
fdffile 2 2 8 0 0 3 1 0 1 64
1 ""
0 
fdfdir 2 2 8 0 0 3 1 0 1 64
1 ""
0 
fiddc3d 4 2 4 0 0 3 1 0 1 64
1 "nnn"
0 
fn1 7 1 524288 64 -2 3 1 1 1 64
1 256 
0 
filtfile 2 2 8 0 0 2 1 0 1 64
1 ""
0 
filter 7 1 1000000000 0 1 2 1 2 1 64
1 54.0999984741 
0 
filename 2 2 8 0 0 2 1 1 1 64
1 ""
0 
fn 7 1 524288 64 -2 3 1 1 1 64
1 2048 
0 
fn_ni 7 1 32767 0 0 2 1 0 1 64
1 1024 
0 
fn2 7 1 524288 64 -2 3 1 1 1 64
1 64 
0 
fn_ni3 7 1 32767 0 0 2 1 0 1 64
1 256 
0 
fn_ni2 7 1 32767 0 0 2 1 0 1 64
1 512 
0 
fn_obs 7 1 32767 0 0 2 1 0 1 64
1 4096 
0 
ins2ref 1 1 9.99999984307e+17 -9.99999984307e+17 0 4 1 0 1 64
1 1 
0 
h2off 5 1 1000000000 -1000000000 0 2 1 0 1 64
1 1500 
0 
gfs2 1 1 1000 -1000 0.001 3 1 1 0 64
1 0 
0 
gain 1 1 60 0 2 2 1 0 1 64
1 40 
0 
ftproc 1 1 9.99999984307e+17 -9.99999984307e+17 0 3 1 256 1 64
2 1 0 
0 
fpmult2 1 1 1000000000 0 0 3 1 0 1 64
1 0.5 
0 
fpmult1 1 1 1000000000 0 0 3 1 0 1 64
1 0.5 
0 
fzoom 7 1 32767 0 0 4 1 0 1 64
1 0 
0 
gf1 1 1 100000 0 0 3 1 1 0 64
1 0.0190575 
0 
gf 1 1 100000 0 0 3 1 1 0 64
1 0.022 
0 
gain2 1 1 60 0 2 2 1 1 1 64
1 30 
0 
gfs 1 1 1000 -1000 0.001 3 1 1 0 64
1 0.0220214184374 
0 
gf2 1 1 100000 0 0 3 1 1 0 64
1 0 
0 
gfs1 1 1 1000 -1000 0.001 3 1 1 0 64
1 0 
0 
gtw 3 1 14 14 14 2 1 8192 1 64
1 0.002 
0 
gswet 3 1 14 14 14 2 1 8192 1 64
1 0.0001 
0 
gradalt 1 1 9.99999984307e+17 -9.99999984307e+17 0 2 1 0 1 64
1 1 
0 
gswet2 3 1 14 14 14 2 1 8192 1 64
1 0.00045 
0 
gzcal 1 1 9.99999984307e+17 -9.99999984307e+17 0 2 1 0 1 64
1 0 
0 
gxppars 2 2 8 0 0 2 1 0 1 64
1 ""
0 
gzsize 1 1 9.99999984307e+17 -9.99999984307e+17 0 2 1 0 1 64
1 0 
0 
gzlvlw 1 1 9.99999984307e+17 -9.99999984307e+17 0 2 1 0 1 64
1 8000 
0 
gzwin 1 1 9.99999984307e+17 -9.99999984307e+17 0 2 1 0 1 64
1 0 
0 
homo2 4 2 4 0 0 2 1 0 1 64
1 "n"
2 "n" "y" 
hdres 1 1 9.99999984307e+17 -9.99999984307e+17 0 2 1 0 1 64
1 9 
0 
hdpsmode 4 2 4 0 0 2 1 0 1 64
1 "n"
0 
hdmf 1 1 9.99999984307e+17 -9.99999984307e+17 0 2 1 0 1 64
1 600 
0 
hdfrqw 1 1 9.99999984307e+17 -9.99999984307e+17 0 2 1 256 0 64
1 10 
0 
hdfrqc 5 1 1000000000 -1000000000 0 2 1 256 0 64
1 0 
0 
hdof 5 1 7 7 7 2 1 8194 1 64
1 0 
0 
hdpwr 1 1 9 9 9 2 1 8194 1 64
1 1 
0 
hdpwrf 1 1 4095 0 0 2 1 0 1 64
1 4095 
0 
hmqcflg 4 2 4 0 0 2 1 0 1 64
1 "y"
0 
hdwave 2 2 8 0 0 2 1 0 1 64
1 "SEDUCE1"
0 
hdseq 2 2 8 0 0 2 1 0 1 64
1 ""
0 
hdwshimlist 2 2 8 0 0 2 1 0 1 64
1 ""
0 
ho 7 1 500 -500 0.1 4 1 1 1 64
1 -9.55952380952 
0 
homo 2 2 8 0 0 2 1 8 1 64
1 "n"
2 "n" "y" 
hst 3 1 0.02 0 2.5e-08 2 1 2 1 64
1 0.02 
0 
homorof2 6 1 13 13 13 2 1 8192 1 64
1 2 
0 
homorof1 6 1 13 13 13 2 1 8192 1 64
1 2 
0 
homo3 4 2 4 0 0 2 1 0 1 64
1 "n"
2 "n" "y" 
hs 4 2 4 0 0 2 1 0 1 64
1 "yn"
2 "n" "y" 
homorof3 6 1 13 13 13 2 1 8192 1 64
1 2 
0 
hsgpwr 1 1 9.99999984307e+17 -9.99999984307e+17 0 2 1 0 1 64
1 10000 
0 
in 4 2 1 0 0 2 1 0 1 64
1 "n"
3 "n" "w" "y" 
ident 2 2 8 0 0 3 1 0 1 64
1 ""
0 
hzmm 1 1 1000000000 -1000000000 0 4 1 11 1 64
1 25.3036437247 
0 
il 2 2 1 0 0 2 1 0 1 64
1 "n"
2 "y" "n" 
ins 3 1 8190 0 1e-07 4 1 3 1 64
1 100 
0 
index2 7 1 32767 0 0 3 1 7 1 64
1 76 
0 
ins2 1 1 9.99999984307e+17 -9.99999984307e+17 0 4 1 0 1 64
1 1 
0 
lp 1 1 3600 -3600 0.1 4 1 3 1 64
1 0 
0 
lb1 1 1 100000 -100000 0 3 1 1 0 64
1 2 
0 
is 1 1 1000000000 1e-06 0 4 1 3 1 64
1 11780.7058733 
0 
investigator 2 2 8 0 0 2 1 0 1 64
1 ""
0 
intmod 2 2 8 0 0 4 1 0 1 64
1 "partial"
3 "off" "partial" "full" 
insref 1 1 9.99999984307e+17 -9.99999984307e+17 0 4 1 0 0 64
1 1 
0 
intstd 2 2 8 0 0 2 1 0 1 64
1 ""
0 
io 1 1 500 -500 0.1 4 1 1 1 64
1 10 
0 
layout 2 2 8 0 0 4 1 0 1 64
1 "rna_hmqc_tocsy"
0 
jxh 5 1 1000000000 -1000000000 0 2 1 0 1 64
1 140 
0 
iswt 1 1 9.99999984307e+17 -9.99999984307e+17 0 2 1 0 1 64
1 0 
0 
lb 1 1 100000 -100000 0 3 1 1 0 64
1 2 
0 
llamp 1 1 1000000000 0 0 4 1 0 0 64
2 -0.00106824887916 0.000890659808647 
0 
liamp 1 1 1000000000 0 0 4 1 0 0 64
1 0 
0 
lb2 1 1 100000 -100000 0 3 1 1 0 64
1 2 
0 
lifrq 1 1 1000000000 -1000000000 0 4 1 0 1 64
1 0 
0 
load 2 2 4 0 0 2 1 3 1 64
1 "n"
2 "y" "n" 
lllabel 2 2 8 0 0 3 1 0 1 64
1 ""
0 
llfrq 1 1 1000000000 -1000000000 0 4 1 0 0 64
2 2231.52841345 2094.50473894 
0 
longlist 2 2 8 0 0 2 1 256 1 64
1 ""
0 
locdir 2 2 8 0 0 2 1 0 1 64
1 ""
0 
lot 2 2 8 0 0 2 1 0 1 64
1 ""
0 
lpalg2 2 2 8 0 0 3 1 0 1 64
1 "lpfft"
0 
lp2 1 1 3600 -3600 0.1 4 1 3 1 64
1 -24.7 
0 
lp1 1 1 3600 -3600 0.1 4 1 3 1 64
1 0 
0 
lpalg 2 2 8 0 0 3 1 0 1 64
1 "lpfft"
0 
lpalg1 2 2 8 0 0 3 1 0 1 64
1 "lpfft"
0 
lpnupts1 7 1 1000000 1 1 3 1 0 1 64
1 64 
0 
lpfilt 7 1 32767 1 1 3 1 0 1 64
1 32 
0 
lpext1 7 1 1000000 0 1 3 1 0 1 64
1 64 
0 
lpext 7 1 1000000 0 1 3 1 0 1 64
1 1 
0 
lpext2 7 1 1000000 0 1 3 1 0 1 64
1 64 
0 
lpfilt2 7 1 32767 1 1 3 1 0 1 64
1 8 
0 
lpfilt1 7 1 32767 1 1 3 1 0 1 64
1 8 
0 
lpnupts 7 1 1000000 1 1 3 1 0 1 64
1 64 
0 
lpopt2 2 2 8 0 0 3 1 0 1 64
1 "f"
0 
lpopt 2 2 8 0 0 3 1 0 1 64
1 "b"
0 
lpnupts2 7 1 1000000 1 1 3 1 0 1 64
1 64 
0 
lpopt1 2 2 8 0 0 3 1 0 1 64
1 "f"
0 
lpprint1 7 1 63 0 1 3 1 0 1 64
1 0 
0 
lpprint 7 1 63 0 1 3 1 0 1 64
1 0 
0 
lpprint2 7 1 63 0 1 3 1 0 1 64
1 0 
0 
sbs 1 1 1000 -1000 0.001 3 1 1 1 64
1 -0.171 
0 
proc1 4 2 10 0 0 3 1 0 1 64
1 "ft"
0 
nullflg 4 2 4 0 0 2 1 0 1 64
1 "n"
0 
n1 2 2 6 0 0 4 1 3 1 64
1 "HCV PL125lab-210mM NaP-buffer, pH 6.000.25mM EDTA-d12[c]=1.0mM"
0 
lsfrq1 1 1 9.99999984307e+17 -9.99999984307e+17 0 3 1 0 0 64
1 0 
0 
lsfid2 7 1 64000 -64000 1 3 1 0 0 64
1 0 
0 
lptrace2 7 1 32767 0 1 3 1 0 1 64
1 0 
0 
lptrace1 7 1 32767 0 1 3 1 0 1 64
1 0 
0 
lsfid 7 1 64000 -64000 1 3 1 0 0 64
1 0 
0 
lsfrq 1 1 9.99999984307e+17 -9.99999984307e+17 0 3 1 0 0 64
1 0 
0 
math 2 2 1 0 0 3 1 3 1 64
1 "f"
3 "d" "f" "i" 
lvl 1 1 1000000000 -1000000000 0 4 1 1 1 64
1 0 
0 
lsfrq2 1 1 9.99999984307e+17 -9.99999984307e+17 0 3 1 0 0 64
1 0 
0 
macro 2 2 6 0 0 4 1 3 1 64
1 ""
0 
mag_flg 4 2 4 0 0 2 1 0 1 64
1 "n"
0 
mix 3 1 8190 0 1e-07 2 1 2 1 64
1 0.02 
0 
method 2 2 6 0 0 2 1 3 1 64
1 "z1z2"
0 
mfslp 4 2 4 0 0 2 1 0 1 64
1 "n"
0 
modules 2 2 8 0 0 2 1 1 1 64
1 " par2D par3D"
0 
ni2 7 1 32767 0 1 2 1 0 1 64
1 0 
0 
nameprefix 2 2 8 0 0 2 1 9 1 64
1 ""
0 
n3 2 2 6 0 0 4 1 3 1 64
1 ""
0 
n2 2 2 6 0 0 4 1 3 1 64
1 ""
0 
name 2 2 8 0 0 3 1 0 1 64
1 ""
0 
newmodules 2 2 8 0 0 2 1 1 1 64
1 ""
0 
ni 7 1 32767 0 0 2 1 0 1 64
1 64 
0 
nt 7 1 1000000000 1 1 2 1 2 1 64
1 8 
0 
np 7 1 524288 32 2 2 1 11 1 64
1 2052 
0 
notebook 2 2 8 0 0 2 1 0 1 64
1 ""
0 
nuc_ni 2 2 8 0 0 2 1 0 1 64
1 "N/A!"
0 
ntype3d 4 2 4 0 0 3 1 0 1 64
1 "nn"
0 
nuc_ni3 2 2 8 0 0 2 1 0 1 64
1 "CO"
0 
nuc_ni2 2 2 8 0 0 2 1 0 1 64
1 "N/A!"
0 
nuc_obs 2 2 8 0 0 2 1 0 1 64
1 "N/A!"
0 
phase 7 1 1000000000 0 1 2 1 2 1 64
2 1 2 
0 
pad 3 1 8190 0 1e-07 2 1 2 1 64
1 0.5 
0 
oslsfrq 1 1 9.99999984307e+17 -9.99999984307e+17 0 2 1 1 0 64
1 0 
0 
osfb 1 1 100000 0 0 2 1 1 0 64
1 0 
0 
operator_ 2 2 8 0 0 2 1 0 1 64
1 "et"
0 
obsSW 2 2 8 0 0 2 1 1 1 64
1 ""
0 
oscoef 7 1 49999 3 2 2 1 1 0 64
1 511 
0 
osfilt 2 2 8 0 0 2 1 0 1 64
1 "a"
5 "a" "A" "b" "B" "" 
p1 6 1 8190 0 1e-07 2 1 2 1 64
1 0 
0 
oversamp 7 1 68 0 1 2 1 9 0 64
1 1 
0 
parlabel 2 2 8 0 0 2 1 5 1 64
1 ""
0 
paramChanged 1 1 9.99999984307e+17 -9.99999984307e+17 0 2 1 0 1 64
1 0 
0 
page 2 2 8 0 0 2 1 0 1 64
1 ""
0 
parversion 1 1 9.99999984307e+17 -9.99999984307e+17 0 2 1 4 1 64
1 5.1 
0 
parver 2 2 8 0 0 2 1 0 1 64
1 "VnmrJ VERSION 4.2 REVISION devel"
0 
path3d 2 2 8 0 0 4 1 0 1 64
1 "/coltrane/peter/vnmrsys/exp9/datadir3d"
0 
pmode 2 2 8 0 0 3 1 0 1 64
1 "full"
0 
pipeQ1 2 2 8 0 0 3 1 0 1 64
2 "0"
"0"
0 
pipeELB 2 2 8 0 0 3 1 0 1 64
2 "0"
"0"
0 
phfid1 1 1 3600 -3600 0.1 3 1 0 0 64
1 0 
0 
phfid 1 1 3600 -3600 0.1 3 1 0 0 64
1 0 
0 
phase2 7 1 4 0 1 2 1 0 1 64
1 1 
0 
phfid2 1 1 3600 -3600 0.1 3 1 0 0 64
1 0 
0 
pipeGLB 2 2 8 0 0 3 1 0 1 64
2 "4"
"4"
0 
pipeGOFF 2 2 8 0 0 3 1 0 1 64
2 "0"
"0"
0 
plane 2 2 8 0 0 4 1 0 1 64
1 "f1f3"
6 "f1f3" "f3f1" "f2f3" "f3f2" "f1f2" "f2f1" 
pipeistCMult 2 2 8 0 0 3 1 0 1 64
1 "0.3"
0 
pipeQ3 2 2 8 0 0 3 1 0 1 64
2 "0"
"0"
0 
pipeQ2 2 2 8 0 0 3 1 0 1 64
2 "0"
"0"
0 
pipeistMaxRes 2 2 8 0 0 3 1 0 1 64
1 "1"
0 
pipeistIter 2 2 8 0 0 3 1 0 1 64
1 "1024"
0 
pipeistTMult 2 2 8 0 0 3 1 0 1 64
1 "0.7"
0 
pltmod 2 2 8 0 0 4 1 0 1 64
1 "off"
5 "off" "fixed" "full" "variable" "user" 
plotoption 2 2 8 0 0 4 1 0 1 64
1 ""
0 
plocklist 2 2 8 0 0 2 1 1 1 64
1 ""
0 
plt2Darg 2 2 8 0 0 4 1 272 1 64
8 "both"
"20"
"1.3"
"f2"
"f1"
""
""
""
0 
pltopt 4 2 4 0 0 2 1 0 1 64
1 "y"
0 
preacq 6 1 13 13 13 2 1 8192 0 64
1 0 
0 
pp 6 1 13 13 13 2 1 8192 1 64
1 15 
0 
position2 2 2 8 0 0 3 1 0 1 64
1 ""
0 
position1 2 2 8 0 0 3 1 0 1 64
1 ""
0 
pplvl_cf 1 1 9.99999984307e+17 -9.99999984307e+17 0 2 1 0 1 64
1 1 
0 
pplvl 1 1 9 9 9 2 1 8192 1 64
1 55 
0 
prcopt 4 2 4 0 0 2 1 0 1 64
1 "y"
0 
prescribed 2 2 8 0 0 2 1 0 1 64
1 "n"
0 
prescan 2 2 8 0 0 3 1 256 1 64
11 "Not done"
"Not done"
"off"
"off"
"off"
"off"
"off"
"on"
"on"
""
""
0 
priority 7 1 32768 0 1 2 1 0 1 64
1 5 
0 
proc 4 2 10 0 0 3 1 0 1 64
1 "ft"
0 
refpos2 1 1 9.99999984307e+17 -9.99999984307e+17 0 4 1 0 1 64
1 0 
0 
pwxlvl 1 1 9.99999984307e+17 -9.99999984307e+17 0 2 1 0 1 64
1 60 
0 
pw90 6 1 8190 0 1e-07 2 1 2 1 64
1 5.4 
0 
protocols 2 2 8 0 0 3 1 0 1 64
1 ""
0 
proc_ni2 2 2 8 0 0 2 1 0 1 64
1 "BPexpress_setup_proc('ni2')"
0 
proc_3d 2 2 8 0 0 2 1 0 1 64
1 "BPexpress_setup_proc('3d')"
0 
proc2 2 2 8 0 0 3 1 1 1 64
1 "ft"
0 
proc_ni 2 2 8 0 0 2 1 0 1 64
1 "BPexpress_setup_proc('ni')"
0 
proc_obs 2 2 8 0 0 2 1 0 1 64
1 "BPexpress_setup_proc('obs')"
0 
proc_nus_cmd 2 2 8 0 0 2 1 0 1 64
1 "BPexpress_setup_proc('nus')"
0 
procdim 7 1 1000000000 -1000000000 0 3 1 0 1 64
1 0 
0 
ptspec3d 4 2 4 0 0 3 1 0 1 64
1 "nnn"
0 
pslabel 2 2 8 0 0 2 1 11 1 64
1 "rna_hmqc_tocsy"
0 
pw 6 1 8190 0 1e-07 2 1 2 1 64
1 5.4 
0 
pwN 6 1 13 13 13 2 1 8192 1 64
1 28 
0 
pwClvl 1 1 63 -37 0.5 2 1 0 1 64
1 57 
0 
pwC 6 1 13 13 13 2 1 8192 1 64
1 14.5 
0 
pwx 6 1 13 13 13 2 1 8192 1 64
1 12.1 
0 
pwNlvl 1 1 63 -37 0.5 2 1 0 1 64
1 60 
0 
pwx2lvl 1 1 18 18 18 2 1 8192 1 64
1 55 
0 
pwx2 6 1 13 13 13 2 1 8192 1 64
1 15 
0 
pwx2lvl_cf 1 1 9.99999984307e+17 -9.99999984307e+17 0 2 1 0 1 64
1 1 
0 
r6 1 1 1e+18 -1e+18 0 4 1 1 1 64
1 0 
0 
r2 1 1 1e+18 -1e+18 0 4 1 1 1 64
1 0 
0 
r1 1 1 1e+18 -1e+18 0 4 1 1 1 64
1 0 
0 
pwxlvl_cf 1 1 9.99999984307e+17 -9.99999984307e+17 0 2 1 0 1 64
1 1 
0 
r4 1 1 1e+18 -1e+18 0 4 1 1 1 64
1 0 
0 
r3 1 1 1e+18 -1e+18 0 4 1 1 1 64
1 0 
0 
r5 1 1 1e+18 -1e+18 0 4 1 1 1 64
1 0 
0 
reffrq 1 1 9.99999984307e+17 -9.99999984307e+17 0 4 1 0 1 64
1 599.374095576 
0 
ref1 5 1 1000000000 -1000000000 0 3 1 0 1 64
1 0 
0 
rcvrs 4 2 4 0 0 2 1 1 1 64
1 "y"
2 "n" "y" 
r7 1 1 1e+18 -1e+18 0 4 1 1 1 64
1 0 
0 
ref 5 1 1000000000 -1000000000 0 3 4 0 1 64
1 0 
0 
ref_pw90 1 1 9.99999984307e+17 -9.99999984307e+17 0 2 1 0 1 64
1 5.4 
0 
ref_pwr 1 1 9.99999984307e+17 -9.99999984307e+17 0 2 1 0 1 64
1 60 
0 
reffrq2 1 1 9.99999984307e+17 -9.99999984307e+17 0 4 1 0 1 64
1 499.917454004 
0 
reffrq1 1 1 9.99999984307e+17 -9.99999984307e+17 0 4 1 0 1 64
1 150.793025656 
0 
refpos1 1 1 9.99999984307e+17 -9.99999984307e+17 0 4 1 0 1 64
1 0 
0 
refpos 1 1 9.99999984307e+17 -9.99999984307e+17 0 4 1 0 1 64
1 0 
0 
sample 2 2 8 0 0 2 1 1 1 64
1 ""
0 
rof2 6 1 8190 0 1e-07 2 1 2 1 64
1 2 
0 
rfl2 1 1 9.99999984307e+17 -9.99999984307e+17 0 4 1 0 1 64
1 1000.4958314 
0 
retentiontime_ 2 2 8 0 0 2 1 0 1 64
1 ""
0 
refsource2 2 2 8 0 0 4 1 0 1 64
1 "sfrq"
0 
refsource1 2 2 8 0 0 4 1 0 1 64
1 "dfrq"
0 
researchgroup 2 2 8 0 0 2 1 0 1 64
1 ""
0 
rfl 1 1 1000000000 -1000000000 0 4 1 1 1 64
1 228.48367614 
0 
rfband 4 2 4 0 0 2 1 0 1 64
1 "cccc"
3 "c" "h" "l" 
rfl1 1 1 1000000000 -1000000000 0 4 1 1 1 64
1 2525.33787753 
0 
rfp1 1 1 1000000000 -1000000000 0 4 1 1 1 64
1 12063.4420525 
0 
rfp 1 1 1000000000 -1000000000 0 4 1 1 1 64
1 0 
0 
rfp2 1 1 9.99999984307e+17 -9.99999984307e+17 0 4 1 0 1 64
1 2449.59552458 
0 
rof1 6 1 8190 0 1e-07 2 1 2 1 64
1 10 
0 
rp2 1 1 3600 -3600 0.1 4 1 3 1 64
1 23.7 
0 
rp 1 1 3600 -3600 0.1 4 1 3 1 64
1 -201.394407248 
0 
rp1 1 1 3600 -3600 0.1 4 1 3 1 64
1 0 
0 
sa 7 1 10000000 0 0 3 1 1 0 64
1 1024 
0 
satfrq 5 1 1000000000 -1000000000 0 2 1 0 1 64
1 -174 
0 
sas 7 1 10000000 0 0 3 1 1 0 64
1 0 
0 
sampleowner 2 2 8 0 0 2 1 0 1 64
1 ""
0 
samplename 2 2 8 0 0 2 1 8 1 64
1 ""
0 
sample_noise 1 1 9.99999984307e+17 -9.99999984307e+17 0 2 1 0 1 64
1 0 
0 
sampwt 1 1 9.99999984307e+17 -9.99999984307e+17 0 2 1 0 1 64
1 0 
0 
sampling 2 2 8 0 0 2 1 0 1 64
1 "s"
0 
satdly 3 1 14 14 14 2 1 8192 1 64
1 0 
0 
satflg 4 2 4 0 0 2 1 0 1 64
1 "n"
0 
sb 1 1 1000 -1000 0.001 3 1 0 1 64
1 -0.171 
0 
satshape 2 2 8 0 0 2 1 0 1 64
1 "slps10d"
0 
satpwr 1 1 9.99999984307e+17 -9.99999984307e+17 0 2 1 0 1 64
1 0 
0 
satmode 4 2 4 0 0 2 1 0 1 64
1 "n"
0 
saveshapes 2 2 8 0 0 2 1 256 1 64
1 ""
0 
sb2 1 1 1000 -1000 0.001 3 1 1 1 64
1 0.64 
0 
sb1 1 1 1000 -1000 0.001 3 1 1 1 64
1 0.032 
0 
wc2 1 1 4 4 4 4 1 8195 1 64
1 154.5 
0 
strtlp2 7 1 1000000 1 1 3 1 0 1 64
1 64 
0 
sp 1 1 1000000000 -1000000000 0 4 1 3 1 64
1 -228.48367614 
0 
sf2 1 1 9.99999984307e+17 -9.99999984307e+17 0 4 1 0 1 64
1 0 
0 
sc2 1 1 3 3 3 4 1 8195 1 64
1 0 
0 
sbs2 1 1 1000 -1000 0.001 3 1 1 1 64
1 -0.064 
0 
sbs1 1 1 1000 -1000 0.001 3 1 1 1 64
1 -0.0319999999999 
0 
sc 1 1 1 1 1 4 1 8195 1 64
1 3.125 
0 
seqfil 2 2 8 0 0 2 1 11 1 64
1 "rna_hmqc_tocsy"
0 
scoutinfo 2 2 8 0 0 2 1 256 1 64
1 ""
0 
scans 2 2 8 0 0 3 1 0 1 64
1 ""
0 
sdirtmplt 2 2 8 0 0 2 1 0 1 64
1 ""
0 
sf 1 1 8190 0 1e-07 4 1 3 1 64
1 0 
0 
setup_nus_cmd 2 2 8 0 0 2 1 0 1 64
1 "BPexpress_setup_nus"
0 
sf1 1 1 9.99999984307e+17 -9.99999984307e+17 0 4 1 0 1 64
1 0.000131588867188 
0 
slpw 6 1 13 13 13 2 1 8192 1 64
1 36 
0 
shims 2 2 8 0 0 2 1 0 1 64
1 ""
0 
sfrq 1 1 1000000000 0 0 2 1 11 1 64
1 499.9247548 
0 
slpflg 4 2 4 0 0 2 1 0 1 64
1 "n"
0 
sn 1 1 1e+18 -1e+18 0 3 1 1 1 64
1 0 
0 
slpwr 1 1 9.99999984307e+17 -9.99999984307e+17 0 2 1 0 1 64
1 42 
0 
solvent 2 2 6 0 0 2 1 11 1 64
1 "d2o"
0 
ssntaps 7 1 2500 0 1 3 1 0 1 64
1 200 
0 
spin 1 1 39 0 1 2 1 0 1 64
1 0 
0 
sp2 1 1 9.99999984307e+17 -9.99999984307e+17 0 4 1 0 1 64
1 1449.09969318 
0 
sp1 1 1 1000000000 -1000000000 0 4 1 3 1 64
1 9597.01086677 
0 
specdc3d 4 2 4 0 0 3 1 0 1 64
1 "nnn"
0 
ssfilter 1 1 50000 10 0.1 3 1 0 1 64
1 200 
0 
sreffrq 1 1 9.99999984307e+17 -9.99999984307e+17 0 2 1 0 1 64
1 499.922475824 
0 
srate 7 1 32767 0 1 2 1 0 1 64
1 25 
0 
ss 7 1 32767 -32768 0 2 1 0 1 64
1 32 
0 
sslsfrq 1 1 9.99999984307e+17 -9.99999984307e+17 0 3 1 0 1 64
1 0 
0 
strtext1 7 1 1000000 1 1 3 1 0 1 64
1 65 
0 
sspul 4 2 4 0 0 2 1 0 1 64
1 "y"
0 
ssorder 7 1 20 1 1 3 1 0 0 64
1 7 
0 
strtext 7 1 1000000 1 1 3 1 0 1 64
1 1 
0 
strtlp 7 1 1000000 1 1 3 1 0 1 64
1 2 
0 
strtext2 7 1 1000000 1 1 3 1 0 1 64
1 65 
0 
strtlp1 7 1 1000000 1 1 3 1 0 1 64
1 64 
0 
vf 1 1 1000000000 0 0 4 1 3 1 64
1 13316366485.2 
0 
time_processed 2 2 8 0 0 3 1 0 1 64
1 ""
0 
th 1 1 1000000000 0 0 4 1 1 1 64
1 1 
0 
sw1 1 1 5000000 1 -2.5e-08 2 1 0 1 64
1 7540.05655042 
0 
studystatus 2 2 8 0 0 2 1 0 1 64
1 ""
0 
study 2 2 8 0 0 3 1 0 1 64
1 ""
0 
strtpar 2 2 8 0 0 2 1 0 1 64
1 ""
0 
studyowner 2 2 8 0 0 2 1 0 1 64
1 "et"
0 
svftmplt 2 2 8 0 0 2 1 0 1 64
1 ""
0 
svfopt 4 2 4 0 0 2 1 0 1 64
1 "y"
0 
sw 1 1 5 5 5 2 1 8203 1 64
1 6009.61538462 
0 
temp 1 1 200 -150 0.1 2 1 8 1 64
1 25 
0 
sw2 1 1 5000000 1 0 2 1 0 1 64
1 5006.25782228 
0 
text_string 2 2 8 0 0 4 1 256 1 64
1 ""
0 
time_complete 2 2 8 0 0 2 1 0 1 64
1 "20020618T154643"
0 
th2d 1 1 1 1e-18 0 4 1 17 1 64
1 0.8 
0 
time_plotted 2 2 8 0 0 3 1 0 1 64
1 ""
0 
time_exp 2 2 8 0 0 2 1 0 1 64
1 ""
0 
tn 2 2 4 0 0 2 1 8 1 64
1 "H1"
0 
time_submitted_local 2 2 8 0 0 2 1 0 1 64
1 "20020618T152419X03PM%%"
0 
time_saved 2 2 8 0 0 2 1 0 1 64
1 "20140403T165004"
0 
time_run 2 2 8 0 0 2 1 0 1 64
1 "20020618T152542"
0 
time_submitted 2 2 8 0 0 2 1 0 1 64
1 "20020618T152419"
0 
tin 2 2 1 0 0 2 1 2 1 64
1 "n"
3 "n" "w" "y" 
time_svfdate 2 2 8 0 0 2 1 0 1 64
1 "20020618T152419"
0 
tlt 1 1 1000000000 -1000000000 0 4 1 1 1 64
1 0 
0 
tpwr 1 1 63 -37 0.5 2 1 2 1 64
1 60 
0 
tof 5 1 7 7 7 2 1 8202 1 64
1 -220.6 
0 
tnshapes 2 2 8 0 0 2 1 256 1 64
3 ""
""
""
0 
tnref 2 2 8 0 0 4 1 1 1 64
1 ""
0 
toxyflg 4 2 4 0 0 2 1 0 1 64
1 "y"
0 
trim 3 1 14 14 14 2 1 8192 1 64
1 0.002 
0 
trace 2 2 2 0 0 4 1 3 1 64
1 "f2"
3 "f1" "f2" "f3" 
tpwr_cf 1 1 9.99999984307e+17 -9.99999984307e+17 0 2 1 0 1 64
1 1 
0 
userplotter 2 2 8 0 0 4 1 0 1 64
1 ""
0 
tunemethod 2 2 8 0 0 2 1 0 1 64
1 "n"
0 
userprocess 2 2 8 0 0 2 1 0 1 64
1 "return"
0 
vs 1 1 1000000000 1e-06 0 4 1 3 1 64
1 7236.4477644 
0 
vp 7 1 500 -500 0.1 4 1 3 1 64
1 0 
0 
vo 7 1 500 -500 0.1 4 1 1 1 64
1 0 
0 
vjdialogarg 2 2 8 0 0 4 1 256 1 64
1 ""
0 
vjdialog 2 2 8 0 0 4 1 256 1 64
1 ""
0 
volume 1 1 9.99999984307e+17 -9.99999984307e+17 0 2 1 0 1 64
1 0 
0 
vpf 1 1 500 -500 0 4 1 0 1 64
1 0 
0 
vpfi 1 1 500 -500 0 4 1 0 1 64
1 0 
0 
vtwait 3 1 8190 0 1e-07 2 1 2 1 64
1 300 
0 
vsproj 1 1 1000000000 1e-06 0 4 1 3 1 64
1 18.5185186565 
0 
vs2d 1 1 1000000000 1e-06 0 4 1 3 1 64
1 346.180746029 
0 
vtc 1 1 255 0 1 2 1 2 1 64
1 25 
0 
wbs 2 2 6 0 0 3 1 3 1 64
1 ""
0 
wc 1 1 2 2 2 4 1 8203 1 64
1 237.5 
0 
yz2 7 1 19 19 19 2 1 8192 1 64
1 -4552 
0 
wshim 4 2 4 0 0 2 1 1 1 64
1 "n"
15 "e" "f" "g" "n" "s" "0" "1" "2" "3" "4" "5" "6" "7" "8" "9" 
wexp 2 2 6 0 0 3 1 3 1 64
1 ""
0 
wetpw 6 1 50000 0 0.1 2 1 0 1 64
1 7800 
0 
werr 2 2 6 0 0 3 1 3 1 64
1 "return"
0 
wds 2 2 8 0 0 3 1 0 1 64
1 ""
0 
wdone 2 2 8 0 0 3 1 0 1 64
1 "acqdone"
0 
wdwfctr 1 1 9.99999984307e+17 -9.99999984307e+17 0 2 1 0 1 64
1 1 
0 
wet 4 2 4 0 0 2 1 0 1 64
1 "y"
0 
wetshape 4 2 4 0 0 2 1 0 1 64
1 "gauss"
0 
wetpwr 1 1 20 -16 0.1 2 1 0 1 64
1 5.4 
0 
wnt 2 2 6 0 0 3 1 3 1 64
1 ""
0 
wf1 1 1 9.99999984307e+17 -9.99999984307e+17 0 4 1 0 1 64
1 0.0167117861328 
0 
wf 1 1 8190 0 1e-07 4 1 3 1 64
1 0.1707264 
0 
wf2 1 1 9.99999984307e+17 -9.99999984307e+17 0 4 1 0 1 64
1 0.006392 
0 
wp1 1 1 100000 0 0 4 1 3 1 64
1 7481.14985862 
0 
wp 1 1 5000000 0 0 4 1 11 1 64
1 6009.61538462 
0 
wqinit 2 2 8 0 0 4 1 0 1 64
1 ""
0 
wp2 1 1 9.99999984307e+17 -9.99999984307e+17 0 4 1 0 1 64
1 5006.25782228 
0 
wrtp 2 2 8 0 0 3 1 0 1 64
1 ""
0 
xdiag 1 1 1e+18 0 0 4 1 17 1 64
1 0 
0 
x1 7 1 19 19 19 2 1 8192 1 64
1 -3557 
0 
wtfile1 4 2 15 0 0 3 1 0 1 64
1 ""
0 
wtfile 4 2 15 0 0 3 1 0 1 64
1 ""
0 
wstart 2 2 8 0 0 3 1 0 1 64
1 ""
0 
wtfile2 2 2 8 0 0 3 1 1 1 64
1 ""
0 
wtune 4 2 4 0 0 2 1 0 1 64
1 "n"
11 "s" "t" "e" "i" "n" "o" "v" "1" "2" "3" "4" 
x3 7 1 19 19 19 2 1 8192 1 64
1 -3988 
0 
x2y2 7 1 19 19 19 2 1 8192 1 64
1 2915 
0 
x4 7 1 19 19 19 2 1 8192 1 64
1 0 
0 
y1 7 1 19 19 19 2 1 8192 1 64
1 817 
0 
xz 7 1 19 19 19 2 1 8192 1 64
1 -507 
0 
xy 7 1 19 19 19 2 1 8192 1 64
1 -1064 
0 
xz2 7 1 19 19 19 2 1 8192 1 64
1 3227 
0 
y4 7 1 19 19 19 2 1 8192 1 64
1 0 
0 
y3 7 1 19 19 19 2 1 8192 1 64
1 -5274 
0 
yz 7 1 19 19 19 2 1 8192 1 64
1 631 
0 
z3y 7 1 19 19 19 2 1 8192 1 64
1 -64 
0 
z2xy 7 1 19 19 19 2 1 8192 1 64
1 2544 
0 
z2 7 1 19 19 19 2 1 8192 1 64
1 1322 
0 
z1 7 1 19 19 19 2 1 8192 1 64
1 9286 
0 
z1c 7 1 19 19 19 2 1 8192 1 64
1 -1044 
0 
z2x2y2 7 1 19 19 19 2 1 8192 1 64
1 546 
0 
z2c 7 1 19 19 19 2 1 8192 1 64
1 196 
0 
z2x3 7 1 19 19 19 2 1 8192 1 64
1 0 
0 
z3x 7 1 19 19 19 2 1 8192 1 64
1 -1646 
0 
z3 7 1 19 19 19 2 1 8192 1 64
1 -508 
0 
z2y3 7 1 19 19 19 2 1 8192 1 64
1 0 
0 
z3c 7 1 19 19 19 2 1 8192 1 64
1 0 
0 
z3x3 7 1 19 19 19 2 1 8192 1 64
1 0 
0 
z3x2y2 7 1 19 19 19 2 1 8192 1 64
1 0 
0 
z3xy 7 1 19 19 19 2 1 8192 1 64
1 0 
0 
z5 7 1 19 19 19 2 1 8192 1 64
1 5959 
0 
z4x 7 1 19 19 19 2 1 8192 1 64
1 88 
0 
z4 7 1 19 19 19 2 1 8192 1 64
1 3981 
0 
z3y3 7 1 19 19 19 2 1 8192 1 64
1 0 
0 
z4c 7 1 19 19 19 2 1 8192 1 64
1 0 
0 
z4xy 7 1 19 19 19 2 1 8192 1 64
1 0 
0 
z4x2y2 7 1 19 19 19 2 1 8192 1 64
1 0 
0 
z4y 7 1 19 19 19 2 1 8192 1 64
1 -802 
0 
z7 7 1 19 19 19 2 1 8192 1 64
1 5546 
0 
z5y 7 1 19 19 19 2 1 8192 1 64
1 0 
0 
z5x 7 1 19 19 19 2 1 8192 1 64
1 0 
0 
z6 7 1 19 19 19 2 1 8192 1 64
1 10042 
0 
zx2y2 7 1 19 19 19 2 1 8192 1 64
1 -1564 
0 
z8 7 1 19 19 19 2 1 8192 1 64
1 0 
0 
zoom 7 1 32767 0 0 4 1 0 1 64
1 0 
0 
zxy 7 1 19 19 19 2 1 8192 1 64
1 -3453 
0 
zx3 7 1 19 19 19 2 1 8192 1 64
1 -2108 
0 
zy3 7 1 19 19 19 2 1 8192 1 64
1 1290 
0 
