# CLNMLEV: Clean MLEV-17 mixing waveform, suppresses 
# cross relaxation in TOCSY experiments. 
# C.Griesinger, G.Otting, K.Wuethrich and R.R.Ernst
# J. Am. Chem. Soc. 110 (1988) 7870.
# see also, M.H.Levitt, & R.Freeman, JMR 43 (1981) 502. 
# flip angle sum : 60 + 16*360.0 deg
%
#       Shape Parameters
#       ----------------
amf     = sqa   (amplitude modulation function)
fmf 	= sqw	(frequency modulation function)
su 	= n	(default supercycle)
fla 	= 60.0	(default flipangle on resonance)
pwbw 	= 32.3	(pulsewidth to bandwidth product)
dres    = 5.0   (default tipangle resolution, deg)
st      = 0.5   (default status)
steps 	= 2668	(default number of steps)

#       Phase/Length Table
#       ------------------
cols 	= 3  (columns)
rows 	= 81 (rows) 

#      phase    flipangle  amplitude
#      -----    ---------  ---------
         0.0       90.0      1.0
        90.0      235.0      0.0
        90.0      180.0      1.0
         0.0      235.0      0.0
         0.0       90.0      1.0
         0.0       90.0      1.0
        90.0      235.0      0.0
        90.0      180.0      1.0
         0.0      235.0      0.0
         0.0       90.0      1.0
       180.0       90.0      1.0
       270.0      235.0      0.0
       270.0      180.0      1.0
       180.0      235.0      0.0
       180.0       90.0      1.0
       180.0       90.0      1.0
       270.0      235.0      0.0
       270.0      180.0      1.0
       180.0      235.0      0.0
       180.0       90.0      1.0
         0.0       90.0      1.0
        90.0      235.0      0.0
        90.0      180.0      1.0
         0.0      235.0      0.0
         0.0       90.0      1.0
       180.0       90.0      1.0
       270.0      235.0      0.0
       270.0      180.0      1.0
       180.0      235.0      0.0
       180.0       90.0      1.0
       180.0       90.0      1.0
       270.0      235.0      0.0
       270.0      180.0      1.0
       180.0      235.0      0.0
       180.0       90.0      1.0
         0.0       90.0      1.0
        90.0      235.0      0.0
        90.0      180.0      1.0
         0.0      235.0      0.0
         0.0       90.0      1.0
       180.0       90.0      1.0
       270.0      235.0      0.0
       270.0      180.0      1.0
       180.0      235.0      0.0
       180.0       90.0      1.0
       180.0       90.0      1.0
       270.0      235.0      0.0
       270.0      180.0      1.0
       180.0      235.0      0.0
       180.0       90.0      1.0
         0.0       90.0      1.0
        90.0      235.0      0.0
        90.0      180.0      1.0
         0.0      235.0      0.0
         0.0       90.0      1.0
         0.0       90.0      1.0
        90.0      235.0      0.0
        90.0      180.0      1.0
         0.0      235.0      0.0
         0.0       90.0      1.0
       180.0       90.0      1.0
       270.0      235.0      0.0
       270.0      180.0      1.0
       180.0      235.0      0.0
       180.0       90.0      1.0
         0.0       90.0      1.0
        90.0      235.0      0.0
        90.0      180.0      1.0
         0.0      235.0      0.0
         0.0       90.0      1.0
         0.0       90.0      1.0
        90.0      235.0      0.0
        90.0      180.0      1.0
         0.0      235.0      0.0
         0.0       90.0      1.0
       180.0       90.0      1.0
       270.0      235.0      0.0
       270.0      180.0      1.0
       180.0      235.0      0.0
       180.0       90.0      1.0
        90.0       60.0      1.0

