ACQtime 7 1 100000000 0 1 2 1 256 1 64
1 277 
0 
acqdim 7 1 32767 0 0 2 1 0 1 64
1 2 
0 
actionid 2 2 8 0 0 4 1 0 1 64
1 "n006"
0 
acqcycles 1 1 9.99999984307e+17 -9.99999984307e+17 0 2 1 0 1 64
1 200 
0 
arraydim 7 1 32768 1 1 2 1 5 1 64
1 200 
0 
disCmd 2 2 8 0 0 4 1 0 1 64
1 "dps"
0 
lpext1 7 1 1000000 0 1 3 1 0 1 64
1 200 
0 
lpnupts1 7 1 1000000 1 1 3 1 0 1 64
1 200 
0 
ni 7 1 32767 0 0 2 1 0 1 64
1 200 
0 
sb1 1 1 1000 -1000 0.001 3 1 1 1 64
1 -0.031 
0 
strtext1 7 1 1000000 1 1 3 1 0 1 64
1 201 
0 
strtlp1 7 1 1000000 1 1 3 1 0 1 64
1 200 
0 
time_saved 2 2 8 0 0 4 1 0 1 64
1 "20090812T105155"
0 
REQexp 2 2 8 0 0 4 1 256 1 64
1 "wet1D PRESAT PROTON"
0 
