ACQtime 7 1 100000000 0 1 2 1 256 1 64
1 421 
0 
acqdim 7 1 32767 0 0 2 1 0 1 64
1 2 
0 
actionid 2 2 8 0 0 4 1 0 1 64
1 "n008"
0 
acqcycles 1 1 9.99999984307e+17 -9.99999984307e+17 0 2 1 0 1 64
1 160 
0 
arraydim 7 1 32768 1 1 2 1 5 1 64
1 160 
0 
disCmd 2 2 8 0 0 4 1 0 1 64
1 "dps"
0 
gf1 1 1 100000 0 0 3 1 1 1 64
1 0.00732837105 
0 
gain 1 1 60 0 2 2 1 0 1 64
1 50 
0 
lpext1 7 1 1000000 0 1 3 1 0 1 64
1 240 
0 
lpnupts1 7 1 1000000 1 1 3 1 0 1 64
1 80 
0 
ni 7 1 32767 0 0 2 1 0 1 64
1 80 
0 
nt 7 1 1000000000 1 1 2 1 2 1 64
1 2 
0 
strtext1 7 1 1000000 1 1 3 1 0 1 64
1 81 
0 
strtlp1 7 1 1000000 1 1 3 1 0 1 64
1 80 
0 
time_saved 2 2 8 0 0 4 1 0 1 64
1 "20090812T105212"
0 
REQexp 2 2 8 0 0 4 1 256 1 64
1 "wet1D PRESAT PROTON"
0 
