1 1
1 2
1 3
1 9
1 11
1 12
1 13
1 16
1 17
1 23
1 24
1 25
1 29
1 32
1 33
1 37
1 38
1 46
1 59
2 1
2 2
2 3
2 4
2 5
2 7
2 8
2 10
2 11
2 14
2 15
2 16
2 19
2 20
2 22
2 25
2 29
2 31
2 34
2 38
2 41
2 44
2 56
2 64
3 1
3 8
3 11
3 13
3 14
3 17
3 19
3 21
3 24
3 25
3 29
3 30
3 34
3 35
3 37
3 39
3 44
3 49
3 51
3 55
3 60
3 61
4 1
4 2
4 4
4 8
4 9
4 10
4 13
4 14
4 17
4 18
4 19
4 20
4 22
4 23
4 24
4 26
4 29
4 39
4 40
4 43
4 49
4 57
5 2
5 4
5 8
5 10
5 11
5 12
5 13
5 14
5 17
5 19
5 24
5 27
5 29
5 33
5 38
5 40
5 54
5 55
5 58
5 61
6 2
6 3
6 4
6 6
6 8
6 9
6 11
6 14
6 16
6 22
6 24
6 26
6 27
6 28
6 35
6 37
6 40
6 50
6 53
6 59
6 61
6 63
7 2
7 4
7 5
7 7
7 8
7 9
7 13
7 15
7 16
7 18
7 21
7 25
7 26
7 27
7 28
7 32
7 37
7 38
7 40
7 45
7 52
7 56
8 2
8 4
8 5
8 6
8 8
8 11
8 14
8 18
8 20
8 23
8 34
8 43
8 52
8 57
9 1
9 4
9 7
9 9
9 10
9 12
9 17
9 18
9 20
9 21
9 22
9 25
9 40
9 43
9 44
9 46
9 47
9 57
9 64
10 1
10 2
10 3
10 7
10 10
10 11
10 14
10 16
10 18
10 19
10 26
10 31
10 34
10 36
10 38
10 48
10 53
10 54
10 56
10 58
11 2
11 5
11 7
11 8
11 10
11 13
11 14
11 15
11 16
11 21
11 23
11 29
11 33
11 44
11 46
11 52
12 2
12 3
12 4
12 5
12 6
12 7
12 9
12 15
12 17
12 20
12 22
12 24
12 26
12 28
12 30
12 31
12 32
12 33
12 43
12 44
12 55
13 3
13 4
13 8
13 11
13 15
13 16
13 22
13 23
13 27
13 49
13 52
13 61
14 1
14 2
14 4
14 5
14 6
14 7
14 9
14 10
14 11
14 13
14 15
14 19
14 20
14 22
14 24
14 32
14 36
14 37
14 39
14 42
14 47
14 60
15 1
15 9
15 14
15 17
15 18
15 21
15 24
15 26
15 31
15 57
16 2
16 3
16 4
16 9
16 10
16 12
16 19
16 20
16 24
16 25
16 30
16 36
16 51
16 52
16 61
17 2
17 4
17 5
17 7
17 12
17 13
17 18
17 22
17 23
17 29
17 60
17 62
17 63
18 3
18 7
18 8
18 11
18 15
18 18
18 26
18 28
18 29
18 32
18 44
18 51
19 3
19 4
19 9
19 11
19 17
19 19
19 23
19 28
19 30
19 37
19 39
19 46
19 56
20 3
20 6
20 11
20 18
20 19
20 25
20 27
20 30
20 31
20 36
20 37
20 39
20 56
21 3
21 6
21 9
21 10
21 11
21 14
21 16
21 17
21 19
21 23
21 26
21 35
21 47
22 3
22 6
22 7
22 12
22 35
23 2
23 9
23 11
23 23
23 27
23 29
23 42
23 51
24 2
24 9
24 10
24 14
24 16
24 17
24 18
24 19
24 22
24 28
24 32
24 37
24 42
24 43
24 49
24 53
24 54
24 59
24 63
25 3
25 9
25 10
25 14
25 29
25 38
25 40
26 3
26 11
26 12
26 19
26 30
26 36
26 41
26 51
26 57
27 7
27 8
27 10
27 13
27 17
27 27
28 2
28 5
28 10
28 18
28 23
28 33
28 44
29 2
29 3
29 11
29 22
29 30
29 31
29 36
29 43
29 56
30 3
30 15
30 24
30 25
30 30
30 51
30 63
31 6
31 21
31 30
31 36
32 2
32 7
32 10
32 13
32 18
32 23
32 37
32 43
32 47
32 56
32 58
33 10
33 16
33 18
33 19
33 34
33 37
33 48
34 7
34 18
34 23
34 33
34 54
34 64
35 4
35 30
35 57
35 59
36 4
36 10
36 15
36 25
36 31
36 40
37 6
37 8
37 17
37 23
37 24
37 25
37 34
37 53
38 3
39 5
39 6
39 10
39 15
39 34
39 46
40 3
40 23
40 30
40 31
40 38
40 45
