gzlvl7 1 1 9.99999984307e+17 -9.99999984307e+17 0 2 1 0 1 64
1 28000 
0 
dmf2 7 1 100000 1 0 2 1 2 1 64
1 12903 
0 
autocal 2 2 8 0 0 2 1 0 1 64
1 "y"
0 
Gmapname 2 2 8 0 0 2 1 1 1 64
1 ""
0 
BPpipenexp 7 1 32767 0 0 2 1 0 1 64
1 1 
0 
BPpipe_strips_script 2 2 8 0 0 3 1 256 1 64
1 "vj_scroll_expert.com"
0 
BPpipe_editor 2 2 8 0 0 3 1 256 1 64
1 "gedit"
0 
BPpipe_3Dscript 2 2 8 0 0 3 1 256 1 64
1 "vj_xyz_expert.com"
0 
B0 1 1 9.99999984307e+17 -9.99999984307e+17 0 2 1 0 1 64
1 140964 
0 
Archive1 2 2 8 0 0 2 1 0 1 64
1 ""
0 
ACQtime 7 1 100000000 0 1 2 1 256 1 64
1 0 
0 
Archive2 2 2 8 0 0 2 1 0 1 64
1 ""
0 
BPexpress_gui 7 1 32767 0 0 2 1 0 1 64
1 1 
0 
BPpipeSOL 2 2 8 0 0 3 1 256 1 64
1 "y"
0 
BPpipe_XYscript 2 2 8 0 0 3 1 256 1 64
1 "vj_ft2_expert.com"
0 
BPpipe_4Dscript 2 2 8 0 0 3 1 256 1 64
1 "vj_xyza_user.com"
0 
BPpipe_controls 2 2 8 0 0 3 1 256 1 64
1 "n"
0 
BPpipe_XZscript 2 2 8 0 0 3 1 256 1 64
1 "vj_ft2_expert.com"
0 
BPpipe_pipeDir 2 2 8 0 0 3 1 256 1 64
1 "pipe"
0 
BPpipe_fidscript 2 2 8 0 0 3 1 256 1 64
1 "vj_fid.com"
0 
BPpipe_fidDir 2 2 8 0 0 3 1 256 1 64
1 "acqfil/fid"
0 
BPpipe_par 2 2 8 0 0 3 1 256 1 64
1 "curpar"
0 
BPpipe_solids 2 2 8 0 0 3 1 256 1 64
1 "n"
0 
BPpipeexp3 1 1 9.99999984307e+17 -9.99999984307e+17 0 2 1 256 1 64
1 3 
0 
BPpipeexp1 1 1 9.99999984307e+17 -9.99999984307e+17 0 2 1 256 1 64
1 1 
0 
BPpipedrawinfo 2 2 8 0 0 2 1 256 1 64
1 ""
0 
BPpipedraw 4 2 4 0 0 2 1 0 1 64
1 "n"
0 
BPpipeautoproc 4 2 4 0 0 2 1 256 1 64
1 "n"
0 
BPpipeexp 2 2 8 0 0 2 1 256 1 64
12 ""
""
""
""
""
""
""
""
""
""
""
""
0 
BPpipeexp11 1 1 9.99999984307e+17 -9.99999984307e+17 0 2 1 256 1 64
1 11 
0 
BPpipeexp10 1 1 9.99999984307e+17 -9.99999984307e+17 0 2 1 256 1 64
1 10 
0 
BPpipeexp2 1 1 9.99999984307e+17 -9.99999984307e+17 0 2 1 256 1 64
1 2 
0 
BPpipeexp12 1 1 9.99999984307e+17 -9.99999984307e+17 0 2 1 256 1 64
1 12 
0 
BPpipeexp6 1 1 9.99999984307e+17 -9.99999984307e+17 0 2 1 256 1 64
1 6 
0 
BPpipeexp4 1 1 9.99999984307e+17 -9.99999984307e+17 0 2 1 256 1 64
1 4 
0 
BPpipeexp5 1 1 9.99999984307e+17 -9.99999984307e+17 0 2 1 256 1 64
1 5 
0 
BPpipeexp8 1 1 9.99999984307e+17 -9.99999984307e+17 0 2 1 256 1 64
1 8 
0 
BPpipeexp7 1 1 9.99999984307e+17 -9.99999984307e+17 0 2 1 256 1 64
1 7 
0 
BPpipeexport 4 2 4 0 0 2 1 256 1 64
1 "n"
0 
BPpipeexp9 1 1 9.99999984307e+17 -9.99999984307e+17 0 2 1 256 1 64
1 9 
0 
BPpipeexportexp 2 2 8 0 0 2 1 256 1 64
1 "5"
0 
CSdensity 1 1 100 0 0 2 1 0 1 64
1 50 
0 
BPpipetype 2 2 8 0 0 2 1 256 1 64
1 "HN(COCA)CB"
0 
BPpipeprocinfo 2 2 8 0 0 2 1 256 1 64
1 ""
0 
BPpipeproc 1 1 9.99999984307e+17 -9.99999984307e+17 0 2 1 256 1 64
1 1 
0 
BPpipepage 7 1 32767 0 0 2 1 256 1 64
1 1 
0 
BPpiperegion 4 2 4 0 0 2 1 0 1 64
1 "n"
0 
CS_cln 4 2 4 0 0 3 1 0 1 64
1 "y"
0 
BPpipevjdisp 4 2 4 0 0 2 1 256 1 64
1 "n"
0 
BPpipevjproc 4 2 4 0 0 2 1 0 1 64
1 "n"
0 
CS_inf 4 2 4 0 0 3 1 0 1 64
1 "y"
0 
CS_dpars 4 2 4 0 0 3 1 0 1 64
1 "y"
0 
CS_se 4 2 4 0 0 3 1 0 1 64
1 "n"
0 
CSseed 1 1 9.99999984307e+17 -9.99999984307e+17 0 2 1 0 1 64
1 169 
0 
CSlines 7 1 32767 0 0 2 1 0 1 64
1 4 
0 
CSdnoise 4 2 4 0 0 3 1 0 1 64
1 "y"
0 
CSdensity2 1 1 100 0 0 2 1 0 1 64
1 50 
0 
CSdomain 7 1 32767 0 0 2 1 0 1 64
1 1 
0 
CSinp 2 2 8 0 0 2 1 0 1 64
1 ""
0 
CSprofile 2 2 8 0 0 2 1 256 1 64
3 ""
""
""
0 
CSniIndex 7 1 32767 0 0 2 1 256 1 64
1 0 
0 
CSni2Index 7 1 32767 0 0 2 1 256 1 64
1 0 
0 
CSpars 2 2 8 0 0 2 1 256 1 64
1 ""
0 
CSprosize 7 1 32767 0 0 2 1 256 1 64
3 0 0 0 
0 
CSreconmethod 2 2 8 0 0 2 1 0 1 64
1 "CLEAN"
0 
CSwp 7 1 32767 0 0 3 1 0 1 64
1 0 
0 
CSsp 7 1 32767 0 0 3 1 0 1 64
1 0 
0 
CSshowpro 4 2 4 0 0 2 1 0 1 64
1 "y"
0 
CSshape 2 2 8 0 0 2 1 0 1 64
1 "gexp"
0 
CSshowsch 4 2 4 0 0 2 1 0 1 64
1 "y"
0 
CSthr 1 1 100 1 0.1 3 1 0 1 64
1 2 
0 
CStype 4 2 4 0 0 2 1 0 1 64
1 "a"
0 
CgCO_shape1 2 2 8 0 0 2 1 0 1 64
1 "nnREBURP1"
0 
CT_c 4 2 4 0 0 2 1 0 1 64
1 "n"
0 
CSwt 4 2 4 0 0 2 1 0 1 64
1 "n"
0 
D_flg 2 2 8 0 0 2 1 0 1 64
1 "n"
0 
CgCO_shape2 2 2 8 0 0 2 1 0 1 64
1 "nnREBURP1"
0 
Gmap 2 2 8 0 0 2 1 1 1 64
1 "no"
0 
archivedir 2 2 8 0 0 2 1 0 1 64
1 ""
0 
acqstatus 7 1 32767 0 0 2 1 0 1 64
2 101 0 
0 
REBURP_flg 4 2 4 0 0 2 1 0 1 64
1 "y"
0 
N_flg 2 2 8 0 0 2 1 0 1 64
1 "n"
0 
IPrunid 2 2 8 0 0 2 1 0 1 64
1 ""
0 
H1reffrq 1 1 9.99999984307e+17 -9.99999984307e+17 0 2 1 0 1 64
1 499.922475824 
0 
MinSW 2 2 8 0 0 3 1 0 1 64
1 "off"
4 "off" "auto" "manual" "skip" 
PFGflg 4 2 4 0 0 2 1 0 1 64
1 "n"
0 
TROSY 4 2 4 0 0 2 1 0 1 64
1 "y"
0 
REQexp 2 2 8 0 0 4 1 256 1 64
2 ""
"ignore"
0 
REBURP_lvl 1 1 9.99999984307e+17 -9.99999984307e+17 0 2 1 0 1 64
1 57 
0 
SPARSE 4 2 4 0 0 2 1 0 1 64
1 "n"
0 
acqdim 7 1 1000000000 -1000000000 0 2 1 0 1 64
1 1 
0 
acqcycles 1 1 9.99999984307e+17 -9.99999984307e+17 0 2 1 0 1 64
1 1 
0 
acqpath 2 2 8 0 0 2 1 0 1 64
1 ""
0 
ampmode 4 2 4 0 0 2 1 0 1 64
1 "dddp"
0 
aig 2 2 2 0 0 4 1 1 1 64
1 "ai"
2 "nm" "ai" 
adir2tmplt 2 2 8 0 0 2 1 0 1 64
1 ""
0 
actionid 2 2 8 0 0 2 1 0 1 64
1 "null"
0 
adirtmplt 2 2 8 0 0 2 1 0 1 64
1 ""
0 
alock 2 2 8 0 0 2 1 0 1 64
1 "n"
5 "a" "n" "s" "u" "y" 
alfa 6 1 8192 -8192 0.1 2 1 2 1 64
1 8 
0 
ap 2 2 1023 0 0 4 1 6 1 64
1 "1:ACQUISITION H1:sfrq:3,at:3,np,sw:1,bs,ss,tpwr,compH:2,pw:1,d1:3,tof:1,nt,ct,gain;1:SAMPLE:date,file,solvent,temp:1;1:C13 PULSES:dfrq:3,dof,pwClvl,compC:2,pwC:2;1:C13 SLP CALIBRATN:pwCO90:1,pwCO90pwr,shCO90,pwCO180:1,pwCO180pwr,shCO180,pwCACB90:1,pwCACB90pwr,shCACB90,pwCACB180:1,pwCACB180pwr,shCACB180,pwCBIP:1,shCBIP;1:N15 PULSES:dfrq2:3,dof2,pwN:1,pwNlvl,compN:2,dpwr2,dm2,dmm2,dmf2;1:2D PARAMETERS 13C:d2:4,sw1:1,ni,fad1,f1180,phase;2:3D PARAMETERS 15N:d3:4,sw2:1,ni2,fad2,f2180,phase2;2:DELAYS:tauCC:6,timeTN:6;2:GRADIENTS:mag_flg,gzcal:6,gzlvl1,gzlvl2;2:FLAGS ETC:TROSY,CT_c,h1dec,dp,hs,il,,werr,wbs,wnt,wexp;2:DISPLAY:sp:1,wp:1,vs,sc,wc,hzmm:2,is:2,rfl:1,rfp:1,th,ins:3,aig*,dcg*,dmg*;2:2D DISPLAY:sp1:1,wp1:1,sc2,wc2,rfl1:1,rfp1:1;2:PROCESSING:lb(lb):2,sb(sb):3,sbs(sb):3,gf(gf):3,gfs(gf):3,fn,math;2:2D PROCESSING:lb1(lb1):3,sb1(sb1):3,sbs1(sb1):3,gf1(gf1):3,gfs1(gf1):3,fn1;2:3D PROCESSING:lb2(lb2):2,sb2(sb2):3,sbs2(sb2):3,gf2(gf2):3,gfs2(gf2):3,fn2;"
0 
apptype 2 2 8 0 0 2 1 1 1 64
1 "ghn_coca_cb"
0 
arrayelemts 1 1 9.99999984307e+17 -9.99999984307e+17 0 2 1 0 1 64
1 0 
0 
arraydim 7 1 32768 1 1 2 1 5 1 64
1 1 
0 
arraydelta 7 1 32767 0 0 2 1 0 1 64
1 1 
0 
array 2 2 256 0 0 2 1 1 1 64
1 ""
0 
arraydodc 4 2 4 0 0 2 1 0 1 64
1 "n"
0 
arraydscale 4 2 4 0 0 2 1 0 1 64
1 "n"
0 
arraystop 7 1 32767 0 0 2 1 0 1 64
1 32 
0 
arraystart 7 1 32767 0 0 2 1 0 1 64
1 1 
0 
arrayflip 4 2 4 0 0 2 1 0 1 64
1 "n"
0 
at_ni 1 1 9.99999984307e+17 -9.99999984307e+17 0 2 1 0 1 64
1 0.006 
0 
at 1 1 14 14 14 2 1 8203 1 64
1 0.0851968 
0 
at_ni3 1 1 9.99999984307e+17 -9.99999984307e+17 0 2 1 0 1 64
1 0.001 
0 
at_ni2 1 1 9.99999984307e+17 -9.99999984307e+17 0 2 1 0 1 64
1 0.02 
0 
at_obs 1 1 9.99999984307e+17 -9.99999984307e+17 0 2 1 0 1 64
1 0.1 
0 
d2 3 1 14 14 14 2 1 8194 1 64
1 0 
0 
cofrq 5 1 1000000000 -1000000000 0 2 1 0 1 64
1 10800 
0 
bs 7 1 32767 0 1 2 1 0 0 64
1 8 
0 
awc2 1 1 1 -1 0.001 3 1 1 0 64
1 0 
0 
awc 1 1 1 -1 0.001 3 1 1 0 64
1 0 
0 
avwdir 2 2 8 0 0 3 1 0 1 64
1 ""
0 
awc1 1 1 1 -1 0.001 3 1 1 0 64
1 0 
0 
axisf 4 2 4 0 0 4 1 0 1 64
1 "s"
4 "m" "n" "s" "u" 
axis 4 2 4 0 0 4 1 0 1 64
1 "pd2"
11 "c" "d" "1" "2" "3" "h" "k" "m" "n" "p" "u" 
boresize 1 1 9.99999984307e+17 -9.99999984307e+17 0 2 1 0 1 64
1 0.5 
0 
celem 1 1 9.99999984307e+17 -9.99999984307e+17 0 2 1 0 1 64
1 7680 
0 
c13reff1 1 1 9.99999984307e+17 -9.99999984307e+17 0 2 1 0 1 64
1 0 
0 
c13_de 3 1 14 14 14 2 1 8192 1 64
1 0.001 
0 
c13reff3 1 1 9.99999984307e+17 -9.99999984307e+17 0 2 1 0 1 64
1 0 
0 
c13reff2 1 1 9.99999984307e+17 -9.99999984307e+17 0 2 1 0 1 64
1 0 
0 
cal 1 1 9.99999984307e+17 -9.99999984307e+17 0 2 1 0 1 64
1 4.2 
0 
checkofs 2 2 8 0 0 2 1 0 1 64
1 "n"
0 
cf 7 1 32767 0 1 3 1 1 0 64
1 1 
0 
console 2 2 8 0 0 2 1 0 1 64
1 "vnmrs"
0 
compD 1 1 9.99999984307e+17 -9.99999984307e+17 0 2 1 0 1 64
1 1 
0 
comment 2 2 8 0 0 3 1 0 1 64
1 ""
0 
compC 1 1 9.99999984307e+17 -9.99999984307e+17 0 2 1 0 1 64
1 1.067 
0 
compN 1 1 9.99999984307e+17 -9.99999984307e+17 0 2 1 0 1 64
1 1.017 
0 
compH 1 1 9.99999984307e+17 -9.99999984307e+17 0 2 1 0 1 64
1 0.886 
0 
concentration 1 1 9.99e+17 -9.99e+17 0 2 1 0 1 64
1 0 
0 
cr1 1 1 1000000000 -1000000000 0 4 1 3 1 64
1 6402.03506324 
0 
cppauseflg 4 2 4 0 0 4 1 0 1 64
1 "n"
0 
cp 2 2 1 0 0 2 1 0 1 64
1 "y"
2 "y" "n" 
cr 1 1 1000000000 -1000000000 0 4 1 1 1 64
1 4485.71464076 
0 
customflag 4 2 4 0 0 4 1 0 1 64
1 "n"
0 
ct 7 1 1000000000 0 1 2 1 6 1 64
1 0 
0 
cr2 1 1 9.99999984307e+17 -9.99999984307e+17 0 4 1 0 1 64
1 6876.52421806 
0 
d1 3 1 14 14 14 2 1 8194 1 64
1 1 
0 
cutoff 1 1 9.99999984307e+17 -9.99999984307e+17 0 4 1 0 0 64
1 200 
0 
dg 2 2 1023 0 0 4 1 6 1 64
1 "1:ACQUISITION H1:sfrq:3,at:3,np:0,sw:1,bs(bx),ss,tpwr:0,compH:2,pw:1,d1:3,tof:1,nt:0,ct:0,gain:0;2:C13 RF:dfrq:5,dof:0,dofCO,pwClvl:0,pwC:2,compC:2,CT_c:0,h1dec:0;2:13C DIMENSION:d2(d2):6,sw1:1,ni,phase,f1180;3:N15 RF:dfrq2:3,dof2:0,pwN:1,pwNlvl:0,compN:2,,dpwr2:0,dm2,dmm2,dmf2;3:15N DIMENSION:d3(d3):6,sw2:1,ni2,phase2,f2180;4:SELECTION:TROSY,mag_flg,gzcal(mag_flg):6,gt1:5,gzlvl1:0,gzlvl2:0;4:SAMPLE:date,solvent,temp:1,,;4:FOR INFORMATION:sequence,processing,linearpred;"
0 
dec2wave 2 2 8 0 0 2 1 0 1 64
1 "g"
0 
dcapwr 7 1 77 0 1 2 1 0 1 64
1 64 
0 
dataProcessed 1 1 9.99999984307e+17 -9.99999984307e+17 0 3 1 0 1 64
1 0 
0 
d4 3 1 14 14 14 2 1 8192 1 64
1 0 
0 
d3 3 1 14 14 14 2 1 8194 1 64
1 0 
0 
dataID 2 2 8 0 0 2 1 0 1 64
1 ""
0 
date 2 2 9 0 0 2 1 1 1 64
1 "Oct 14 2009"
0 
dataid 2 2 8 0 0 2 1 0 1 64
1 ""
0 
datname 2 2 8 0 0 3 1 0 1 64
1 ""
0 
dcodpwr 7 1 61 0 0 2 1 0 1 64
1 57 
0 
dco90pwr 7 1 32767 0 0 2 1 0 1 64
1 52 
0 
dcg 2 2 3 0 0 4 1 1 1 64
1 "cdc"
2 "dc" "cdc" 
dcrmv 4 2 9.99999984307e+17 -9.99999984307e+17 0 4 1 0 1 64
1 "n"
2 "y" "n" 
dconi 2 2 8 0 0 4 1 0 1 64
1 "dpcon,12,1.3"
0 
ddrtc 6 1 13 13 13 2 1 8192 1 64
1 8 
0 
ddrpm 2 2 8 0 0 2 1 0 1 64
1 "e"
0 
delta2 1 1 9.99999984307e+17 -9.99999984307e+17 0 4 1 0 1 64
1 1773.91098485 
0 
decwave 2 2 8 0 0 2 1 0 1 64
1 "g"
0 
decfrq 1 1 9.99999984307e+17 -9.99999984307e+17 0 2 1 0 1 64
1 -3000 
0 
dec3wave 2 2 8 0 0 2 1 0 1 64
1 "g"
0 
delta1 1 1 5000000 0 0 4 1 3 1 64
1 9725.49195836 
0 
delta 1 1 5000000 0 0 4 1 1 1 64
1 2146.37991573 
0 
deltaone 1 1 9.99999984307e+17 -9.99999984307e+17 0 2 1 0 1 64
1 0 
0 
deltafrq 5 1 1000000000 -1000000000 0 2 1 0 1 64
1 -19000 
0 
deltaf 1 1 100 0 0 4 1 0 1 64
1 0 
0 
dfrq2 1 1 1000000000 0 0 2 1 9 1 64
1 50.6630062 
0 
dfrq 5 1 1000000000 -1000000000 0 2 1 8 1 64
1 125.7092083 
0 
density 1 1 9.99999984307e+17 -9.99999984307e+17 0 2 1 0 1 64
1 1 
0 
dfrq3 1 1 1000000000 0 0 2 1 9 1 64
1 76.7411844 
0 
dimY 2 2 8 0 0 2 1 0 1 64
1 "lro"
0 
dh2pwr 7 1 77 0 1 2 1 0 1 64
1 0 
0 
dgp 2 2 8 0 0 4 1 0 1 64
1 "1:DOWNSAMPLE:downsamp,dscoef,dsfb,dslsfrq,filtfile;1:OVERSAMPLE:oversamp,oscoef,osfb,oslsfrq,osfilt,fsqd;1:CONDITIONAL:werr,wexp,wbs,wnt;2:WEIGHT:lb:3,sb:3,sbs(sb):3,gf:3,gfs(gf):3,awc:3,ssfilter,ssntaps,ssorder,sslsfrq:1;2:PROCESS:cf(nf),lsfid,phfid:1,lsfrq:1,proc,fn,rp:1,lp:1;3(ni):WEIGHT 1:lb1:3,sb1:3,sbs1(sb1):3,gf1:3,gfs1(gf1):3,awc1:3,wtfile1;3(ni):PROCESS 1:phfid1:1,lsfrq1:1,proc1,f1coef,fn1,rp1:1,lp1:1;4(ni2):WEIGHT 2:lb2:3,sb2:3,sbs2(sb2):3,gf2:3,gfs2(gf2):3,awc2:3,wtfile2;4(ni2):PROCESS 2:phfid2:1,lsfrq2:1,proc2,f2coef,fn2,rp2:1,lp2:1;"
0 
dg2 2 2 1023 0 0 4 1 7 1 64
1 "1:C13 PULSES:pwCO90:1,pwCO90pwr:0,shCO90,,pwCO180:1,pwCO180pwr:0,shCO180,,pwCACB90:1,pwCACB90pwr:0,shCACB90,,pwCACB180:1,pwCACB180pwr:0,shCACB180,,pwCBIP:1,shCBIP;1:PULSE SEQ DELAYS:tauCC:4,timeTN:4;2:CHANNEL 3:dfrq2:3,dn2,dpwr2:0,dof2:1,dm2,dmm2,dmf2:0,dseq2,dres2:1;3(dm3='nyn'):CHANNEL 4:dfrq3:3,dn3,dpwr3:0,dof3:1,dm3,dmm3,dmf3:0,dseq3,dres3:1,;4:GRADIENTS:gzlvl1:0,gzlvl2:0,gt1:5,,gzlvl0:0,gt0:5,gzlvl3:0,gt3:5,gzlvl4:0,gt4:5,gzlvl5:0,gt5:5,gzlvl6:0,gzlvl7:0,gt7:5,gzlvl8:0;"
0 
dg1 2 2 8 0 0 4 1 0 1 64
1 "1:DISPLAY:sp:1,wp:1,sp1(ni):1,wp1(ni):1,sp2(ni2):1,wp2(ni2):1;1:FID:sf:3,wf:3,vf:0;1:FLAGS:aig*,dcg*,pmode*(ni),dmg*,dmg1*(ni),dmg2*(ni2);2:REFERENCING:rfl:1,rfp:1,cr:1,delta:1,,rfl1(ni):1,rfp1(ni):1,cr1(ni):1,delta1(ni):1,,rfl2(ni2):1,rfp2(ni2):1,cr2(ni2):1,delta2(ni2):1;3:CHART:sc:0,wc:0,sc2(ni):0,wc2(ni):0,,hzmm:2,vs:1,vp:1,th:1,ho:2,vo:2,axis,,pltmod,rplot;4(ni):DIMENSIONS:trace,plane(ni2);4:INTEGRAL:intmod,is:2,ins:3,io:0,,lvl:3,tlt:3;4(ni2):3D OPTIONS:fiddc3d,specdc3d,ptspec3d,ntype3d;"
0 
dglp 2 2 8 0 0 4 1 7 1 64
1 "1(lpfilt):LP:lpalg,lpopt,lpfilt:0,lpnupts:0,strtlp:0,lpext:0,strtext:0,,proc,ni,celem;2(lpfilt1):LP 1:lpalg1,lpopt1,lpfilt1:0,lpnupts1:0,strtlp1:0,lpext1:0,strtext1:0,,proc1;3(lpfilt2):LP 2:lpalg2,lpopt2,lpfilt2:0,lpnupts2:0,strtlp2:0,lpext2:0,strtext2:0,,proc2;4:LP OUTPUT:lpprint(lpfilt):0,lptrace(lpfilt):0,lpprint1(lpfilt1):0,lptrace1(lpfilt1):0,lpprint2(lpfilt2):0,lptrace2(lpfilt2):0;"
0 
dgs 2 2 1023 0 0 4 1 6 1 64
5 "1:AXIAL SHIMS:z1:0,z2:0,z3:0,z4:0,z5:0,z6:0,z7:0;"
"2:NON AXIAL SHIMS:x1:0,y1:0,xz:0,yz:0,xy:0,x2y2:0,x3:0,y3:0,xz2:0,yz2:0,zxy:0,zx2y2:0,z3x:0,z3y:0;"
"3:NON AXIAL SHIMS:z2x2y2:0,z2xy:0,zx3:0,zy3:0,z4x:0,z4y:0;"
"4:AUTOMATION:method,wshim,load,,spin:0,gain:0,alock,loc:0;"
"4:SPECIAL:temp;"
0 
dgproc 2 2 8 0 0 4 1 0 1 64
1 "1:PROCESSING:lb:3,sb:3,sbs:3,gf:3,gfs2:3,awc2:3,wtfile,proc,fn:0;2:2D PROCESSING:lb1:3,sb1:3,sbs1:3,gf1:3,gfs1:3,awc1:3,wtfile1,proc1,fn1:0,f1coef;3:3D PROCESSING:lb2:3,sb2:3,sbs2(sb2):3,gf2:3,gfs2(gf2):3,awc2:3,wtfile2,proc2,fn2:0,f2coef;"
0 
dhpwr 1 1 9 9 9 2 1 8192 1 64
1 63 
0 
dhipwr 1 1 9.99999984307e+17 -9.99999984307e+17 0 2 1 0 1 64
1 63 
0 
dhp 1 1 9 9 9 2 1 8192 0 64
1 40 
0 
dimX 2 2 8 0 0 2 1 0 1 64
1 "lpe"
0 
dhpwr2 1 1 18 18 18 2 1 8192 1 64
1 61 
0 
displaymode 4 2 9.99999984307e+17 -9.99999984307e+17 0 4 1 0 1 64
1 "r"
6 "r" "i" "a" "e" "z" "s" 
dimension2 1 1 9.99999984307e+17 -9.99999984307e+17 0 2 1 0 1 64
1 32 
0 
dimension 2 2 8 0 0 2 1 0 1 64
1 "C13 N15 H1"
0 
dimZ 2 2 8 0 0 2 1 0 1 64
1 "lpe2"
0 
dimension1 1 1 9.99999984307e+17 -9.99999984307e+17 0 2 1 0 1 64
1 60 
0 
disCmd 2 2 8 0 0 4 1 0 1 64
1 "dps"
0 
dimension3 1 1 9.99999984307e+17 -9.99999984307e+17 0 2 1 0 1 64
1 1024 
0 
dly_pg1 3 1 14 14 14 2 1 8192 1 64
1 0.008 
0 
dlp 7 1 10 10 10 2 1 8194 0 64
1 10 
0 
dlowpwr 7 1 32767 0 0 2 1 0 1 64
1 46 
0 
dm2 4 2 4 0 0 2 1 0 1 64
1 "nnn"
4 "a" "n" "s" "y" 
dm 4 2 4 0 0 2 1 0 1 64
1 "nnn"
4 "a" "n" "s" "y" 
dmf 7 1 11 11 11 2 1 8194 1 64
1 33898 
0 
dm3 4 2 4 0 0 2 1 0 1 64
1 "nyn"
4 "a" "n" "s" "y" 
fb 7 1 6 6 6 2 1 8203 1 64
1 7000 
0 
dscoef 7 1 49999 3 2 3 1 1 1 64
1 251 
0 
dotflag 2 2 8 0 0 4 1 0 1 64
1 "n"
2 "n" "y" 
dn3 2 2 8 0 0 2 1 8 1 64
1 "H2"
0 
dmm3 4 2 4 0 0 2 1 0 1 64
1 "cwc"
9 "c" "f" "g" "m" "p" "r" "u" "w" "x" 
dmg1 2 2 8 0 0 4 1 0 1 64
1 "ph1"
4 "" "av1" "ph1" "pwr1" 
dmg 2 2 2 0 0 4 1 3 1 64
1 "ph"
0 
dmf3 7 1 2000000 1 0 2 1 2 1 64
1 1004 
0 
dmm 4 2 4 0 0 2 1 0 1 64
1 "ccp"
9 "c" "f" "g" "m" "p" "r" "u" "w" "x" 
dmg2 2 2 8 0 0 2 1 0 1 64
1 ""
0 
dmm2 2 2 8 0 0 2 1 0 1 64
1 "ccp"
0 
dn2 2 2 8 0 0 2 1 8 1 64
1 "N15"
0 
dn 2 2 4 0 0 2 1 8 1 64
1 "C13"
0 
dn2shapes 2 2 8 0 0 2 1 256 1 64
3 ""
""
""
0 
dn2ref 2 2 8 0 0 4 1 1 1 64
1 ""
0 
dnref 2 2 8 0 0 4 1 1 1 64
1 ""
0 
dn3shapes 2 2 8 0 0 2 1 256 1 64
3 ""
""
""
0 
dn3ref 2 2 8 0 0 4 1 1 1 64
1 ""
0 
dn4ref 2 2 8 0 0 4 1 1 1 64
1 ""
0 
dof2 5 1 1000000000 -1000000000 0 2 1 8 1 64
1 1337 
0 
dod 3 1 14 14 14 2 1 8194 1 64
1 0.00999999977648 
0 
dnshapes 2 2 8 0 0 2 1 256 1 64
3 ""
""
""
0 
dof 5 1 8 8 8 2 1 8202 1 64
1 -8311.7 
0 
dofCO 5 1 1000000000 -1000000000 0 2 1 0 1 64
1 11952 
0 
dof3 5 1 20 20 20 2 1 8202 1 64
1 -340.9 
0 
dpwr_D 1 1 21 21 21 2 1 8192 1 64
1 39 
0 
dpwr1 7 1 32767 0 0 2 1 0 1 64
1 41 
0 
dp 2 2 1 0 0 2 1 0 1 64
1 "y"
2 "y" "n" 
downsamp 7 1 999 1 1 3 1 1 0 64
1 0 
0 
dpwr 1 1 9 9 9 2 1 8194 1 64
1 41 
0 
dpf_wc2 1 1 9.99999984307e+17 -9.99999984307e+17 0 4 1 0 1 64
1 154.5 
0 
dpwr3 1 1 21 21 21 2 1 8194 1 64
1 45 
0 
dpwr2 1 1 18 18 18 2 1 8194 1 64
1 36 
0 
dres 7 1 360 1 0 2 1 0 1 64
1 9 
0 
dreffrq 1 1 9.99999984307e+17 -9.99999984307e+17 0 2 1 0 1 64
1 125.705271583 
0 
dpwrf 1 1 4095 0 1 2 1 2 0 64
1 4095 
0 
dreffrq2 1 1 9.99999984307e+17 -9.99999984307e+17 0 2 1 0 1 64
1 50.6567045435 
0 
dreffrq3 1 1 9.99999984307e+17 -9.99999984307e+17 0 2 1 0 1 64
1 76.7411416189 
0 
dres2 7 1 360 1 0 2 1 0 1 64
1 9 
0 
dres3 7 1 360 1 0 2 1 0 1 64
1 90 
0 
emailaddr 2 2 8 0 0 4 1 0 1 64
1 ""
0 
dslsfrq 1 1 9.99999984307e+17 -9.99999984307e+17 0 3 1 1 0 64
1 0 
0 
dseq3 2 2 8 0 0 2 1 0 1 64
1 "garp1"
0 
dseq 2 2 8 0 0 2 1 0 1 64
1 "wc13"
0 
dseq2 2 2 8 0 0 2 1 0 1 64
1 "wurst40N"
0 
dsfb 1 1 9.99999984307e+17 -9.99999984307e+17 0 3 1 1 0 64
1 0 
0 
dss_wc 1 1 9.99999984307e+17 -9.99999984307e+17 0 4 1 0 1 64
1 237.5 
0 
dss_sc2 1 1 9.99999984307e+17 -9.99999984307e+17 0 4 1 0 1 64
1 0 
0 
dss_sc 1 1 9.99999984307e+17 -9.99999984307e+17 0 4 1 0 1 64
1 0 
0 
dutyc 1 1 9.99999984307e+17 -9.99999984307e+17 0 2 1 0 1 64
1 0.1 
0 
dss_wc2 1 1 9.99999984307e+17 -9.99999984307e+17 0 4 1 0 1 64
1 154.5 
0 
eOptions 2 2 8 0 0 4 1 264 1 64
1 ""
0 
f1180 4 2 4 0 0 2 1 0 1 64
1 "n"
0 
empty_noise 1 1 9.99999984307e+17 -9.99999984307e+17 0 2 1 0 1 64
1 19.95 
0 
emessage 4 2 4 0 0 2 1 0 1 64
1 "n"
0 
emailwhen 2 2 8 0 0 2 1 0 1 64
1 ""
0 
explist 2 2 8 0 0 2 1 256 1 64
1 ""
0 
exp3D 2 2 8 0 0 2 1 0 1 64
1 "n"
0 
execprocess 2 2 8 0 0 2 1 0 1 64
1 " return "
0 
explabel 2 2 8 0 0 2 1 0 1 64
1 "ghn_coca_cb"
0 
exppath 2 2 8 0 0 2 1 0 1 64
1 "/home/vnmr1/vnmrsys/exp806/acqfil"
0 
f2SW 2 2 8 0 0 2 1 1 1 64
1 ""
0 
f1coef 2 2 8 0 0 3 1 1 1 64
1 "1 0 0 0 0 0  1 0"
0 
f1SW 2 2 8 0 0 2 1 1 1 64
1 ""
0 
f2180 4 2 4 0 0 2 1 0 1 64
1 "n"
0 
fad1 4 2 4 0 0 2 1 0 1 64
1 "y"
0 
f2coef 2 2 8 0 0 3 1 1 1 64
1 "1 0 -1 0 0 -1 0 -1"
0 
faculty 2 2 8 0 0 2 1 0 1 64
1 ""
0 
fad2 4 2 4 0 0 2 1 0 1 64
1 "y"
0 
fadflg 4 2 4 0 0 2 1 0 1 64
1 "n"
0 
gf1 1 1 100000 0 0 3 1 1 0 64
1 0.00556175177917 
0 
fn2 7 1 524288 64 -2 3 1 1 1 64
1 256 
0 
filter 7 1 1000000000 0 1 2 1 2 1 64
1 54.0999984741 
0 
fidID 2 2 8 0 0 2 1 0 1 64
1 ""
0 
fdffile 2 2 8 0 0 3 1 0 1 64
1 ""
0 
fdfdir 2 2 8 0 0 3 1 0 1 64
1 ""
0 
fidid 2 2 8 0 0 2 1 0 1 64
1 ""
0 
fiddc3d 4 2 4 0 0 3 1 0 1 64
1 "nnn"
0 
file 2 2 6 0 0 2 1 3 1 64
1 "/rpdnmr/applab/data/etishche/et_biopack_update/parlib_src//ghn_coca_cb.par"
0 
filename 2 2 8 0 0 2 1 1 1 64
1 ""
0 
fn 7 1 524288 64 -2 3 1 1 1 64
1 4096 
0 
flag3d 2 2 8 0 0 2 1 0 1 64
1 "y"
0 
filtfile 2 2 8 0 0 2 1 0 1 64
1 ""
0 
fmlev 4 2 4 0 0 2 1 0 1 64
1 "n"
0 
fn1 7 1 524288 64 -2 3 1 1 1 64
1 1024 
0 
fsqd 4 2 4 0 0 2 1 0 1 64
1 "n"
0 
fpmult 1 1 1000000000 0 0 3 1 0 1 64
1 0.5 
0 
fn_obs 7 1 32767 0 0 2 1 0 1 64
1 4096 
0 
fn_ni2 7 1 32767 0 0 2 1 0 1 64
1 512 
0 
fn_ni 7 1 32767 0 0 2 1 0 1 64
1 1024 
0 
fn_ni3 7 1 32767 0 0 2 1 0 1 64
1 256 
0 
fnoesy 4 2 4 0 0 2 1 0 1 64
1 "n"
0 
fpmult2 1 1 1000000000 0 0 3 1 0 1 64
1 0.5 
0 
fpmult1 1 1 1000000000 0 0 3 2 0 1 64
1 0.5 
0 
fsat 2 2 8 0 0 2 1 0 1 64
1 "n"
0 
fscuba 4 2 4 0 0 2 1 0 1 64
1 "n"
0 
gain 1 1 60 0 2 2 1 0 1 64
1 24 
0 
ftproc 1 1 9.99999984307e+17 -9.99999984307e+17 0 3 1 256 1 64
2 1 0 
0 
fzoom 7 1 32767 0 0 4 1 0 1 64
1 0 
0 
gcoil 2 2 8 0 0 2 1 9 1 64
1 "None"
0 
gap 1 1 9.99999984307e+17 -9.99999984307e+17 0 4 1 0 1 64
1 0 
0 
gain2 1 1 60 0 2 2 1 1 1 64
1 30 
0 
gf 1 1 100000 0 0 3 1 1 0 64
1 0.022 
0 
gt6 3 1 14 14 14 2 1 8192 1 64
1 0.0005 
0 
gpropdelay 6 1 13 13 13 2 1 8192 1 64
1 0 
0 
gfs2 1 1 1000 -1000 0.001 3 1 1 1 64
1 0.00889140646905 
0 
gfs 1 1 1000 -1000 0.001 3 1 1 1 64
1 0.009 
0 
gf2 1 1 100000 0 0 3 1 1 1 64
1 0.03 
0 
gfs1 1 1 1000 -1000 0.001 3 1 1 0 64
1 0.00139043794479 
0 
go_Options 2 2 8 0 0 2 1 7 1 64
1 "go"
0 
gmax 1 1 9.99999984307e+17 -9.99999984307e+17 0 2 1 0 1 64
1 0 
0 
go_id 2 2 8 0 0 2 1 7 1 64
1 "applabtwo600front_1255572311_376203"
0 
gt3 3 1 14 14 14 2 1 8192 1 64
1 0.0005 
0 
gt0 3 1 14 14 14 2 1 8192 1 64
1 0.0005 
0 
gstab 3 1 14 14 14 2 1 8192 1 64
1 0.0001 
0 
gradalt 1 1 9.99999984307e+17 -9.99999984307e+17 0 2 1 0 1 64
1 1 
0 
gt1 3 1 14 14 14 2 1 8192 1 64
1 0.002 
0 
gt5 3 1 14 14 14 2 1 8192 1 64
1 0.0005 
0 
gt4 3 1 14 14 14 2 1 8192 1 64
1 0.001 
0 
gzlvl0 1 1 9.99999984307e+17 -9.99999984307e+17 0 2 1 0 1 64
1 0 
0 
gxmax 1 1 9.99999984307e+17 -9.99999984307e+17 0 2 1 0 1 64
1 0 
0 
gt8 1 1 9.99999984307e+17 -9.99999984307e+17 0 2 1 0 1 64
1 0.0005 
0 
gt7 3 1 14 14 14 2 1 8192 1 64
1 0.0001 
0 
gtotlimit 1 1 9.99999984307e+17 -9.99999984307e+17 0 2 1 0 1 64
1 95 
0 
gymax 1 1 9.99999984307e+17 -9.99999984307e+17 0 2 1 0 1 64
1 0 
0 
gxppars 2 2 8 0 0 2 1 0 1 64
1 ""
0 
gzcal 1 1 9.99999984307e+17 -9.99999984307e+17 0 2 1 0 1 64
1 0.001774 
0 
gzlvl4 1 1 9.99999984307e+17 -9.99999984307e+17 0 2 1 0 1 64
1 10000 
0 
gzlvl2 1 1 32000 -32000 0 2 1 0 1 64
1 18180 
0 
gzlvl1 1 1 32000 -32000 0 2 1 0 1 64
1 18000 
0 
gzlvl3 1 1 9.99999984307e+17 -9.99999984307e+17 0 2 1 0 1 64
1 13000 
0 
gzlvl5 1 1 9.99999984307e+17 -9.99999984307e+17 0 2 1 0 1 64
1 0 
0 
gzlvl6 1 1 9.99999984307e+17 -9.99999984307e+17 0 2 1 0 1 64
1 22000 
0 
pwcod 6 1 13 13 13 2 1 8192 1 64
1 234 
0 
phfid 1 1 3600 -3600 0.1 3 1 0 0 64
1 0 
0 
lpfilt 7 1 32767 1 1 3 1 0 1 64
1 32 
0 
lb 1 1 100000 -100000 0 3 1 1 0 64
1 5 
0 
hst 3 1 0.02 0 2.5e-08 2 1 2 1 64
1 0.00800000037998 
0 
hdpwrf 1 1 9.99999984307e+17 -9.99999984307e+17 0 2 1 0 1 64
1 4095 
0 
h1reff1 1 1 9.99999984307e+17 -9.99999984307e+17 0 2 1 0 1 64
1 0 
0 
gzwin 1 1 9.99999984307e+17 -9.99999984307e+17 0 2 1 0 1 64
1 0 
0 
gzmax 1 1 9.99999984307e+17 -9.99999984307e+17 0 2 1 0 1 64
1 0 
0 
gzlvl8 1 1 9.99999984307e+17 -9.99999984307e+17 0 2 1 0 1 64
1 2000 
0 
gzsize 1 1 9.99999984307e+17 -9.99999984307e+17 0 2 1 0 1 64
1 0 
0 
h1dec 4 2 4 0 0 2 1 0 1 64
1 "yy"
0 
hdmf 1 1 9.99999984307e+17 -9.99999984307e+17 0 2 1 0 1 64
1 1000 
0 
h1reff3 1 1 9.99999984307e+17 -9.99999984307e+17 0 2 1 0 1 64
1 0 
0 
h1reff2 1 1 9.99999984307e+17 -9.99999984307e+17 0 2 1 0 1 64
1 0 
0 
hdfrqc 5 1 1000000000 -1000000000 0 2 1 256 0 64
1 0 
0 
hdfrqw 1 1 9.99999984307e+17 -9.99999984307e+17 0 2 1 256 0 64
1 10 
0 
hdpsmode 4 2 4 0 0 2 1 0 1 64
1 "n"
0 
hdof 5 1 7 7 7 2 1 8194 1 64
1 0 
0 
hdpwr 7 1 49 -16 1 2 1 2 1 64
1 1 
0 
homo 2 2 8 0 0 2 1 8 1 64
1 "n"
2 "n" "y" 
hdwshimlist 2 2 8 0 0 2 1 0 1 64
1 ""
0 
hdseq 2 2 8 0 0 2 1 0 1 64
1 ""
0 
hdres 1 1 9.99999984307e+17 -9.99999984307e+17 0 2 1 0 1 64
1 0.9 
0 
hdwave 2 2 8 0 0 2 1 0 1 64
1 "SEDUCE1"
0 
highSN 4 2 4 0 0 2 1 0 1 64
1 "y"
0 
ho 1 1 500 -500 0 4 1 1 1 64
1 -7.82762096774 
0 
homorof2 6 1 13 13 13 2 1 8192 1 64
1 2 
0 
homo3 4 2 4 0 0 2 1 0 1 64
1 "n"
2 "n" "y" 
homo2 4 2 4 0 0 2 1 0 1 64
1 "n"
2 "n" "y" 
homorof1 6 1 13 13 13 2 1 8192 1 64
1 2 
0 
hs 4 2 4 0 0 2 1 0 1 64
1 "n"
2 "n" "y" 
homorof3 6 1 13 13 13 2 1 8192 1 64
1 2 
0 
hscuba 3 1 14 14 14 2 1 8192 1 64
1 0.03 
0 
investigator 2 2 8 0 0 2 1 0 1 64
1 ""
0 
ins2ref 1 1 9.99999984307e+17 -9.99999984307e+17 0 4 1 0 1 64
1 1 
0 
in 4 2 1 0 0 2 1 0 1 64
1 "n"
3 "n" "w" "y" 
ident 2 2 8 0 0 3 1 0 1 64
1 ""
0 
hzmm 1 1 1000000000 -1000000000 0 4 1 11 1 64
1 50.6072874494 
0 
il 2 2 1 0 0 2 1 0 1 64
1 "n"
2 "y" "n" 
ins 3 1 8190 0 1e-07 4 1 3 1 64
1 1 
0 
index2 7 1 32767 0 0 3 1 7 1 64
1 0 
0 
ins2 1 1 9.99999984307e+17 -9.99999984307e+17 0 4 1 0 1 64
1 1 
0 
intmod 2 2 8 0 0 4 1 0 1 64
1 "off"
3 "off" "partial" "full" 
insref 1 1 9.99999984307e+17 -9.99999984307e+17 0 4 1 0 1 64
1 6.70696899761e-05 
0 
intstd 2 2 8 0 0 2 1 0 1 64
1 ""
0 
jcc 1 1 9.99999984307e+17 -9.99999984307e+17 0 2 1 0 1 64
1 75 
0 
iplanType 1 1 9.99999984307e+17 -9.99999984307e+17 0 4 1 0 1 64
1 0 
0 
io 1 1 500 -500 0.1 4 1 1 1 64
1 48.5981284588 
0 
iplanDefaultType 1 1 9.99999984307e+17 -9.99999984307e+17 0 4 1 0 1 64
1 0 
0 
is 1 1 1000000000 1e-06 0 4 1 3 1 64
1 6197.79534478 
0 
iswt 1 1 9.99999984307e+17 -9.99999984307e+17 0 2 1 0 1 64
1 0 
0 
jxh 7 1 32767 0 0 2 1 0 1 64
1 105 
0 
jnh 1 1 10000 80 0 2 1 1024 1 64
1 106 
0 
jch 5 1 1000000000 -1000000000 0 2 1 0 1 64
1 143 
0 
lambda 1 1 9.99999984307e+17 -9.99999984307e+17 0 2 1 0 1 64
1 0.0021 
0 
jxh2 1 1 9.99999984307e+17 -9.99999984307e+17 0 2 1 0 1 64
1 94 
0 
layout 2 2 8 0 0 4 1 0 1 64
1 "ghn_coca_cb"
0 
locdir 2 2 8 0 0 2 1 0 1 64
1 ""
0 
llamp 1 1 1000000000 0 0 4 1 0 0 64
22 0.00014342443319 0.00015805986186 0.000155893620104 0.000143068828038 9.80560216703e-05 0.000247148098424 0.000115748611279 0.00021719103097 0.000294588360703 0.000209454883588 0.000243093993049 0.000100878074591 0.000163626493304 0.000276182516245 9.63944839896e-05 0.000209003395867 0.000212154525798 8.81309242686e-05 0.000169054997968 0.000176181143615 0.000132884364575 0.000143727578688 
0 
liamp 1 1 1000000000 0 0 4 1 0 0 64
3 0.0175268538296 0.0686793625355 0.0957488641143 
0 
lb2 1 1 100000 -100000 0 3 1 1 0 64
1 1 
0 
lb1 1 1 100000 -100000 0 3 1 1 0 64
1 0.318309992552 
0 
lifrq 1 1 1000000000 -1000000000 0 4 1 0 0 64
1 0 
0 
linearpred 2 2 8 0 0 2 1 0 1 64
1 "dglp"
0 
lllabel 2 2 8 0 0 3 1 0 1 64
1 ""
0 
llfrq 1 1 1000000000 -1000000000 0 4 1 0 0 64
22 4488.83002471 4483.9466152 4481.01656949 4477.10984188 4323.77078316 3533.63512389 3500.4279392 3465.2673907 3451.59384407 3429.1301603 3407.64315845 3382.24942898 3316.8117415 3283.60455681 3267.97764636 3256.25746353 3244.5372807 3224.02696074 3199.60991317 3195.70318556 3188.86641225 2758.14969316 
0 
load 2 2 4 0 0 2 1 3 1 64
1 "n"
2 "y" "n" 
lpalg 2 2 8 0 0 3 1 0 1 64
1 "lpfft"
0 
lot 2 2 8 0 0 2 1 0 1 64
1 ""
0 
longlist 2 2 8 0 0 2 1 256 1 64
1 ""
0 
lp1 1 1 3600 -3600 0.1 4 1 3 1 64
1 0 
0 
lp 1 1 3600 -3600 0.1 4 1 3 1 64
1 0 
0 
lp2 1 1 3600 -3600 0.1 4 1 3 1 64
1 0 
0 
lpe 1 1 9.99999984307e+17 -9.99999984307e+17 0 2 1 0 1 64
1 0 
0 
lpalg1 2 2 8 0 0 3 1 0 1 64
1 "lpfft"
0 
lpalg2 2 2 8 0 0 3 1 0 1 64
1 "lpfft"
0 
lpe3 1 1 9.99999984307e+17 -9.99999984307e+17 0 2 1 0 1 64
1 0 
0 
lpe2 1 1 9.99999984307e+17 -9.99999984307e+17 0 2 1 0 1 64
1 0 
0 
lpext1 7 1 1000000 0 1 3 1 0 1 64
1 72 
0 
lpext 7 1 1000000 0 1 3 1 0 1 64
1 1 
0 
lpext2 7 1 1000000 0 1 3 1 0 1 64
1 48 
0 
newmodules 2 2 8 0 0 2 1 1 1 64
1 ""
0 
method 2 2 6 0 0 2 1 3 1 64
1 "z1z2"
0 
lptrace 7 1 32767 0 1 3 1 0 1 64
1 0 
0 
lpnupts1 7 1 1000000 1 1 3 1 0 1 64
1 72 
0 
lpfilt2 7 1 32767 1 1 3 1 0 1 64
1 7 
0 
lpfilt1 7 1 32767 1 1 3 1 0 1 64
1 8 
0 
lpnupts 7 1 1000000 1 1 3 1 0 1 64
1 64 
0 
lpopt2 2 2 8 0 0 3 1 0 1 64
1 "f"
0 
lpopt 2 2 8 0 0 3 1 0 1 64
1 "b"
0 
lpnupts2 7 1 1000000 1 1 3 1 0 1 64
1 40 
0 
lpopt1 2 2 8 0 0 3 1 0 1 64
1 "f"
0 
lpprint1 7 1 63 0 1 3 1 0 1 64
1 0 
0 
lpprint 7 1 63 0 1 3 1 0 1 64
1 0 
0 
lpprint2 7 1 63 0 1 3 1 0 1 64
1 0 
0 
lsfrq1 1 1 9.99999984307e+17 -9.99999984307e+17 0 3 1 0 0 64
1 0 
0 
lro 1 1 9.99999984307e+17 -9.99999984307e+17 0 2 1 0 1 64
1 0 
0 
lptrace2 7 1 32767 0 1 3 1 0 1 64
1 0 
0 
lptrace1 7 1 32767 0 1 3 1 0 1 64
1 0 
0 
lsfid2 7 1 64000 -64000 1 3 1 0 0 64
1 0 
0 
lsfid 7 1 64000 -64000 1 3 1 0 0 64
1 0 
0 
lsfrq 1 1 9.99999984307e+17 -9.99999984307e+17 0 3 1 0 0 64
1 0 
0 
mag_flg 4 2 4 0 0 2 1 0 1 64
1 "n"
0 
lvl 1 1 1000000000 -1000000000 0 4 1 1 1 64
1 0 
0 
lsfrq2 1 1 9.99999984307e+17 -9.99999984307e+17 0 3 1 0 0 64
1 0 
0 
macro 2 2 6 0 0 4 1 3 1 64
1 ""
0 
mcyc 7 1 32767 0 0 2 1 0 1 64
1 1 
0 
math 2 2 1 0 0 3 1 3 1 64
1 "f"
3 "d" "f" "i" 
mess_flg 2 2 8 0 0 2 1 0 1 64
1 "n"
0 
mrgain 1 1 60 0 2 2 1 256 0 64
1 0 
0 
mlevpwr 7 1 32767 0 0 2 1 0 1 64
1 50 
0 
mixnoe 3 1 14 14 14 2 1 8192 1 64
1 0.14 
0 
mixmlev 3 1 14 14 14 2 1 8192 1 64
1 0.02 
0 
mfslp 4 2 4 0 0 2 1 0 1 64
1 "n"
0 
mixshift 3 1 14 14 14 2 1 8192 1 64
1 0 
0 
mrfb 1 1 256000 1000 1000 2 1 256 0 64
1 0 
0 
modules 2 2 8 0 0 2 1 1 1 64
1 " par2D par3D"
0 
n3 2 2 6 0 0 4 1 3 1 64
1 "n"
0 
n15reff1 1 1 9.99999984307e+17 -9.99999984307e+17 0 2 1 0 1 64
1 0 
0 
n1 2 2 6 0 0 4 1 3 1 64
1 ""
0 
n15reff3 1 1 9.99999984307e+17 -9.99999984307e+17 0 2 1 0 1 64
1 0 
0 
n15reff2 1 1 9.99999984307e+17 -9.99999984307e+17 0 2 1 0 1 64
1 0 
0 
n2 2 2 6 0 0 4 1 3 1 64
1 "n"
0 
name 2 2 8 0 0 3 1 0 1 64
1 ""
0 
nameprefix 2 2 8 0 0 2 1 9 1 64
1 ""
0 
orient 2 2 8 0 0 2 1 0 1 64
1 "trans"
0 
np 7 1 524288 32 2 2 1 11 1 64
1 2048 
0 
nli2 7 1 32767 0 0 2 1 0 1 64
1 0 
0 
ni2 7 1 32767 0 1 2 1 0 1 64
1 1 
0 
ni 7 1 32767 0 0 2 1 0 1 64
1 1 
0 
nli 7 1 32767 0 0 2 1 0 1 64
1 0 
0 
notebook 2 2 8 0 0 2 1 0 1 64
1 ""
0 
ntype3d 4 2 4 0 0 3 1 0 1 64
1 "nn"
0 
nt 7 1 1000000000 1 1 2 1 2 1 64
1 4 
0 
ns 1 1 9.99999984307e+17 -9.99999984307e+17 0 2 1 0 1 64
1 0 
0 
nuc_obs 2 2 8 0 0 2 1 0 1 64
1 "HN"
0 
nuc_ni2 2 2 8 0 0 2 1 0 1 64
1 "N"
0 
nuc_ni 2 2 8 0 0 2 1 0 1 64
1 "CB"
0 
nuc_ni3 2 2 8 0 0 2 1 0 1 64
1 "CO"
0 
obscenterppm 1 1 9.99999984307e+17 -9.99999984307e+17 0 2 1 0 1 64
1 0 
0 
obsSW 2 2 8 0 0 2 1 1 1 64
1 ""
0 
operator_ 2 2 8 0 0 2 1 0 1 64
1 "georgeg"
0 
p1 6 1 13 13 13 2 1 8192 1 64
1 0 
0 
osfb 1 1 100000 0 0 2 1 1 0 64
1 0 
0 
oscoef 7 1 49999 3 2 2 1 1 1 64
1 247 
0 
oslsfrq 1 1 9.99999984307e+17 -9.99999984307e+17 0 2 1 1 0 64
1 0 
0 
osfilt 2 2 8 0 0 2 1 0 1 64
1 "a"
5 "a" "A" "b" "B" "" 
oversamp 7 1 68 0 1 2 1 9 1 64
1 1 
0 
paramChanged 1 1 9.99999984307e+17 -9.99999984307e+17 0 2 1 0 1 64
1 0 
0 
page 2 2 8 0 0 2 1 0 1 64
1 ""
0 
pad 3 1 14 14 14 2 1 8194 1 64
1 0.5 
0 
parversion 1 1 9.99999984307e+17 -9.99999984307e+17 0 2 1 4 1 64
1 5.1 
0 
parlabel 2 2 8 0 0 2 1 5 1 64
1 ""
0 
parver 2 2 8 0 0 2 1 0 1 64
1 "VnmrJ VERSION 4.2 REVISION devel"
0 
phase 1 1 1e+18 -1e+18 0 2 1 0 1 64
1 1 
0 
path3d 2 2 8 0 0 4 1 0 1 64
1 "/home/vnmr1/vnmrsys/exp806/datadir3d"
0 
phase2 7 1 4 0 1 2 1 0 1 64
1 1 
0 
pss 1 1 9.99999984307e+17 -9.99999984307e+17 0 2 1 0 1 64
1 0 
0 
pro 1 1 9.99999984307e+17 -9.99999984307e+17 0 2 1 0 1 64
1 0 
0 
plotfile 2 2 8 0 0 2 1 0 1 64
1 ""
0 
pipeistIter 2 2 8 0 0 3 1 0 1 64
1 "1024"
0 
pipeQ1 2 2 8 0 0 3 1 0 1 64
2 "0"
"0"
0 
phi7cal 1 1 360 0 0 2 1 0 0 64
1 31 
0 
phfid2 1 1 3600 -3600 0.1 3 1 0 0 64
1 0 
0 
phfid1 1 1 3600 -3600 0.1 3 1 0 0 64
1 0 
0 
phi 1 1 9.99999984307e+17 -9.99999984307e+17 0 2 1 0 1 64
1 0 
0 
pipeGLB 2 2 8 0 0 3 1 0 1 64
2 "4"
"4"
0 
pipeELB 2 2 8 0 0 3 1 0 1 64
2 "0"
"0"
0 
pipeGOFF 2 2 8 0 0 3 1 0 1 64
2 "0"
"0"
0 
pipeaCAR 2 2 8 0 0 3 1 0 1 64
1 "default"
0 
pipeQ2 2 2 8 0 0 3 1 0 1 64
2 "0"
"0"
0 
pipeQ3 2 2 8 0 0 3 1 0 1 64
2 "0"
"0"
0 
pipeistCMult 2 2 8 0 0 3 1 0 1 64
1 "0.3"
0 
pipexCAR 2 2 8 0 0 3 1 0 1 64
1 "default"
0 
pipeistTMult 2 2 8 0 0 3 1 0 1 64
1 "0.7"
0 
pipeistMaxRes 2 2 8 0 0 3 1 0 1 64
1 "1"
0 
pipezCAR 2 2 8 0 0 3 1 0 1 64
1 "default"
0 
pipeyCAR 2 2 8 0 0 3 1 0 1 64
1 "default"
0 
plane 2 2 8 0 0 4 1 0 1 64
1 "f1f3"
6 "f1f3" "f3f1" "f2f3" "f3f2" "f1f2" "f2f1" 
plocklist 2 2 8 0 0 2 1 1 1 64
1 ""
0 
posX 2 2 8 0 0 2 1 0 1 64
1 "ppe"
0 
pmode 2 2 8 0 0 3 1 0 1 64
1 "full"
0 
pltmod 2 2 8 0 0 4 1 0 1 64
1 "off"
5 "off" "fixed" "full" "variable" "user" 
plt2Darg 2 2 8 0 0 4 1 272 1 64
8 "both"
"20"
"1.3"
"f2"
"f1"
""
""
""
0 
plotoption 2 2 8 0 0 4 1 0 1 64
1 ""
0 
pltopt 4 2 4 0 0 2 1 0 1 64
1 "y"
0 
pos2 1 1 9.99999984307e+17 -9.99999984307e+17 0 2 1 0 1 64
1 0 
0 
pos1 1 1 9.99999984307e+17 -9.99999984307e+17 0 2 1 0 1 64
1 0 
0 
pos3 1 1 9.99999984307e+17 -9.99999984307e+17 0 2 1 0 1 64
1 0 
0 
pplvl 1 1 63 -16 1 2 1 0 1 64
1 55 
0 
position2 2 2 8 0 0 3 1 0 1 64
1 ""
0 
posZ 2 2 8 0 0 2 1 0 1 64
1 "pss0"
0 
posY 2 2 8 0 0 2 1 0 1 64
1 "pro"
0 
position1 2 2 8 0 0 3 1 0 1 64
1 ""
0 
ppe 1 1 9.99999984307e+17 -9.99999984307e+17 0 2 1 0 1 64
1 0 
0 
pp 6 1 13 13 13 2 1 8192 1 64
1 15 
0 
ppe2 1 1 9.99999984307e+17 -9.99999984307e+17 0 2 1 0 1 64
1 0 
0 
presat 3 1 14 14 14 2 1 8192 1 64
1 1.5 
0 
prcopt 4 2 4 0 0 2 1 0 1 64
1 "y"
0 
pplvl_cf 1 1 9.99999984307e+17 -9.99999984307e+17 0 2 1 0 1 64
1 1 
0 
preacq 6 1 13 13 13 2 1 8192 0 64
1 0 
0 
prescribed 2 2 8 0 0 2 1 0 1 64
1 "n"
0 
prescan 2 2 8 0 0 3 1 256 1 64
11 "Not done"
"Not done"
"off"
"off"
"off"
"off"
"off"
"on"
"on"
""
""
0 
priority 7 1 32768 0 1 2 1 0 1 64
1 5 
0 
proccmd 2 2 8 0 0 3 1 7 1 64
1 ""
0 
proc2 2 2 8 0 0 3 1 1 1 64
1 "ft"
0 
proc1 2 2 10 0 0 3 2 1 1 64
1 "ft"
0 
proc 2 2 10 0 0 3 1 1 1 64
1 "ft"
0 
proc_ni2 2 2 8 0 0 2 1 0 1 64
1 "BPexpress_setup_proc('ni2')"
0 
proc_ni 2 2 8 0 0 2 1 0 1 64
1 "BPexpress_setup_proc('ni')"
0 
proc_3d 2 2 8 0 0 2 1 0 1 64
1 "BPexpress_setup_proc('3d')"
0 
proc_obs 2 2 8 0 0 2 1 0 1 64
1 "BPexpress_setup_proc('obs')"
0 
proc_nus_cmd 2 2 8 0 0 2 1 0 1 64
1 "BPexpress_setup_proc('nus')"
0 
processing 2 2 8 0 0 2 1 0 1 64
1 "dgp"
0 
processID 1 1 9.99999984307e+17 -9.99999984307e+17 0 2 1 0 1 64
1 0 
0 
procdim 7 1 1000000000 -1000000000 0 3 1 0 1 64
1 0 
0 
processid 1 1 9.99999984307e+17 -9.99999984307e+17 0 2 1 0 1 64
1 0 
0 
psi 1 1 9.99999984307e+17 -9.99999984307e+17 0 2 1 0 1 64
1 0 
0 
protocols 2 2 8 0 0 3 1 0 1 64
1 ""
0 
pslabel 2 2 8 0 0 2 1 11 1 64
1 "ghn_coca_cb"
0 
pwCACB180 6 1 13 13 13 2 1 8192 1 64
1 200 
0 
pwC5 6 1 13 13 13 2 1 8192 1 64
1 106.8 
0 
pw90CaCab_lvl 1 1 9.99999984307e+17 -9.99999984307e+17 0 2 1 0 1 64
1 54 
0 
pw180CaCab 6 1 13 13 13 2 1 8192 1 64
1 1080 
0 
ptspec3d 4 2 4 0 0 3 1 0 1 64
1 "nnn"
0 
pss0 1 1 9.99999984307e+17 -9.99999984307e+17 0 4 1 0 1 64
1 0 
0 
pw 6 1 13 13 13 2 1 8194 1 64
1 7.1 
0 
pw90 6 1 13 13 13 2 1 8194 1 64
1 7.1 
0 
pw180CaCab_lvl 1 1 9.99999984307e+17 -9.99999984307e+17 0 2 1 0 1 64
1 49 
0 
pw90CaCab 6 1 13 13 13 2 1 8192 1 64
1 1005 
0 
pwC3 6 1 13 13 13 2 1 8192 1 64
1 48.6 
0 
pwC 6 1 13 13 13 2 1 8192 1 64
1 13.1 
0 
pwBIP 6 1 13 13 13 2 1 8192 1 64
1 0 
0 
pwC3a 6 1 13 13 13 2 1 8192 1 64
1 48.6 
0 
pwC39 6 1 13 13 13 2 1 8192 1 64
1 0 
0 
pwC4 6 1 13 13 13 2 1 8192 1 64
1 48.6 
0 
pwC8 6 1 13 13 13 2 1 8192 1 64
1 80.8 
0 
pwC7 6 1 13 13 13 2 1 8192 1 64
1 96.8 
0 
pwC6 6 1 13 13 13 2 1 8192 1 64
1 89.2 
0 
pwC7a 6 1 13 13 13 2 1 8192 1 64
1 96.8 
0 
pwC9 6 1 13 13 13 2 1 8192 1 64
1 80.8 
0 
pwC8a 6 1 13 13 13 2 1 8192 1 64
1 80.8 
0 
pwC9a 6 1 13 13 13 2 1 8192 1 64
1 80.8 
0 
pwCO90pwr 7 1 63 -16 1 2 1 0 1 64
1 48 
0 
pwCO180pwr 7 1 63 -16 1 2 1 0 1 64
1 55 
0 
pwCACB90_phase_roll 1 1 1 1 1 2 1 8192 1 64
1 0 
0 
pwCACB90 6 1 13 13 13 2 1 8192 1 64
1 320 
0 
pwCACB180pwr 7 1 63 -16 1 2 1 0 1 64
1 60 
0 
pwCACB90_pahse_roll 1 1 9.99999984307e+17 -9.99999984307e+17 0 2 1 0 1 64
1 0 
0 
pwCBIP 6 1 13 13 13 2 1 8192 1 64
1 202 
0 
pwCACB90pwr 7 1 63 -16 1 2 1 0 1 64
1 59 
0 
pwCO180 6 1 13 13 13 2 1 8192 1 64
1 128 
0 
pwCO90_pahse_roll 1 1 9.99999984307e+17 -9.99999984307e+17 0 2 1 0 1 64
1 0 
0 
pwCO90 6 1 13 13 13 2 1 8192 1 64
1 150 
0 
pwCO90_phase_roll 1 1 1 1 1 2 1 8192 1 64
1 0.535 
0 
pwN 6 1 13 13 13 2 1 8192 1 64
1 29 
0 
pwClvl 1 1 63 -37 0.5 2 1 2 1 64
1 60 
0 
pwCgCO 6 1 13 13 13 2 1 8192 1 64
1 373.7 
0 
pwCd 6 1 13 13 13 2 1 8192 1 64
1 250 
0 
pwCgCO_lvl 1 1 9.99999984307e+17 -9.99999984307e+17 0 2 1 0 1 64
1 56 
0 
pwHs 6 1 13 13 13 2 1 8192 1 64
1 1420 
0 
pwc 6 1 13 13 13 2 1 8192 1 64
1 13.7 
0 
pwREBURP 6 1 13 13 13 2 1 8192 1 64
1 404 
0 
pwNlvl 1 1 63 -37 0.5 2 1 2 1 64
1 60 
0 
pw_sl 6 1 13 13 13 2 1 8192 1 64
1 6600 
0 
pwco180 6 1 13 13 13 2 1 8192 1 64
1 254 
0 
pwca 6 1 13 13 13 2 1 8192 1 64
1 50 
0 
pwco_sh 2 2 8 0 0 2 1 0 1 64
1 "herm180_17p6_750"
0 
strtlp1 7 1 1000000 1 1 3 1 0 1 64
1 72 
0 
satdly 1 1 1e+18 -1e+18 0 2 1 0 1 64
1 1 
0 
reffrq1 1 1 9.99999984307e+17 -9.99999984307e+17 0 4 1 0 1 64
1 150.841566054 
0 
r1 1 1 1e+18 -1e+18 0 4 1 1 1 64
1 0 
0 
pwx 6 1 13 13 13 2 1 8192 1 64
1 15 
0 
pwn15 6 1 200 0 0.025 2 1 1024 1 64
1 36.5 
0 
pwd1 6 1 13 13 13 2 1 8192 1 64
1 124 
0 
pwd 6 1 13 13 13 2 1 8192 1 64
1 451.0875 
0 
pwn 6 1 13 13 13 2 1 8192 1 64
1 43.2 
0 
pwsl 6 1 13 13 13 2 1 8192 1 64
1 40 
0 
pwx2lvl_cf 1 1 9.99999984307e+17 -9.99999984307e+17 0 2 1 0 1 64
1 1 
0 
pwx2 6 1 13 13 13 2 1 8192 1 64
1 0 
0 
pwx1 6 1 13 13 13 2 1 8192 1 64
1 36 
0 
pwx2lvl 1 1 63 -16 1 2 1 0 1 64
1 55 
0 
pwxlvl_cf 1 1 9.99999984307e+17 -9.99999984307e+17 0 2 1 0 1 64
1 1 
0 
pwxlvl 1 1 63 -16 1 2 1 0 1 64
1 55 
0 
pxcodec 6 1 13 13 13 2 1 8192 1 64
1 0 
0 
radialShift 1 1 9.99999984307e+17 -9.99999984307e+17 0 4 1 0 1 64
1 0 
0 
r5 1 1 1e+18 -1e+18 0 4 1 1 1 64
1 0 
0 
r3 1 1 1e+18 -1e+18 0 4 1 1 1 64
1 0 
0 
r2 1 1 1e+18 -1e+18 0 4 1 1 1 64
1 0 
0 
r4 1 1 1e+18 -1e+18 0 4 1 1 1 64
1 0 
0 
r7 1 1 1e+18 -1e+18 0 4 1 1 1 64
1 0 
0 
r6 1 1 1e+18 -1e+18 0 4 1 1 1 64
1 0 
0 
radialAngles 1 1 9.99999984307e+17 -9.99999984307e+17 0 4 1 0 1 64
1 0 
0 
ref1 1 1 9.99999984307e+17 -9.99999984307e+17 0 2 1 0 1 64
1 0 
0 
rcvrwt 1 1 9.99999984307e+17 -9.99999984307e+17 0 2 1 256 1 64
1 1 
0 
rcvrs 4 2 4 0 0 2 1 1 1 64
1 "y"
2 "n" "y" 
ref 1 1 9.99999984307e+17 -9.99999984307e+17 0 3 1 0 1 64
1 0 
0 
ref_pwr 1 1 9.99999984307e+17 -9.99999984307e+17 0 2 1 0 1 64
1 63 
0 
ref_pw90 1 1 9.99999984307e+17 -9.99999984307e+17 0 2 1 0 1 64
1 6.29 
0 
reffrq 1 1 9.99999984307e+17 -9.99999984307e+17 0 4 1 0 1 64
1 599.374095576 
0 
rfp2 1 1 9.99999984307e+17 -9.99999984307e+17 0 4 1 0 1 64
1 0 
0 
rf20 1 1 9.99999984307e+17 -9.99999984307e+17 0 2 1 0 1 64
1 0 
0 
refpos1 1 1 9.99999984307e+17 -9.99999984307e+17 0 4 1 0 1 64
1 0 
0 
refpos 1 1 9.99999984307e+17 -9.99999984307e+17 0 4 1 0 1 64
1 0 
0 
reffrq2 1 1 9.99999984307e+17 -9.99999984307e+17 0 4 1 0 1 64
1 60.7861103383 
0 
refsource1 2 2 8 0 0 4 1 0 1 64
1 "dfrq"
0 
refpos2 1 1 9.99999984307e+17 -9.99999984307e+17 0 4 1 0 0 64
1 0 
0 
researchgroup 2 2 8 0 0 2 1 0 1 64
1 ""
0 
refsource2 2 2 8 0 0 4 1 0 1 64
1 "dfrq2"
0 
retentiontime_ 2 2 8 0 0 2 1 0 1 64
1 ""
0 
rfl1 1 1 1000000000 -1000000000 0 4 1 1 1 64
1 5640.21585605 
0 
rfband 4 2 4 0 0 2 1 0 1 64
1 "cccc"
3 "c" "h" "l" 
rf21 1 1 9.99999984307e+17 -9.99999984307e+17 0 2 1 0 1 64
1 0 
0 
rfl 1 1 1000000000 -1000000000 0 4 1 1 1 64
1 3234.59136846 
0 
rfp 1 1 1000000000 -1000000000 0 4 1 1 1 64
1 0 
0 
rfl2 1 1 9.99999984307e+17 -9.99999984307e+17 0 4 1 0 1 64
1 -6211.01167071 
0 
rfp1 1 1 1000000000 -1000000000 0 4 1 1 1 64
1 6428.60801736 
0 
rp2 1 1 3600 -3600 0.1 4 1 3 1 64
1 0 
0 
rp 1 1 3600 -3600 0.1 4 1 3 1 64
1 -161.805946163 
0 
rof2 6 1 8192 0 0.1 2 1 2 1 64
1 25 
0 
rof1 6 1 13 13 13 2 1 8194 1 64
1 10 
0 
rp1 1 1 3600 -3600 0.1 4 1 3 1 64
1 0 
0 
samplename 2 2 8 0 0 2 1 8 1 64
1 ""
0 
sample 2 2 8 0 0 2 1 0 1 64
1 "lysh2o"
0 
sa 7 1 10000000 0 0 3 1 1 0 64
1 1024 
0 
sample_noise 1 1 9.99999984307e+17 -9.99999984307e+17 0 2 1 0 1 64
1 0 
0 
sampsched 2 2 8 0 0 2 1 0 1 64
1 "BP_2Dschedule"
0 
sampleowner 2 2 8 0 0 2 1 0 1 64
1 ""
0 
sampling 2 2 8 0 0 2 1 0 1 64
1 "s"
0 
sas 7 1 10000000 0 0 3 1 1 0 64
1 0 
0 
sampwt 1 1 9.99999984307e+17 -9.99999984307e+17 0 2 1 0 1 64
1 0 
0 
shCBIP 2 2 8 0 0 2 1 0 1 64
1 "et_CBIP_hncoca_cb"
0 
sc2 1 1 3 3 3 4 1 8195 1 64
1 0 
0 
saveshapes 2 2 8 0 0 2 1 256 1 64
1 ""
0 
satpos 1 1 9.99999984307e+17 -9.99999984307e+17 0 2 1 0 1 64
1 0 
0 
satfrq 5 1 1000000000 -1000000000 0 2 1 0 1 64
1 -219.2 
0 
satflg 2 2 8 0 0 2 1 0 1 64
1 "y"
0 
satmode 4 2 4 0 0 2 1 0 1 64
1 "yn"
0 
satthk 1 1 9.99999984307e+17 -9.99999984307e+17 0 2 1 0 1 64
1 0 
0 
satpwr 1 1 1e+18 -1e+18 0 2 1 0 1 64
1 -6 
0 
sbs 1 1 1000 -1000 0.001 3 1 1 1 64
1 -0.085 
0 
sb1 1 1 1000 -1000 0.001 3 1 1 1 64
1 -0.0152735300362 
0 
sb 1 1 1000 -1000 0.001 3 1 0 1 64
1 -0.085 
0 
sb2 1 1 1000 -1000 0.001 3 1 1 0 64
1 0.029 
0 
sbs2 1 1 1000 -1000 0.001 3 1 1 0 64
1 -0.029 
0 
sbs1 1 1 1000 -1000 0.001 3 1 1 1 64
1 -0.0134393007029 
0 
sc 1 1 1 1 1 4 1 8195 1 64
1 3.125 
0 
sequence 2 2 8 0 0 2 1 0 1 64
1 "dg2"
0 
sela90_flg 4 2 4 0 0 2 1 0 1 64
1 "nn"
0 
scf 1 1 1 0 0 2 1 0 1 64
1 0.45 
0 
scans 2 2 8 0 0 3 1 0 1 64
1 ""
0 
sdirtmplt 2 2 8 0 0 2 1 0 1 64
1 ""
0 
scoutinfo 2 2 8 0 0 2 1 256 1 64
1 ""
0 
sela90_shape 2 2 8 0 0 2 1 0 1 64
1 "nnuburp"
0 
seqfil 2 2 8 0 0 2 1 11 1 64
1 "ghn_coca_cb"
0 
sfrq 1 1 1000000000 0 0 2 1 11 1 64
1 499.9247535 
0 
sf1 1 1 9.99999984307e+17 -9.99999984307e+17 0 4 1 0 1 64
1 0 
0 
sf 1 1 8190 0 1e-07 4 1 3 1 64
1 0 
0 
setup_nus_cmd 2 2 8 0 0 2 1 0 1 64
1 "BPexpress_setup_nus"
0 
sf2 1 1 9.99999984307e+17 -9.99999984307e+17 0 4 1 0 1 64
1 0 
0 
shCACB90 2 2 8 0 0 2 1 0 1 64
1 "et_CACB90"
0 
shCACB180 2 2 8 0 0 2 1 0 1 64
1 "et_CACB180"
0 
spin 1 1 39 0 1 2 1 0 0 64
1 0 
0 
shownumbers 2 2 8 0 0 2 1 0 1 64
1 "n"
0 
shims 2 2 8 0 0 2 1 0 1 64
1 ""
0 
shaka_flg 4 2 4 0 0 2 1 0 1 64
1 "nn"
0 
shCO180offCACB 2 2 8 0 0 2 1 0 1 64
1 "et_CO180offCACB"
0 
shCO180 2 2 8 0 0 2 1 0 1 64
1 "et_CO180"
0 
shCO90 2 2 8 0 0 2 1 0 1 64
1 "et_CO90"
0 
shape 2 2 8 0 0 2 1 0 1 64
1 "herm180_trc"
0 
showcontent 2 2 8 0 0 2 1 0 1 64
1 "s"
0 
showarray 2 2 8 0 0 2 1 0 1 64
1 "horiz"
0 
sn 1 1 1e+18 -1e+18 0 3 1 1 1 64
1 0 
0 
shownumx 1 1 9.99999984307e+17 -9.99999984307e+17 0 2 1 0 1 64
1 0 
0 
shownumstyle 2 2 8 0 0 2 1 0 1 64
1 "auto"
0 
shp_sl 2 2 8 0 0 2 1 0 1 64
1 "eburp1"
0 
shownumy 1 1 9.99999984307e+17 -9.99999984307e+17 0 2 1 0 1 64
1 0 
0 
sp1 1 1 1000000000 -1000000000 0 4 1 3 1 64
1 1303.96384597 
0 
sorient 2 2 8 0 0 2 1 0 1 64
1 "trans"
0 
solvent 2 2 6 0 0 2 1 11 1 64
1 "D2O"
0 
sp 1 1 1000000000 -1000000000 0 4 1 3 1 64
1 -3234.59136846 
0 
specdc3d 4 2 4 0 0 3 1 0 1 64
1 "nnn"
0 
sp2 1 1 9.99999984307e+17 -9.99999984307e+17 0 4 1 0 1 64
1 6211.01167071 
0 
sphi 1 1 9.99999984307e+17 -9.99999984307e+17 0 2 1 0 1 64
1 0 
0 
ssntaps 7 1 2500 0 1 3 1 0 1 64
1 200 
0 
ss 7 1 32767 -32768 0 2 1 0 1 64
1 4 
0 
srate 7 1 32767 0 1 2 1 0 1 64
1 25 
0 
spsi 1 1 9.99999984307e+17 -9.99999984307e+17 0 2 1 0 1 64
1 0 
0 
sreffrq 1 1 9.99999984307e+17 -9.99999984307e+17 0 2 1 0 1 64
1 499.922475824 
0 
ssfilter 1 1 50000 10 0.1 3 1 0 1 64
1 200 
0 
sslsfrq 1 1 9.99999984307e+17 -9.99999984307e+17 0 3 1 0 0 64
1 0 
0 
strtext 7 1 1000000 1 1 3 1 0 1 64
1 1 
0 
sspul 4 2 4 0 0 2 1 0 1 64
1 "n"
0 
ssorder 7 1 20 1 1 3 1 0 0 64
1 7 
0 
stheta 1 1 9.99999984307e+17 -9.99999984307e+17 0 2 1 0 1 64
1 0 
0 
strtext2 7 1 1000000 1 1 3 1 0 1 64
1 41 
0 
strtext1 7 1 1000000 1 1 3 1 0 1 64
1 73 
0 
strtlp 7 1 1000000 1 1 3 1 0 1 64
1 2 
0 
vtwait 3 1 14 14 14 2 1 8194 1 64
1 300 
0 
tof_me 5 1 1000000000 -1000000000 0 2 1 0 1 64
1 -4559 
0 
temp 1 1 200 -150 0.1 2 1 8 1 64
1 25 
0 
sw2 1 1 5000000 1 -2.5e-08 2 6 0 1 64
1 1944.3 
0 
studyowner 2 2 8 0 0 2 1 0 1 64
1 "vnmr1"
0 
strtpar 2 2 8 0 0 2 1 0 1 64
1 ""
0 
strtlp2 7 1 1000000 1 1 3 1 0 1 64
1 40 
0 
study 2 2 8 0 0 3 1 0 1 64
1 ""
0 
svfopt 4 2 4 0 0 2 1 0 1 64
1 "y"
0 
studystatus 2 2 8 0 0 2 1 0 1 64
1 ""
0 
sw 1 1 5 5 5 2 1 8203 1 64
1 12019.2307692 
0 
svftmplt 2 2 8 0 0 2 1 0 1 64
1 ""
0 
sw1 1 1 1e+18 -1e+18 0 2 5 0 1 64
1 10558.9081018 
0 
t2 3 1 14 14 14 2 1 8192 1 64
1 0 
0 
t1 3 1 14 14 14 2 1 8192 1 64
1 0 
0 
t1_counter 7 1 32767 0 0 2 1 0 1 64
1 0 
0 
tauC 1 1 9.99999984307e+17 -9.99999984307e+17 0 2 1 0 1 64
1 0.013 
0 
t3 3 1 14 14 14 2 1 8192 1 64
1 0 
0 
t2_counter 7 1 32767 0 0 2 1 0 1 64
1 0 
0 
tauCH 3 1 14 14 14 2 1 8192 1 64
1 0.0017 
0 
tauCC 3 1 14 14 14 2 1 8192 1 64
1 0.0068 
0 
taua 3 1 14 14 14 2 1 8192 1 64
1 0.0018 
0 
time_complete 2 2 8 0 0 2 1 0 1 64
1 "20091015T103617"
0 
theta 1 1 9.99999984307e+17 -9.99999984307e+17 0 2 1 0 1 64
1 0 
0 
th 1 1 1000000000 0 0 4 1 1 1 64
1 0 
0 
text_string 2 2 8 0 0 4 1 256 1 64
1 ""
0 
th2d 1 1 1 1e-18 0 4 1 17 1 64
1 0.8 
0 
timeTN 3 1 14 14 14 2 1 8192 1 64
1 0.0125 
0 
thk 1 1 9.99999984307e+17 -9.99999984307e+17 0 2 1 0 1 64
1 0 
0 
time_svfdate 2 2 8 0 0 2 1 0 1 64
1 "20091014T190511"
0 
time_run 2 2 8 0 0 2 1 0 1 64
1 "20091015T001522"
0 
time_plotted 2 2 8 0 0 3 1 0 1 64
1 ""
0 
time_exp 2 2 8 0 0 2 1 0 1 64
1 ""
0 
time_processed 2 2 8 0 0 3 1 0 1 64
1 "20091015T174930GMT"
0 
time_submitted 2 2 8 0 0 2 1 0 1 64
1 "20091014T190511"
0 
time_saved 2 2 8 0 0 2 1 0 1 64
1 "20140403T164957"
0 
time_submitted_local 2 2 8 0 0 2 1 0 1 64
1 "20091014T190511X07PMWedOct"
0 
tnref 2 2 8 0 0 4 1 1 1 64
1 ""
0 
tlt 1 1 1000000000 -1000000000 0 4 1 1 1 64
1 0 
0 
tin 2 2 1 0 0 2 1 2 1 64
1 "n"
3 "n" "w" "y" 
tn 2 2 4 0 0 2 1 8 1 64
1 "H1"
0 
tnshapes 2 2 8 0 0 2 1 256 1 64
3 ""
""
""
0 
tnsat 4 2 4 0 0 2 1 0 1 64
1 "y"
0 
tof 5 1 7 7 7 2 1 8202 1 64
1 -221.9 
0 
vo 1 1 500 -500 0 4 1 1 1 64
1 0 
0 
tsatpwr 1 1 17 17 17 2 1 8192 1 64
1 5 
0 
tpwrsf_i 1 1 9.99999984307e+17 -9.99999984307e+17 0 2 1 0 1 64
1 1665 
0 
tpwrmess 1 1 17 17 17 2 1 8192 1 64
1 55 
0 
tpwr_cf 1 1 9.99999984307e+17 -9.99999984307e+17 0 2 1 0 1 64
1 1 
0 
tpwr 1 1 63 -37 0.5 2 1 2 1 64
1 63 
0 
tpwrf 1 1 4095 0 1 2 1 2 0 64
1 4095 
0 
tpwrsf_d 1 1 9.99999984307e+17 -9.99999984307e+17 0 2 1 0 1 64
1 2311 
0 
tpwrsf_a 1 1 9.99999984307e+17 -9.99999984307e+17 0 2 1 0 1 64
1 2400 
0 
tpwrsl 1 1 9.99999984307e+17 -9.99999984307e+17 0 2 1 0 1 64
1 46 
0 
tpwrsf_t 1 1 9.99999984307e+17 -9.99999984307e+17 0 2 1 0 1 64
1 2238 
0 
tpwrsf_n 1 1 9.99999984307e+17 -9.99999984307e+17 0 2 1 0 1 64
1 1688 
0 
tpwrsf_u 1 1 9.99999984307e+17 -9.99999984307e+17 0 2 1 0 1 64
1 1567 
0 
trim 3 1 14 14 14 2 1 8192 1 64
1 0.0005 
0 
trace 2 2 2 0 0 4 1 3 1 64
1 "f1"
3 "f1" "f2" "f3" 
trise 1 1 9.99999984307e+17 -9.99999984307e+17 0 2 1 0 1 64
1 0.0001 
0 
vf 1 1 1000000000 0 0 4 1 3 1 64
1 8767318858.4 
0 
username 2 2 8 0 0 2 1 0 1 64
1 "guest"
0 
tunemethod 2 2 8 0 0 2 1 0 1 64
1 "lohi"
0 
userplotter 2 2 8 0 0 4 1 0 1 64
1 ""
0 
userprocess 2 2 8 0 0 2 1 0 1 64
1 "return"
0 
vjdialogarg 2 2 8 0 0 4 1 256 1 64
1 ""
0 
vjdialog 2 2 8 0 0 4 1 256 1 64
1 ""
0 
vp 7 1 500 -500 0.1 4 1 3 1 64
1 0 
0 
vox1 1 1 9.99999984307e+17 -9.99999984307e+17 0 2 1 0 1 64
1 0 
0 
volume 1 1 9.99999984307e+17 -9.99999984307e+17 0 2 1 0 1 64
1 0 
0 
volnv2 7 1 32767 0 0 2 1 0 1 64
1 0 
0 
vorient 2 2 8 0 0 2 1 0 1 64
1 "trans"
0 
vox2 1 1 9.99999984307e+17 -9.99999984307e+17 0 2 1 0 1 64
1 0 
0 
vox3 1 1 9.99999984307e+17 -9.99999984307e+17 0 2 1 0 1 64
1 0 
0 
vpsi 1 1 9.99999984307e+17 -9.99999984307e+17 0 2 1 0 1 64
1 0 
0 
vpfi 1 1 500 -500 0 4 1 0 1 64
1 0 
0 
vpf 1 1 500 -500 0 4 1 0 1 64
1 0 
0 
vphi 1 1 9.99999984307e+17 -9.99999984307e+17 0 2 1 0 1 64
1 0 
0 
vsproj 1 1 1000000000 1e-06 0 4 1 3 1 64
1 467.619799211 
0 
vs 1 1 1000000000 1e-06 0 4 1 3 1 64
1 186225.243866 
0 
vs2d 1 1 1000000000 1e-06 0 4 1 3 1 64
1 130.780609574 
0 
vtc 1 1 255 0 1 2 1 2 1 64
1 25 
0 
vtheta 1 1 9.99999984307e+17 -9.99999984307e+17 0 2 1 0 1 64
1 0 
0 
xdiag 1 1 1e+18 0 0 4 1 17 1 64
1 0 
0 
wp 1 1 5000000 0 0 4 1 11 1 64
1 12019.2307692 
0 
wds 2 2 8 0 0 3 1 0 1 64
1 ""
0 
wbs 2 2 6 0 0 3 1 3 1 64
1 ""
0 
waltzB1 1 1 9.99999984307e+17 -9.99999984307e+17 0 2 1 0 1 64
1 4797 
0 
water_flg 2 2 8 0 0 2 1 0 1 64
1 "y"
0 
wc2 1 1 4 4 4 4 1 8195 1 64
1 154.5 
0 
wc 1 1 2 2 2 4 1 8203 1 64
1 237.5 
0 
wdone 2 2 8 0 0 2 1 0 1 64
1 "acqdone"
0 
wf1 1 1 9.99999984307e+17 -9.99999984307e+17 0 4 1 0 1 64
1 0.19395944924 
0 
wexp 2 2 6 0 0 3 1 3 1 64
1 ""
0 
werr 2 2 6 0 0 3 1 3 1 64
1 "return"
0 
wf 1 1 8190 0 1e-07 4 1 3 1 64
1 0.0851968 
0 
wf2 1 1 9.99999984307e+17 -9.99999984307e+17 0 4 1 0 1 64
1 0.263333847657 
0 
wnt 2 2 6 0 0 3 1 3 1 64
1 ""
0 
wtfile 2 2 15 0 0 3 1 1 1 64
1 ""
0 
wrtp 2 2 8 0 0 3 1 0 1 64
1 ""
0 
wp2 1 1 9.99999984307e+17 -9.99999984307e+17 0 4 1 0 1 64
1 1944.3 
0 
wp1 1 1 100000 0 0 4 1 3 1 64
1 9713.37053896 
0 
wqinit 2 2 8 0 0 4 1 0 1 64
1 ""
0 
wstart 2 2 8 0 0 3 1 0 1 64
1 ""
0 
wshim 4 2 4 0 0 2 1 1 1 64
1 "n"
15 "e" "f" "g" "n" "s" "0" "1" "2" "3" "4" "5" "6" "7" "8" "9" 
x1 7 1 19 19 19 2 1 8192 1 64
1 -3557 
0 
wtfile2 2 2 8 0 0 3 1 1 1 64
1 ""
0 
wtfile1 2 2 15 0 0 3 2 1 1 64
1 ""
0 
wtune 4 2 4 0 0 2 1 0 1 64
1 "n"
11 "s" "t" "e" "i" "n" "o" "v" "1" "2" "3" "4" 
x3 7 1 19 19 19 2 1 8192 1 64
1 -3988 
0 
x2y2 7 1 19 19 19 2 1 8192 1 64
1 2915 
0 
x4 7 1 19 19 19 2 1 8192 1 64
1 0 
0 
z3xy 7 1 19 19 19 2 1 8192 1 64
1 0 
0 
z2xy 7 1 19 19 19 2 1 8192 1 64
1 2544 
0 
yz2 7 1 19 19 19 2 1 8192 1 64
1 -4552 
0 
y1 7 1 19 19 19 2 1 8192 1 64
1 817 
0 
xz 7 1 19 19 19 2 1 8192 1 64
1 -507 
0 
xy 7 1 19 19 19 2 1 8192 1 64
1 -1064 
0 
xz2 7 1 19 19 19 2 1 8192 1 64
1 3227 
0 
y4 7 1 19 19 19 2 1 8192 1 64
1 0 
0 
y3 7 1 19 19 19 2 1 8192 1 64
1 -5274 
0 
yz 7 1 19 19 19 2 1 8192 1 64
1 631 
0 
z2 7 1 19 19 19 2 1 8192 1 64
1 1322 
0 
z1 7 1 19 19 19 2 1 8192 1 64
1 9286 
0 
z1c 7 1 19 19 19 2 1 8192 1 64
1 -1044 
0 
z2x2y2 7 1 19 19 19 2 1 8192 1 64
1 546 
0 
z2c 7 1 19 19 19 2 1 8192 1 64
1 196 
0 
z2x3 7 1 19 19 19 2 1 8192 1 64
1 0 
0 
z3x 7 1 19 19 19 2 1 8192 1 64
1 -1646 
0 
z3 7 1 19 19 19 2 1 8192 1 64
1 -508 
0 
z2y3 7 1 19 19 19 2 1 8192 1 64
1 0 
0 
z3c 7 1 19 19 19 2 1 8192 1 64
1 0 
0 
z3x3 7 1 19 19 19 2 1 8192 1 64
1 0 
0 
z3x2y2 7 1 19 19 19 2 1 8192 1 64
1 0 
0 
z4y 7 1 19 19 19 2 1 8192 1 64
1 -802 
0 
z4c 7 1 19 19 19 2 1 8192 1 64
1 0 
0 
z3y3 7 1 19 19 19 2 1 8192 1 64
1 0 
0 
z3y 7 1 19 19 19 2 1 8192 1 64
1 -64 
0 
z4 7 1 19 19 19 2 1 8192 1 64
1 3981 
0 
z4x2y2 7 1 19 19 19 2 1 8192 1 64
1 0 
0 
z4x 7 1 19 19 19 2 1 8192 1 64
1 88 
0 
z4xy 7 1 19 19 19 2 1 8192 1 64
1 0 
0 
z8 7 1 19 19 19 2 1 8192 1 64
1 0 
0 
z6 7 1 19 19 19 2 1 8192 1 64
1 10042 
0 
z5x 7 1 19 19 19 2 1 8192 1 64
1 0 
0 
z5 7 1 19 19 19 2 1 8192 1 64
1 5959 
0 
z5y 7 1 19 19 19 2 1 8192 1 64
1 0 
0 
z7 7 1 19 19 19 2 1 8192 1 64
1 5546 
0 
zx2y2 7 1 19 19 19 2 1 8192 1 64
1 -1564 
0 
zoom 7 1 32767 0 0 4 1 0 1 64
1 0 
0 
zxy 7 1 19 19 19 2 1 8192 1 64
1 -3453 
0 
zx3 7 1 19 19 19 2 1 8192 1 64
1 -2108 
0 
zy3 7 1 19 19 19 2 1 8192 1 64
1 1290 
0 
