ACQtime 7 1 100000000 0 1 2 1 256 1 64
1 42 
0 
gf 1 1 100000 0 0 3 1 1 0 64
1 0.0007936 
0 
gf1 1 1 100000 0 0 3 1 1 0 64
1 2 
0 
lb 1 1 100000 -100000 0 3 1 1 0 64
1 -1602.82258065 
0 
lb1 1 1 100000 -100000 0 3 1 1 0 64
1 -0.636 
0 
sb 1 1 1000 -1000 0.001 3 1 0 1 64
1 -0.002 
0 
sb1 1 1 1000 -1000 0.001 3 1 1 1 64
1 -4 
0 
sb2 1 1 1000 -1000 0.001 3 1 1 1 64
1 -8 
0 
time_saved 2 2 8 0 0 4 1 0 1 64
1 "20130701T145031"
0 
wstart 2 2 8 0 0 3 1 0 1 64
1 "xmhaha_calib"
0 
wds 2 2 8 0 0 3 1 0 1 64
1 ""
0 
REQexp 2 2 8 0 0 4 1 256 1 64
1 ""
0 
