awc 1 1 10000 -10000 1e-06 3 1 1 0 64
1 0
0
awc1 1 1 10000 -10000 1e-06 3 1 1 0 64
1 0
0
awc2 1 1 10000 -10000 1e-06 3 1 1 0 64
1 0
0
fn 7 1 524288 64 -2 3 1 1 0 64
1 1024 
0 
fn1 7 1 524288 64 -2 3 1 1 1 64
1 128 
0 
fn2 7 1 524288 64 -2 3 1 1 1 64
1 128 
0 
fpmult 1 1 1000000000 0 0 3 1 0 0 64
1 1 
0 
gf 1 1 10000 -10000 1e-06 3 1 1 0 64
1 0.10000000149
0
gf1 1 1 10000 -10000 1e-06 3 1 1 0 64
1 1
0
gf2 1 1 100000 0 0 3 1 1 0 64
1 0
0
gfs 1 1 10000 -10000 1e-06 3 1 1 0 64
1 0
0
gfs1 1 1 10000 -10000 1e-06 3 1 1 0 64
1 0
0
gfs2 1 1 10000 -10000 0.001 3 1 1 0 64
1 0
0
lsfid 7 1 64000 -64000 1 3 1 0 0 64
1 0
0
lsfrq 1 1 9.99999984307e+17 -9.99999984307e+17 0 3 1 0 0 64
1 0
0
lsfrq1 1 1 9.99999984307e+17 -9.99999984307e+17 0 3 1 0 0 64
1 0
0
lsfrq2 1 1 9.99999984307e+17 -9.99999984307e+17 0 3 1 0 0 64
1 0
0
lb 1 1 10000 -10000 1e-06 3 1 1 1 64
1 4
0
lb1 1 1 10000 -10000 1e-06 3 1 1 0 64
1 49.3415548616
0
lb2 1 1 100000 -100000 0 3 1 1 0 64
1 0
0
lvl 1 1 1000000000 -1000000000 0 4 1 1 1 64
1 0
0
sb 1 1 10000 -10000 1e-06 3 1 1 0 64
1 0.00632786471397
0
sb1 1 1 10000 -10000 1e-06 3 1 1 0 64
1 -0.00848009437323
0
sb2 1 1 1000 -1000 0.001 3 1 1 0 64
1 0
0
sbs 1 1 10000 -10000 1e-06 3 1 1 0 64
1 0.00184796657413
0
sbs1 1 1 10000 -10000 1e-06 3 1 1 0 64
1 -0.00678407540545
0
sbs2 1 1 1000 -1000 0.001 3 1 1 0 64
1 0
0
tlt 1 1 1000000000 -1000000000 0 4 1 1 1 64
1 0
0
snv3 1 1 1000000 0 1 3 1 1 0 64
1 1 
0 
snv2 1 1 1000000 0 1 3 1 1 0 64
1 1 
0 
snv 1 1 1000000 0 1 3 1 1 0 64
1 1 
0 
cnv3 1 1 1000000 0 1 3 1 1 0 64
1 0 
0 
cnv2 1 1 1000000 0 1 3 1 1 0 64
1 8 
0 
cnv 1 1 1000000 0 1 3 1 1 0 64
1 8 
0 
dppe 1 1 1000000 -1000000 0 3 1 0 0 64
1 0.5 
0
dppe3 1 1 1000000 -1000000 0 3 1 0 0 64
1 0.5 
0 
dppe2 1 1 1000000 -1000000 0 3 1 0 0 64
1 0.5 
0 
fnv3 1 1 1000000 0 1 3 1 1 0 64
1 8 
0 
fnv2 1 1 1000000 0 1 3 1 1 0 64
1 8 
0 
fnv 1 1 1000000 0 1 3 1 1 0 64
1 8 
0 
reRecon 1 1 1000000 0 1 3 1 1 1 64
1 0 
0 
csiOrigFile 2 2 8 0 0 3 1 0 1 64
1 ""
0
no_points 1 1 1000000 0 1 3 1 1 1 64
1 200 
0 
no_skip 1 1 1000000 0 1 3 1 1 1 64
1 6 
0 
end_fid 1 1 1000000 0 1 3 1 1 1 64
1 20 
0 
d1rev 1 1 1000000 0 1 3 1 1 0 64
1 0
0 
d2rev 1 1 1000000 0 1 3 1 1 0 64
1 0
0 
d3rev 1 1 1000000 0 1 3 1 1 0 64
1 0
0 
blockph 1 1 1000000 0 1 3 1 1 0 64
1 0
0
bcmode 1 1 9.99999984307e+17 -9.99999984307e+17 0 3 1 0 0 64
4 -1 200 10000 8
0
cf 7 1 32767 0 1 3 1 1 1 64
1 1
0
cr 1 1 1000000000 -1000000000 0 4 1 1 1 64
1 -212.846616594
0
dmg 2 2 2 0 0 4 1 3 1 64
1 "av"
0
element 7 1 32767 0 0 3 1 0 1 64
1 1
0
ftproc 1 1 9.99999984307e+17 -9.99999984307e+17 0 3 1 256 1 64
2 1 0
0
ins 3 1 8190 0 1e-07 4 1 3 1 64
1 100
0
is 1 1 1000000000 1e-06 0 4 1 3 1 64
1 500
0
io 1 1 500 -500 0.1 4 1 1 1 64
1 20
0
lifrq 1 1 1000000000 -1000000000 0 4 1 0 0 64
1 0
0
liamp 1 1 1000000000 0 0 4 1 0 0 64
1 0
0
llfrq 1 1 1000000000 -1000000000 0 4 1 0 0 64
1 2128.40544872
0
llamp 1 1 1000000000 0 0 4 1 0 0 64
1 0
0
lp 1 1 1000000 -1000000 0 3 1 3 1 64
1 -21.5999908447
0
lllabel 2 2 8 0 0 3 1 0 1 64
1 ""
0
phfid 1 1 3600 -3600 0.1 3 1 0 0 64
1 0
0
proc 2 2 10 0 0 3 1 1 1 64
1 "ft"
3 "ft" "rft" "lp"
procdim 7 1 32767 0 0 3 1 0 1 64
1 1
0
proccmd 2 2 8 0 0 3 1 7 1 64
1 "wft"
0
reffrq 1 1 9.99999984307e+17 -9.99999984307e+17 0 4 1 0 1 64
1 499.7219728
0
refpos 1 1 9.99999984307e+17 -9.99999984307e+17 0 4 1 0 1 64
1 0
0
rfl 1 1 1000000000 -1000000000 0 4 1 1 1 64
1 2003.20504807
0
rfp 1 1 1000000000 -1000000000 0 4 1 1 1 64
1 1422.58248997
0
rp 1 1 3600 -3600 0.1 4 1 3 1 64
1 -51.3359803829
0
sp 1 1 5000000 -5000000 0 4 1 3 1 64
1 -572.797538068
0
vp 7 1 500 -500 0.1 4 1 3 1 64
1 30
0
vf 1 1 1000000000 0 0 4 1 3 1 64
1 592.653570372
0
wc 1 1 2 2 2 4 1 8203 1 64
1 250
0
vs 1 1 1000000000 1e-06 0 4 1 3 1 64
1 287.322813386
0
weight 1 1 9.9e+17 0 0.001 3 1 0 1 64
1 0
0
wf 1 1 8190 0 1e-07 4 1 3 1 64
1 0.1277952
0
wp 1 1 5000000 0 0 4 1 11 1 64
1 3998.58523638
0
wtfile 2 2 15 0 0 3 1 1 1 64
1 ""
0
axis 4 2 4 0 0 4 1 0 1 64
1 "p"
11 "c" "d" "1" "2" "3" "h" "k" "m" "n" "p" "u"
axisf 4 2 4 0 0 4 1 0 1 64
1 "s"
4 "m" "n" "s" "u"
downsamp 7 1 999 1 1 3 1 1 0 64
1 0
0
dscoef 7 1 49999 3 2 3 1 1 1 64
1 61
0
dslsfrq 1 1 9.99999984307e+17 -9.99999984307e+17 0 3 1 1 0 64
1 0
0
dsfb 1 1 9.99999984307e+17 -9.99999984307e+17 0 3 1 1 0 64
1 0
0
dslsfrq 1 1 9.99999984307e+17 -9.99999984307e+17 0 3 1 1 0 64
1 0
0
ssfilter 1 1 50000 10 0.1 3 1 0 0 64
1 100
0
ssntaps 7 1 2500 0 1 3 1 0 1 64
1 121
0
sslsfrq 1 1 9.99999984307e+17 -9.99999984307e+17 0 3 1 0 0 64
1 0
0
ssorder 7 1 20 1 1 3 1 0 0 64
1 7
0
dssp 1 1 9.99999984307e+17 -9.99999984307e+17 0 4 1 0 0 64
1 0.0 
0
dswp 1 1 9.99999984307e+17 -9.99999984307e+17 0 4 1 0 0 64
1 3000.0
0
bph0 1 1 9.99999984307e+17 -9.99999984307e+17 0 4 1 0 1 64
1 0.0
0
bph1 1 1 9.99999984307e+17 -9.99999984307e+17 0 4 1 0 1 64
1 0.0
0
dsSelect 1 1 1000000 0 1 3 1 0 1 64
1 1 
0 
