ACQtime 7 1 100000000 0 1 2 1 256 1 64
1 2281.881592 
0 
actionid 2 2 8 0 0 4 1 0 1 64
1 "n004"
0 
at 1 1 14 14 14 2 1 8203 1 64
1 4.5559808 
0 
d1 3 1 14 14 14 2 1 8194 1 64
1 30 
0 
fb 7 1 6 6 6 2 1 8203 0 64
1 4000 
0 
fn 7 1 524288 64 -2 3 1 1 0 64
1 65536 
0 
gain 1 1 60 0 2 2 1 0 1 64
1 26 
0 
np 7 1 524288 32 2 2 1 11 1 64
1 65536 
0 
obsSW 2 2 8 0 0 2 1 1 1 64
1 "setsw(10,-2)"
0 
oscoef 7 1 49999 3 2 2 1 1 1 64
1 52 
0 
oversamp 7 1 68 0 1 2 1 9 1 64
1 7 
0 
nt 7 1 1000000000 1 1 2 1 2 1 64
1 64 
0 
pw90 6 1 13 13 13 2 1 8194 1 64
1 5.1 
0 
pw 6 1 13 13 13 2 1 8194 1 64
1 5.1 
0 
rfl 1 1 1000000000 -1000000000 0 4 1 1 1 64
1 1198.21793567 
0 
satdly 3 1 14 14 14 2 1 8192 1 64
1 10 
0 
sfrq 1 1 1000000000 0 0 2 1 11 1 64
1 599.4891921 
0 
sw 1 1 5 5 5 2 1 8203 1 64
1 7192.30423447 
0 
time_saved 2 2 8 0 0 4 1 0 1 64
1 "20080530T110138"
0 
tof 5 1 7 7 7 2 1 8202 1 64
1 -599.5 
0 
wstart 2 2 8 0 0 3 1 0 1 64
1 "PRESATproc('wstart')"
0 
wds 2 2 8 0 0 3 1 0 1 64
1 ""
0 
REQexp 2 2 8 0 0 4 1 256 1 64
2 "PROTON"
"ignore"
0 
