ACQtime 7 1 100000000 0 1 2 1 256 1 64
1 3 
0 
aig 2 2 2 0 0 4 1 1 1 64
1 "nm"
2 "nm" "ai" 
at 1 1 14 14 14 2 1 8203 1 64
1 1.3 
0 
d1 3 1 14 14 14 2 1 8194 1 64
1 0.8 
0 
dss_wc 1 1 9.99999984307e+17 -9.99999984307e+17 0 4 1 0 1 64
1 234 
0 
dss_wc2 1 1 9.99999984307e+17 -9.99999984307e+17 0 4 1 0 1 64
1 159 
0 
gain 1 1 60 0 2 2 1 0 1 64
1 44 
0 
method 2 2 6 0 0 2 1 3 1 64
1 "autolineshape_fid_fast"
0 
np 7 1 524288 32 2 2 1 11 1 64
1 2600 
0 
nt 7 1 1000000000 1 1 2 1 2 1 64
1 1 
0 
pw 6 1 13 13 13 2 1 8194 1 64
1 8.9 
0 
sc 1 1 1 1 1 4 1 8195 1 64
1 8 
0 
sc2 1 1 3 3 3 4 1 8195 1 64
1 0 
0 
spin 1 1 39 0 1 2 1 0 1 64
1 0 
0 
sw 1 1 5 5 5 2 1 8203 1 64
1 1000 
0 
time_saved 2 2 8 0 0 4 1 0 1 64
1 "20130508T102418"
0 
tof 5 1 7 7 7 2 1 8202 1 64
1 1311.72943434 
0 
tpwr 1 1 17 17 17 2 1 8194 1 64
1 28 
0 
vf 1 1 1000000000 0 0 4 1 3 1 64
1 77 
0 
wc 1 1 2 2 2 4 1 8203 1 64
1 234 
0 
wc2 1 1 4 4 4 4 1 8195 1 64
1 159 
0 
wf 1 1 8190 0 1e-07 4 1 3 1 64
1 1.3 
0 
obsSW 2 2 8 0 0 2 1 1 1 64
1 "setsw(9.5,7)"
0 
fn 7 1 524288 64 -2 3 1 1 1 64
1 32768 
0 
REQexp 2 2 8 0 0 4 1 256 1 64
1 ""
0 
