shimset 24       MaxDAC 32767    nshims 27

Shim    DAClimit        MaxI    CoilR	mapstep
Z1	32767		0.1	6.0	500
Z2	32767		0.2	11.0	500	
Z3	32767		0.2	14.0	2000
Z4	32767		0.2	33.0	3000
Z5	32767		0.3	18.0	4000
Z6	32767		0.3	23.0	5000
X1	32767		1	3.2	1000	
Y1	32767		1	3.2	1000	
XZ	32767		1	2.0	1400	
YZ	32767		1	2.0	1400	
XY	32767		1	2.3	5500
X2Y2	32767		1	2.3	5500
X3	32767		1	2.7	4000
Y3	32767		1	2.7	4000
XZ2	32767		1	3.1	1100
YZ2	32767		1	3.1	1100
ZXY	32767		1	5.3	1500
ZX2Y2	32767		1	5.3	1500
Z3X	32767		1	3.0	6000
Z3Y	32767		1	3.0	6000
Z2X2Y2	32767		1	2.5	6000
Z2XY	32767		1	2.5	6000
ZX3	32767		1	2.6	1600
ZY3	32767		1	2.6	1600
Z4X	32767		1	0.8	15000
Z4Y	32767		1	0.8	15000	
							
