shimset 23	MaxDAC 32767	nshims 27

Shim	DAClimit	MaxI	CoilR	mapstep
Z1	32767		0.1	6.0	500	
Z2	32767		0.2	10.0	500	
Z3	32767		0.2	14.0	2000	
Z4	32767		0.2	32.0	3000	
Z5	32767		0.3	18.0	4000	
Z6	32767		0.3	22	5000	
Z7	32767		0.3	35	4000	
X1	32767		1	0.5	1500	
Y1	32767		1	0.5	1500		
XZ	32767		1	0.5	2000	
YZ	32767		1	0.5	2000
XY	32767		1	1.3	7000
X2Y2	32767		1	1.3	7000
X3	32767		1	1.8	4000	
Y3	32767		1	1.8	4000
XZ2	32767		1	2.5	1500
YZ2	32767		1	2.5	1500
ZXY	32767		1	1.3	2000	
ZX2Y2	32767		1	1.3	1500
Z3X	32767		1	1.4	5000	
Z3Y	32767		1	1.4	5000
Z2X2Y2	32767		1	1.6	7000	
Z2XY	32767		1	1.6	7000	
ZX3	32767		1	1.8	2000
ZY3	32767		1	1.8	2000
Z4X	32767		1	1.0	16000
Z4Y	32767		1	1.0	16000

