shimset 3	MaxDAC 32767	nshims 22

shim		DAClimit	MaxI 	CoilR	mapstep
Z1		32767		0.1	2.9	500
Z2		32767		0.2	21.6	500
Z3		32767		0.2	10.8	2000
Z4		32767		0.2	30	3000
Z5		32767		0.2	8.4	4000
Z6		32767		0.2	5.1	5000
X1		32767		1	1.5	1500
Y1		32767		1	1.5	1500
XZ		32767		1	3	2000
YZ		32767		1	3	2000
XY		32767		1	1.4	7000
X2Y2		32767		1	1.4	7000
X3		32767		1	1.5	4000
Y3		32767		1	1.5	4000
XZ2		32767		1	2.3	1500
YZ2		32767		1	2.3	1500
ZXY		32767		1	1.2	2000
ZX2Y2		32767		1	1.2	1500
Z3X		32767		1	2	5000
Z3Y		32767		1	2	5000
Z2X2Y2		32767		1	1	7000
Z2XY		32767		1	1	7000
