shimset 22	MaxDAC 32767	nshims 27

Shim	DAClimit	MaxI	CoilR	mapstep
Z1	32767		0.1	2.4	500	
Z2	32767		0.2	23	500	
Z3	32767		0.2	11	2000	
Z4	32767		0.2	44	3000	
Z5	32767		0.3	25	4000	
Z6	32767		0.3	1	5000	
Z7	32767		0.3	30	4000	
X1	32767		1	1.5	1500	
Y1	32767		1	1.5	1500		
XZ	32767		1	3.2	2000	
YZ	32767		1	3.2	2000	
XY	32767		1	1.3	7000	
X2Y2	32767		1	1.3	7000	
X3	32767		1	3.5	4000	
Y3	32767		1	3.5	4000	
XZ2	32767		1	2.6	1500	
YZ2	32767		1	2.6	1500	
ZXY	32767		1	1.7	2000	
ZX2Y2	32767		1	1.7	1500	
Z3X	32767		1	2	5000	
Z3Y	32767		1	2	5000	
Z2X2Y2	32767		1	3.4	7000	
Z2XY	32767		1	3.4	7000	
ZX3	32767		1	2.7	2000
ZY3	32767		1	2.7	2000	
Z4X	32767		1	0.7	16000	
Z4Y	32767		1	0.7	16000	

