shimset 7      MaxDAC 32767    nshims 20

Shim    DAClimit        MaxI    CoilR	mapstep
Z1	32767		0.1	5.6	500
Z2	32767		0.2	10.1	500	
Z3	32767		0.2	13.9	2000
Z4	32767		0.2	32.8	3000
Z5	32767		0.3	16.5	4000
Z6	32767		0.3	22.2	5000
X1	32767		1	4.2	1500	
Y1	32767		1	4.2	1500	
XZ	32767		1	2.5	2000	
YZ	32767		1	2.6	2000	
XY	32767		1	1.6	7000
X2Y2	32767		1	1.6	7000
X3	32767		1	3.7	4000
Y3	32767		1	3.7	4000
XZ2	32767		1	2.9	1500
YZ2	32767		1	2.9	1500
ZXY	32767		1	3.4	2000
ZX2Y2	32767		1	3.3	1500
Z3X	32767		1	3.3	5000
Z3Y	32767		1	3.4	5000
							
