shimset 9	MaxDAC 32767	nshims 39

shim		DAClimit	MaxI 	CoilR	mapstep
Z1		32767		0.1	2.4	500
Z2		32767		0.2	23	500
Z3		32767		0.2	11	2000
Z4		32767		0.2	44	3000
Z5		32767		0.2	25	4000
Z6		32767		0.2	6	5000
Z7		32767		0.2	30	4000
X1		32767		1	0.9	1500
Y1		32767		1	0.9	1500
XZ		32767		1	1.4	2000
YZ		32767		1	1.4	2000
XY		32767		1	0.5	7000
X2Y2		32767		1	0.5	7000
X3		32767		1	2.4	4000
Y3		32767		1	2.4	4000
XZ2		32767		1	2.3	1500
YZ2		32767		1	2.3	1500
ZXY		32767		1	2.1	2000
ZX2Y2		32767		1	2.1	1500
Z3X		32767		1	2.7	5000
Z3Y		32767		1	2.7	5000
Z2X2Y2		32767		1	3.5	7000
Z2XY		32767		1	3.5	7000
ZX3		32767		1	0.8	2000
ZY3		32767		1	0.8	2000
X4		32767		1	0.7	16000
Y4		32767		1	0.7	16000
Z4X		32767		1	3.0	16000
Z4Y		32767		1	3.0	16000	
Z3X2Y2		32767		1	0.9	16000
Z3XY		32767		1	0.9	16000
Z2X3		32767		1	1.4	16000
Z2Y3		32767		1	1.4	16000
Z3X3		32767		1	2.9	16000
Z3Y3		32767		1	2.9	16000
Z4X2Y2		32767		1	4.4	16000
Z4XY		32767		1	4.4	16000
Z5X		32767		1	3.3	16000
Z5Y		32767		1	3.3	16000
