shimset 12      MaxDAC 32767    nshims 25

Shim    DAClimit        MaxI    CoilR	mapstep
Z1	32767		0.1	5.6	500
Z2	32767		0.2	10.1	500
Z3	32767		0.2	13.9	2000
Z4	32767		0.2	32.8	3000
Z5	32767		0.3	16.5	4000
X1	32767		1	4.2	1500
Y1	32767		1	4.2	1500
XZ	32767		1	2.5	3000
YZ	32767		1	2.6	3000
XY	32767		1	1.6	10000
X2Y2	32767		1	1.6	10000
X3	32767		1	3.7	16000
Y3	32767		1	3.7	16000
XZ2	32767		1	2.9	3000
YZ2	32767		1	2.9	3000
ZXY	32767		1	3.4	10000
ZX2Y2	32767		1	3.3	8000
Z3X	32767		1	3.3	5000
Z3Y	32767		1	3.4	5000
Z2X2Y2	32767		1	2.4	10000
Z2XY	32767		1	2.5	10000
ZX3	32767		1	2.6	16000
ZY3	32767		1	2.6	16000
X4	32767		1	0.9	16000
Y4	32767		1	0.9	16000	
							
