shimset 14	MaxDAC 32767	nshims 34

shim		DAClimit	MaxI 	CoilR	mapstep
Z1		32767		0.1	2.4	500	
Z2		32767		0.2	23	500	
Z3		32767		0.2	11	2000	
Z4		32767		0.2	44	3000	
Z5		32767		0.2	25	4000	
Z6		32767		0.2	6	5000	
X1		32767		1	2	1500	
Y1		32767		1	2	1500	
XZ		32767		1	2.9	2000	
YZ		32767		1	2.9	2000	
XY		32767		1	0.9	7000	
X2Y2		32767		1	0.9	7000	
XZ2		32767		1	3.1	4000	
YZ2		32767		1	3.1	4000	
ZXY		32767		1	2	1500	
ZX2Y2		32767		1	2	1500	
X3		32767		1	3	2000
Y3		32767		1	3	1500	
Z3X		32767		1	1.3	1500	
Z3Y		32767		1	1.3	2000	
Z2XY		32767		1	4.4	1500	
Z2X2Y2		32767		1	4.4	5000	
ZX3		32767		1	1	5000	
ZY3		32767		1	1	7000	
Z4X		32767		1	1.9	7000	
Z4Y		32767		1	1.9	2000	
Z3XY		32767		1	1.2	2000
Z3X2Y2		32767		1	1.2	16000	
Z5X		32767		1	2.5	16000	
Z5Y		32767		1	2.5	16000	
Z4XY		32767		1	2.6	16000	
Z4X2Y2		32767		1	2.6	16000	
X4		32767		1	3.3	16000	
Y4		32767		1	3.3	16000	
