at_H2pw90 1 1 9.99999984307e+17 -9.99999984307e+17 0 2 1 0 1 64
1 0 
0 
at_H2pw90_ch5 1 1 9.99999984307e+17 -9.99999984307e+17 0 2 1 0 1 64
1 0 
0 
at_H2pw90_ch4 1 1 9.99999984307e+17 -9.99999984307e+17 0 2 1 0 1 64
1 0 
0 
at_H2pw90_ch3 1 1 9.99999984307e+17 -9.99999984307e+17 0 2 1 0 1 64
1 0 
0 
at_H2tof 1 1 9.99999984307e+17 -9.99999984307e+17 0 2 1 0 1 64
1 0 
0 
at_H2tpwr_ch3 1 1 9.99999984307e+17 -9.99999984307e+17 0 2 1 0 1 64
1 0 
0 
at_H2tpwr 1 1 9.99999984307e+17 -9.99999984307e+17 0 2 1 0 1 64
1 0 
0 
at_H2tpwr_ch5 1 1 9.99999984307e+17 -9.99999984307e+17 0 2 1 0 1 64
1 0 
0 
at_H2tpwr_lkdec 1 1 9.99999984307e+17 -9.99999984307e+17 0 2 1 0 1 64
1 0 
0 
at_H2tpwr_ch4 1 1 9.99999984307e+17 -9.99999984307e+17 0 2 1 0 1 64
1 0 
0 
at_H2pw90_lkdec 1 1 9.99999984307e+17 -9.99999984307e+17 0 2 1 0 1 64
1 0 
0 
at_LBampl_compr_10usec_c 1 1 9.99999984307e+17 -9.99999984307e+17 0 2 1 0 1 64
1 0 
0 
at_LBampl_comprc 1 1 9.99999984307e+17 -9.99999984307e+17 0 2 1 0 1 64
1 0 
0 
at_LBampl_compr_ch3 1 1 9.99999984307e+17 -9.99999984307e+17 0 2 1 0 1 64
1 0 
0 
at_LBampl_comprf_15usec_c 1 1 9.99999984307e+17 -9.99999984307e+17 0 2 1 0 1 64
1 0 
0 
at_LBampl_comprf_10usec_c 1 1 9.99999984307e+17 -9.99999984307e+17 0 2 1 0 1 64
1 0 
0 
at_ampl_compr 1 1 9.99999984307e+17 -9.99999984307e+17 0 2 1 0 1 64
1 0.95 
0 
at_T1 1 1 9.99999984307e+17 -9.99999984307e+17 0 2 1 0 1 64
1 0.075 
0 
at_LBampl_comprc_ch3 1 1 9.99999984307e+17 -9.99999984307e+17 0 2 1 0 1 64
1 0 
0 
at_coilsize 1 1 9.99999984307e+17 -9.99999984307e+17 0 2 1 0 1 64
1 20 
0 
at_consoletype 2 2 8 0 0 2 1 0 1 64
1 "vnmrs"
0 
gradientshaping 4 2 4 0 0 2 1 0 1 64
1 "n"
0 
autotestdir 2 2 8 0 0 2 1 0 1 64
1 ""
0 
at_cur_lowlimit 1 1 9.99999984307e+17 -9.99999984307e+17 0 2 1 0 1 64
1 0 
0 
at_cur_dataset 1 1 9.99999984307e+17 -9.99999984307e+17 0 2 1 0 1 64
1 0 
0 
at_consolesn 2 2 8 0 0 2 1 0 1 64
1 "1234"
0 
at_c13tests 2 2 8 0 0 2 1 0 1 64
1 "n"
0 
at_LBampl_compr 1 1 9.99999984307e+17 -9.99999984307e+17 0 2 1 0 1 64
1 1 
0 
at_cur_result 1 1 9.99999984307e+17 -9.99999984307e+17 0 2 1 0 1 64
1 0 
0 
at_cur_smacro 2 2 8 0 0 2 1 0 1 64
1 "AT02"
0 
at_cur_uplimit 1 1 9.99999984307e+17 -9.99999984307e+17 0 2 1 0 1 64
1 0 
0 
at_datadir 2 2 8 0 0 2 1 0 1 64
1 "/home/IPuser/vnmrsys/autotest/data"
0 
at_dpwrf_15usec_c 1 1 9.99999984307e+17 -9.99999984307e+17 0 2 1 0 1 64
1 0 
0 
at_dpwrf_10usec_c 1 1 9.99999984307e+17 -9.99999984307e+17 0 2 1 0 1 64
1 0 
0 
at_decHeating 1 1 9.99999984307e+17 -9.99999984307e+17 0 2 1 0 1 64
1 0 
0 
at_cycletest 2 2 8 0 0 2 1 0 1 64
1 "n"
0 
at_fsq 2 2 8 0 0 2 1 0 1 64
1 ""
0 
at_gmap 2 2 8 0 0 2 1 0 1 64
1 ""
0 
at_gradtests 2 2 8 0 0 2 1 0 1 64
1 "n"
0 
at_gain 1 1 9.99999984307e+17 -9.99999984307e+17 0 2 1 0 1 64
1 20 
0 
at_gxcal 1 1 9.99999984307e+17 -9.99999984307e+17 0 2 1 0 1 64
1 0 
0 
at_gzcal 1 1 9.99999984307e+17 -9.99999984307e+17 0 2 1 0 1 64
1 0.0018 
0 
at_gycal 1 1 9.99999984307e+17 -9.99999984307e+17 0 2 1 0 1 64
1 0 
0 
at_lockpower 1 1 9.99999984307e+17 -9.99999984307e+17 0 2 1 0 1 64
1 36 
0 
at_linewidth 1 1 9.99999984307e+17 -9.99999984307e+17 0 2 1 0 1 64
1 5.7 
0 
at_graphhist 2 2 8 0 0 2 1 0 1 64
1 "n"
0 
at_dsp 2 2 8 0 0 2 1 0 1 64
1 "n"
0 
at_max_dpwr 1 1 9.99999984307e+17 -9.99999984307e+17 0 2 1 0 1 64
1 36 
0 
at_max_dpwr3 1 1 9.99999984307e+17 -9.99999984307e+17 0 2 1 0 1 64
1 0 
0 
at_max_pwx2lvl 1 1 9.99999984307e+17 -9.99999984307e+17 0 2 1 0 1 64
1 0 
0 
at_max_dpwr2 1 1 9.99999984307e+17 -9.99999984307e+17 0 2 1 0 1 64
1 0 
0 
at_n15LBampl_compr 1 1 9.99999984307e+17 -9.99999984307e+17 0 2 1 0 1 64
1 1 
0 
at_max_pwxlvl 1 1 9.99999984307e+17 -9.99999984307e+17 0 2 1 0 1 64
1 58 
0 
at_max_pwx3lvl 1 1 9.99999984307e+17 -9.99999984307e+17 0 2 1 0 1 64
1 0 
0 
at_n15pwx90Lowpower 1 1 9.99999984307e+17 -9.99999984307e+17 0 2 1 0 1 64
1 0 
0 
at_n15pwx90 1 1 9.99999984307e+17 -9.99999984307e+17 0 2 1 0 1 64
1 0 
0 
at_n15pwx90Lowpowerlvl 1 1 9.99999984307e+17 -9.99999984307e+17 0 2 1 0 1 64
1 0 
0 
at_n15pwx90Lowpowerlvla 1 1 9.99999984307e+17 -9.99999984307e+17 0 2 1 0 1 64
1 0 
0 
at_n15pwx90lvl 1 1 9.99999984307e+17 -9.99999984307e+17 0 2 1 0 1 64
1 0 
0 
at_n15pwx90lvla 1 1 9.99999984307e+17 -9.99999984307e+17 0 2 1 0 1 64
1 0 
0 
at_n15pwx90a 1 1 9.99999984307e+17 -9.99999984307e+17 0 2 1 0 1 64
1 0 
0 
at_n15pwx90Lowpowera 1 1 9.99999984307e+17 -9.99999984307e+17 0 2 1 0 1 64
1 0 
0 
at_n15LBampl_compra 1 1 9.99999984307e+17 -9.99999984307e+17 0 2 1 0 1 64
1 1 
0 
at_locktests 2 2 8 0 0 2 1 0 1 64
1 "n"
0 
at_new 4 2 4 0 0 2 1 0 1 64
1 "y"
0 
at_plot_to_file 2 2 8 0 0 2 1 0 1 64
1 "y"
0 
at_pfgon 2 2 8 0 0 2 1 0 1 64
1 "nny"
0 
at_probeConnect 2 2 8 0 0 2 1 0 1 64
1 ""
0 
at_printparams 2 2 8 0 0 2 1 0 1 64
1 "n"
0 
at_plotauto 2 2 8 0 0 2 1 0 1 64
1 "n"
0 
at_pw90 1 1 9.99999984307e+17 -9.99999984307e+17 0 2 1 0 1 64
1 7 
0 
at_pw90_ch2 1 1 9.99999984307e+17 -9.99999984307e+17 0 2 1 0 1 64
1 0 
0 
at_pw90Lowpower 1 1 9.99999984307e+17 -9.99999984307e+17 0 2 1 0 1 64
1 26.7 
0 
at_pw90_salt100mM 1 1 9.99999984307e+17 -9.99999984307e+17 0 2 1 0 1 64
1 0 
0 
at_pw90_estimate 1 1 9.99999984307e+17 -9.99999984307e+17 0 2 1 0 1 64
1 7 
0 
at_probetype 2 2 8 0 0 2 1 0 1 64
1 "pjb"
0 
at_pwsave 1 1 9.99999984307e+17 -9.99999984307e+17 0 2 1 0 1 64
1 0 
0 
at_pwx90 1 1 9.99999984307e+17 -9.99999984307e+17 0 2 1 0 1 64
1 0 
0 
at_pwx90Lowpower_10usec_c 1 1 9.99999984307e+17 -9.99999984307e+17 0 2 1 0 1 64
1 0 
0 
at_pwx90Lowpower_ch3 1 1 9.99999984307e+17 -9.99999984307e+17 0 2 1 0 1 64
1 0 
0 
at_pwx90Lowpowerc_ch3 1 1 9.99999984307e+17 -9.99999984307e+17 0 2 1 0 1 64
1 0 
0 
at_pwx90Lowpowerc 1 1 9.99999984307e+17 -9.99999984307e+17 0 2 1 0 1 64
1 0 
0 
at_pwx90Lowpower 1 1 9.99999984307e+17 -9.99999984307e+17 0 2 1 0 1 64
1 0 
0 
at_pw90_salt250mM 1 1 9.99999984307e+17 -9.99999984307e+17 0 2 1 0 1 64
1 0 
0 
at_pwx90Lowpowerlvl_10usec_c 1 1 9.99999984307e+17 -9.99999984307e+17 0 2 1 0 1 64
1 0 
0 
at_pwx90Lowpowerlvl_ch3 1 1 9.99999984307e+17 -9.99999984307e+17 0 2 1 0 1 64
1 0 
0 
at_pwx90_10usec_c 1 1 9.99999984307e+17 -9.99999984307e+17 0 2 1 0 1 64
1 0 
0 
at_pwx90Lowpowerlvlc_ch3 1 1 9.99999984307e+17 -9.99999984307e+17 0 2 1 0 1 64
1 0 
0 
at_pwx90Lowpowerlvlc 1 1 9.99999984307e+17 -9.99999984307e+17 0 2 1 0 1 64
1 0 
0 
at_pwx90c_ch3 1 1 9.99999984307e+17 -9.99999984307e+17 0 2 1 0 1 64
1 0 
0 
at_pwx90c 1 1 9.99999984307e+17 -9.99999984307e+17 0 2 1 0 1 64
1 0 
0 
at_pwx90_ch3 1 1 9.99999984307e+17 -9.99999984307e+17 0 2 1 0 1 64
1 0 
0 
at_pwx90lvl_10usec_c 1 1 9.99999984307e+17 -9.99999984307e+17 0 2 1 0 1 64
1 0 
0 
at_pwx90lvl_ch3 1 1 9.99999984307e+17 -9.99999984307e+17 0 2 1 0 1 64
1 0 
0 
at_pwx90lvlc_ch3 1 1 9.99999984307e+17 -9.99999984307e+17 0 2 1 0 1 64
1 0 
0 
at_reg_avrg 1 1 9.99999984307e+17 -9.99999984307e+17 0 2 1 0 1 64
1 0 
0 
at_pwx90lvlc 1 1 9.99999984307e+17 -9.99999984307e+17 0 2 1 0 1 64
1 0 
0 
at_sysgcoil 2 2 8 0 0 2 1 0 1 64
1 ""
0 
at_tempcontrol 1 1 9.99999984307e+17 -9.99999984307e+17 0 2 1 0 1 64
1 0 
0 
at_tof 1 1 9.99999984307e+17 -9.99999984307e+17 0 2 1 0 1 64
1 -141.6 
0 
at_temp 1 1 9.99999984307e+17 -9.99999984307e+17 0 2 1 0 1 64
1 25 
0 
at_tpwrLowpower 1 1 9.99999984307e+17 -9.99999984307e+17 0 2 1 0 1 64
1 49.5 
0 
at_vttest 2 2 8 0 0 2 1 0 1 64
1 "n"
0 
at_wntproc 2 2 8 0 0 2 1 0 1 64
1 "n"
0 
at_vttype 1 1 9.99999984307e+17 -9.99999984307e+17 0 2 1 0 1 64
1 2 
0 
at_user 2 2 8 0 0 2 1 0 1 64
1 "Paul_Bowyer_Agilent"
0 
at_tpwr 1 1 9.99999984307e+17 -9.99999984307e+17 0 2 1 0 1 64
1 61.5 
0 
at_reg_stdev 1 1 9.99999984307e+17 -9.99999984307e+17 0 2 1 0 1 64
1 0 
0 
at_pwx90lvl 1 1 9.99999984307e+17 -9.99999984307e+17 0 2 1 0 1 64
1 0 
0 
at_pwx90Lowpowerlvl 1 1 9.99999984307e+17 -9.99999984307e+17 0 2 1 0 1 64
1 0 
0 
at_n15tests 2 2 8 0 0 2 1 0 1 64
1 ""
0 
at_cur_pmacro 2 2 8 0 0 2 1 0 1 64
1 ""
0 
